-1.497219968587160110e-02
-8.028120547533035278e-02
-9.261358529329299927e-02
-1.382285952568054199e-01
-1.791727393865585327e-01
-1.722758263349533081e-01
-1.844409108161926270e-01
-1.889268755912780762e-01
-1.750399768352508545e-01
-1.463771313428878784e-01
-1.249417737126350403e-01
-9.610376507043838501e-02
-7.349917292594909668e-02
-1.081994622945785522e-01
-7.953009754419326782e-02
-3.281078999862074852e-03
-4.280441626906394958e-02
-1.348757557570934296e-02
7.647038251161575317e-02
2.257927507162094116e-02
1.388527452945709229e-02
5.663068592548370361e-02
2.553967759013175964e-02
8.780782669782638550e-02
1.355543732643127441e-01
4.384839907288551331e-02
3.130524978041648865e-02
7.513424754142761230e-02
4.743001237511634827e-02
5.585842579603195190e-02
7.758001238107681274e-02
3.967174142599105835e-02
2.193197421729564667e-02
4.062252491712570190e-02
3.514129295945167542e-02
1.466217730194330215e-02
2.594375424087047577e-02
3.706296533346176147e-02
4.814541433006525040e-03
1.539685908937826753e-04
2.391694113612174988e-02
-1.225634384900331497e-02
-3.805445507168769836e-02
-2.137543633580207825e-03
-3.419663012027740479e-02
-5.048789083957672119e-02
5.089375376701354980e-02
6.191302463412284851e-02
5.210708361119031906e-03
2.304778620600700378e-02
-5.563965532928705215e-03
-5.554350465536117554e-02
-6.332635134458541870e-02
-9.488596022129058838e-02
-9.807436913251876831e-02
-7.871466130018234253e-02
-9.523992240428924561e-02
-1.209920793771743774e-01
-1.183078140020370483e-01
-8.106849342584609985e-02
-1.287409365177154541e-01
6.080231815576553345e-02
7.327483296394348145e-01
8.213312029838562012e-01
4.871590435504913330e-02
-3.147859275341033936e-01
-1.711380779743194580e-01
-8.903180807828903198e-02
-3.366518020629882812e-02
-1.242961883544921875e-01
-2.049312591552734375e-01
-4.791211709380149841e-02
5.751856602728366852e-03
-7.331047952175140381e-02
-1.136510744690895081e-01
-1.459424048662185669e-01
-6.371433287858963013e-02
2.148292399942874908e-02
-4.675642028450965881e-02
-1.170341446995735168e-01
-1.091386452317237854e-01
-1.756926253437995911e-02
5.821597948670387268e-02
-2.811158308759331703e-03
-2.571230567991733551e-02
6.082284450531005859e-02
7.103278487920761108e-02
6.139786913990974426e-02
1.440243422985076904e-01
1.865197718143463135e-01
1.626094877719879150e-01
1.758741289377212524e-01
1.558081656694412231e-01
7.073368877172470093e-02
5.399827286601066589e-02
6.105408817529678345e-02
2.280961722135543823e-03
-3.885260596871376038e-02
-4.325915873050689697e-02
-5.558937788009643555e-02
-6.315817683935165405e-02
-3.193934261798858643e-02
-2.340266667306423187e-02
-8.442235738039016724e-02
-7.805290073156356812e-02
-2.635952830314636230e-02
-6.525365263223648071e-02
-6.537429243326187134e-02
-1.448569446802139282e-02
-5.394120886921882629e-02
-5.597384646534919739e-02
1.652350276708602905e-02
-1.220323331654071808e-02
-5.212054401636123657e-02
2.699938602745532990e-02
3.334819152951240540e-02
-5.544781312346458435e-02
-1.540863048285245895e-02
3.754910454154014587e-02
3.948571160435676575e-03
2.757942490279674530e-02
1.479073613882064819e-02
-3.140326961874961853e-02
2.817486040294170380e-02
3.185788169503211975e-02
-3.453756123781204224e-02
-1.634789165109395981e-03
3.793980553746223450e-02
1.347229722887277603e-02
-1.229317300021648407e-02
-3.879176452755928040e-02
-2.723975852131843567e-02
1.644611358642578125e-02
9.219550527632236481e-03
-1.959770917892456055e-02
-6.726704072207212448e-03
3.833238407969474792e-02
5.271173641085624695e-02
2.812468819320201874e-02
5.663297325372695923e-02
7.559116929769515991e-02
5.893047433346509933e-03
-1.374792028218507767e-02
-3.399968612939119339e-03
-5.665240064263343811e-02
-6.802424043416976929e-02
-7.387860864400863647e-02
-1.000082269310951233e-01
-5.933855101466178894e-02
-7.791578769683837891e-02
-1.197454482316970825e-01
-1.039309650659561157e-01
-8.602822199463844299e-03
5.054975152015686035e-01
8.951666355133056641e-01
3.262719810009002686e-01
-2.917093336582183838e-01
-2.134155631065368652e-01
-8.580742031335830688e-02
-1.009960472583770752e-01
-7.969553023576736450e-02
-1.101426556706428528e-01
-1.009177044034004211e-01
-4.569070041179656982e-02
-8.300889283418655396e-02
-1.115581542253494263e-01
-7.774741947650909424e-02
-7.881430536508560181e-02
-7.329383492469787598e-02
-5.659769847989082336e-02
-7.554909586906433105e-02
-5.350068211555480957e-02
-3.180434554815292358e-02
-5.009957030415534973e-02
-1.788892038166522980e-02
-1.107231155037879944e-02
-3.302377089858055115e-02
3.610207512974739075e-02
9.681027382612228394e-02
1.072354838252067566e-01
1.472057849168777466e-01
1.867997050285339355e-01
1.922861635684967041e-01
1.468449980020523071e-01
7.409765571355819702e-02
4.172048717737197876e-02
2.176762185990810394e-02
-1.248733792454004288e-02
-2.169230021536350250e-02
-2.040563523769378662e-02
-4.124223813414573669e-02
-6.748259067535400391e-02
-4.844452068209648132e-02
-1.998323947191238403e-02
-4.791175946593284607e-02
-5.458550155162811279e-02
-3.481968119740486145e-02
-3.268129751086235046e-02
-1.357578020542860031e-02
-2.024532109498977661e-02
-2.785710245370864868e-02
-5.105277057737112045e-03
-1.764265075325965881e-02
-3.045172244310379028e-02
-1.963121257722377777e-02
-1.205146079882979393e-03
1.425784360617399216e-02
5.537483375519514084e-04
-1.995039638131856918e-03
7.352862157858908176e-04
-2.034823223948478699e-02
-1.244468428194522858e-02
2.270568348467350006e-02
2.177570760250091553e-02
-8.624054491519927979e-03
-6.103004328906536102e-03
1.025212928652763367e-02
3.911716863512992859e-03
-1.736765541136264801e-02
-4.438223689794540405e-02
-9.205932728946208954e-03
4.732768610119819641e-02
2.093927934765815735e-02
-1.381151098757982254e-02
-1.765934936702251434e-02
-1.262052636593580246e-02
1.771321520209312439e-02
2.778694033622741699e-02
4.699213430285453796e-02
8.802890777587890625e-02
6.197777017951011658e-02
1.687153428792953491e-02
-1.348331477493047714e-02
-5.541752278804779053e-02
-3.930731862783432007e-02
-8.487802930176258087e-03
-6.659202277660369873e-02
-9.819436818361282349e-02
-6.210848316550254822e-02
-1.041285470128059387e-01
-1.097297817468643188e-01
-7.755812257528305054e-02
-6.209619715809822083e-02
4.385235309600830078e-01
9.597900509834289551e-01
4.225801825523376465e-01
-2.825289964675903320e-01
-2.076082229614257812e-01
-8.691648393869400024e-02
-1.434185504913330078e-01
-9.573682397603988647e-02
-1.003684252500534058e-01
-1.277430951595306396e-01
-1.038893014192581177e-01
-9.414196014404296875e-02
-1.077699363231658936e-01
-1.259971708059310913e-01
-9.278501570224761963e-02
-5.747954919934272766e-02
-7.141055166721343994e-02
-7.179547846317291260e-02
-7.116059213876724243e-02
-7.172004133462905884e-02
-3.870825469493865967e-02
-2.057698741555213928e-02
-1.327768992632627487e-02
3.876159340143203735e-02
7.188953459262847900e-02
6.134121492505073547e-02
1.130072847008705139e-01
1.749747842550277710e-01
1.512281298637390137e-01
1.590648740530014038e-01
2.153494954109191895e-01
1.756603866815567017e-01
8.423165231943130493e-02
4.451056569814682007e-02
1.411737315356731415e-02
-2.187123708426952362e-02
-3.618811443448066711e-02
-4.664248600602149963e-02
-3.697150945663452148e-02
-2.777490206062793732e-02
-7.758431136608123779e-02
-9.652972221374511719e-02
-4.190630093216896057e-02
-2.704103663563728333e-02
-5.617975071072578430e-02
-7.265099883079528809e-02
-5.482351034879684448e-02
-3.071393445134162903e-02
-5.499194934964179993e-02
-4.421335458755493164e-02
3.144909860566258430e-03
-5.144103895872831345e-03
3.146462840959429741e-03
2.290849573910236359e-02
-1.798848621547222137e-02
-4.194418713450431824e-02
1.133463345468044281e-02
5.252236872911453247e-02
1.767152175307273865e-02
5.984160117805004120e-03
1.872330717742443085e-02
-1.990143768489360809e-02
-1.305546984076499939e-02
2.307125180959701538e-02
-2.456823363900184631e-03
1.098296884447336197e-02
2.724502980709075928e-02
-2.103695459663867950e-02
-1.418794225901365280e-02
3.268258296884596348e-04
-1.596641726791858673e-02
3.433573292568325996e-03
7.378751412034034729e-03
1.077131461352109909e-02
-1.261159032583236694e-02
-4.064743965864181519e-02
4.300618171691894531e-02
7.580813020467758179e-02
3.439397737383842468e-02
5.920843780040740967e-02
2.590225636959075928e-02
-3.233915939927101135e-02
1.409178017638623714e-03
-4.056451376527547836e-03
-5.883875116705894470e-02
-7.358659058809280396e-02
-7.274640351533889771e-02
-7.357259839773178101e-02
-9.882622957229614258e-02
-1.048373207449913025e-01
-1.014357507228851318e-01
-7.214324176311492920e-02
3.828062117099761963e-01
8.861424922943115234e-01
4.787791073322296143e-01
-1.931203454732894897e-01
-2.262275367975234985e-01
-9.577153623104095459e-02
-1.087314113974571228e-01
-1.178941279649734497e-01
-8.925016224384307861e-02
-4.788761958479881287e-02
-8.502212911844253540e-02
-9.223522990942001343e-02
-7.730792462825775146e-02
-1.478904634714126587e-01
-1.096081212162971497e-01
-3.452553600072860718e-02
-7.819622755050659180e-02
-6.451020389795303345e-02
-4.758656024932861328e-02
-8.960159122943878174e-02
-5.215187370777130127e-02
-1.585305109620094299e-02
-3.378155408427119255e-03
2.558630518615245819e-02
1.800770871341228485e-03
4.979580268263816833e-02
1.508685052394866943e-01
1.407983601093292236e-01
1.351922601461410522e-01
1.591212302446365356e-01
1.449591368436813354e-01
1.186796724796295166e-01
5.504750832915306091e-02
2.153608575463294983e-02
3.023647330701351166e-02
-7.435215171426534653e-03
-3.593097254633903503e-02
-5.240587890148162842e-02
-8.080368489027023315e-02
-6.499759852886199951e-02
-3.637817129492759705e-02
-3.135593980550765991e-02
-2.731441706418991089e-02
-3.569105640053749084e-02
-5.040991678833961487e-02
-4.423163831233978271e-02
-3.794357925653457642e-02
-1.227493677288293839e-02
2.098144032061100006e-02
1.612291298806667328e-02
2.928905002772808075e-02
3.115878254175186157e-02
-1.172041893005371094e-02
5.270165856927633286e-03
3.114999085664749146e-02
-1.003117114305496216e-02
-9.247737005352973938e-03
1.431487314403057098e-02
1.703917514532804489e-03
1.664412952959537506e-02
1.260405057109892368e-03
-4.201632365584373474e-02
-5.839366931468248367e-03
7.016340736299753189e-03
-3.395896777510643005e-02
1.442703534848988056e-03
2.321304567158222198e-02
-2.324747107923030853e-02
-6.389029789716005325e-03
5.966628435999155045e-03
-4.281069710850715637e-02
-2.784588746726512909e-02
6.711491383612155914e-03
-1.614733785390853882e-02
-2.112645283341407776e-02
1.268049795180559158e-02
1.344454102218151093e-02
-1.097028702497482300e-02
3.582982346415519714e-02
7.921263575553894043e-02
2.219438180327415466e-02
1.139358803629875183e-02
3.148213773965835571e-02
-6.054038926959037781e-02
-9.559288620948791504e-02
-1.605285890400409698e-02
-2.763256058096885681e-02
-7.777925580739974976e-02
-5.337579175829887390e-02
-6.353678554296493530e-02
-8.129122853279113770e-02
-7.320485264062881470e-02
-8.636274188756942749e-02
2.719509899616241455e-01
8.439754843711853027e-01
5.702803730964660645e-01
-1.595851778984069824e-01
-2.366212010383605957e-01
-9.760593622922897339e-02
-1.126770749688148499e-01
-4.683900997042655945e-02
-9.243331104516983032e-02
-1.488468050956726074e-01
-6.072422116994857788e-02
-4.324498772621154785e-02
-5.925443023443222046e-02
-6.140599772334098816e-02
-8.066356182098388672e-02
-7.126295566558837891e-02
-1.027298122644424438e-01
-1.054641604423522949e-01
-3.086800873279571533e-02
-3.405055776238441467e-02
-5.512546002864837646e-02
-3.053938783705234528e-02
-4.843065142631530762e-02
-2.370764501392841339e-02
4.122117906808853149e-02
4.640390723943710327e-02
9.879864752292633057e-02
1.637916266918182373e-01
1.275083720684051514e-01
1.392850279808044434e-01
1.796454191207885742e-01
1.016901731491088867e-01
4.922395944595336914e-02
4.507657885551452637e-02
3.813627874478697777e-03
1.091936603188514709e-02
-1.229311153292655945e-02
-8.248190581798553467e-02
-5.879050493240356445e-02
-3.981231153011322021e-02
-7.116485387086868286e-02
-5.333241447806358337e-02
-2.558058686554431915e-02
-3.419170528650283813e-02
-3.028941154479980469e-02
-8.975408039987087250e-03
-3.219378367066383362e-02
-3.390907868742942810e-02
3.897260874509811401e-03
-1.980968751013278961e-02
-1.346442848443984985e-02
1.499517634510993958e-02
7.602349505759775639e-04
1.713703572750091553e-02
-2.002529241144657135e-02
-4.441025480628013611e-02
2.525452896952629089e-02
3.411263599991798401e-02
2.296109311282634735e-02
1.913707517087459564e-02
-3.705411218106746674e-03
1.127271912992000580e-02
-1.620945706963539124e-02
-1.931408420205116272e-02
3.810566663742065430e-02
-8.585584349930286407e-03
-2.781430259346961975e-02
2.160543575882911682e-02
-1.108343061059713364e-02
-7.326285704039037228e-04
2.241801843047142029e-02
-3.768166527152061462e-02
-1.907612755894660950e-02
2.302187122404575348e-02
2.728407969698309898e-03
7.940687239170074463e-03
9.097523987293243408e-03
3.483162075281143188e-02
7.038442790508270264e-02
1.792395301163196564e-02
-1.118393335491418839e-02
1.608024351298809052e-02
-5.945327691733837128e-03
-6.084598600864410400e-02
-1.025728359818458557e-01
-1.155656352639198303e-01
-9.419728815555572510e-02
-5.636093020439147949e-02
-5.045723542571067810e-02
-7.314791530370712280e-02
-1.375524699687957764e-01
-7.492302358150482178e-02
5.047512054443359375e-01
9.394832253456115723e-01
3.858327567577362061e-01
-2.294911146163940430e-01
-2.026606053113937378e-01
-1.000820025801658630e-01
-8.461883664131164551e-02
-7.447888702154159546e-02
-1.163156628608703613e-01
-1.093683093786239624e-01
-7.199545949697494507e-02
-7.592874020338058472e-02
-8.562734723091125488e-02
-7.766459882259368896e-02
-7.733710855245590210e-02
-8.588992804288864136e-02
-9.737406671047210693e-02
-1.069350093603134155e-01
-6.736794114112854004e-02
-2.123293839395046234e-02
-4.042826965451240540e-02
-4.941362515091896057e-02
-2.780965901911258698e-02
-2.064837515354156494e-02
3.669545799493789673e-02
1.193667203187942505e-01
1.415880918502807617e-01
1.504675298929214478e-01
1.789932548999786377e-01
1.728376150131225586e-01
1.442552059888839722e-01
1.336214989423751831e-01
5.806070193648338318e-02
-2.988699078559875488e-02
9.731507860124111176e-03
2.353215217590332031e-02
-4.858347773551940918e-02
-5.589931085705757141e-02
-5.172206088900566101e-02
-7.341234385967254639e-02
-4.828961566090583801e-02
-2.411435358226299286e-02
-3.836251795291900635e-02
-5.710712075233459473e-02
-4.476075246930122375e-02
-1.083826366811990738e-02
-2.451580576598644257e-02
-4.522752016782760620e-02
-9.053306654095649719e-03
-4.564529284834861755e-03
-3.530475124716758728e-02
-1.547645498067140579e-02
4.003020003437995911e-04
-8.147713728249073029e-03
1.253143884241580963e-02
2.435500733554363251e-02
1.062986440956592560e-02
3.318805946037173271e-03
6.948307622224092484e-03
-5.755418911576271057e-03
-1.734304986894130707e-02
2.997586317360401154e-02
3.505391627550125122e-02
-2.579976432025432587e-02
-3.708515083417296410e-03
2.475629746913909912e-02
-2.153194881975650787e-02
-1.951726898550987244e-02
1.775832287967205048e-02
-1.154124271124601364e-03
-2.485346607863903046e-02
-6.034855265170335770e-03
2.697871765121817589e-03
-1.860428601503372192e-02
-1.362129114568233490e-02
2.330125309526920319e-02
5.523884668946266174e-02
6.943552196025848389e-02
5.077890679240226746e-02
1.526146288961172104e-02
-1.199498306959867477e-02
-2.112243697047233582e-02
-3.949250653386116028e-02
-7.312078773975372314e-02
-5.823109298944473267e-02
-5.067253857851028442e-02
-9.064438194036483765e-02
-9.692909568548202515e-02
-7.743351906538009644e-02
-9.855062514543533325e-02
-1.103575676679611206e-01
2.733526527881622314e-01
8.787515163421630859e-01
6.439493894577026367e-01
-1.184234097599983215e-01
-2.296965122222900391e-01
-7.099759578704833984e-02
-1.425882130861282349e-01
-1.274291276931762695e-01
-6.618731468915939331e-02
-8.424431830644607544e-02
-9.982534497976303101e-02
-1.118078827857971191e-01
-1.140020638704299927e-01
-8.193253725767135620e-02
-6.476668268442153931e-02
-1.110044643282890320e-01
-1.246323511004447937e-01
-7.612846791744232178e-02
-6.946759670972824097e-02
-6.087864935398101807e-02
-2.904905751347541809e-02
-3.295620903372764587e-02
-1.396577619016170502e-02
1.878638751804828644e-02
1.878195442259311676e-02
4.869082197546958923e-02
1.109285131096839905e-01
1.443572044372558594e-01
1.542431861162185669e-01
1.710328161716461182e-01
1.816652864217758179e-01
1.572544872760772705e-01
8.488056808710098267e-02
8.673743344843387604e-03
-1.033278368413448334e-02
-1.146531477570533752e-02
-2.468701079487800598e-02
-2.802955172955989838e-02
-3.025649487972259521e-02
-3.933658078312873840e-02
-5.424437671899795532e-02
-4.560166597366333008e-02
-3.661280497908592224e-02
-5.193601921200752258e-02
-3.732613101601600647e-02
-1.526310294866561890e-02
-1.408036518841981888e-02
-1.451865211129188538e-02
-1.799893379211425781e-02
-1.985357888042926788e-02
-1.560203079134225845e-02
6.151960697025060654e-04
2.972049405798316002e-03
-4.604915156960487366e-03
5.281918682157993317e-03
-7.569883018732070923e-04
-4.017062950879335403e-03
1.090719178318977356e-02
1.401222893036901951e-03
-1.108884066343307495e-02
3.543188096955418587e-03
1.083817984908819199e-02
-2.075601182878017426e-02
-3.582796454429626465e-02
-8.365385234355926514e-03
-1.614771969616413116e-02
-2.602960169315338135e-02
2.607231214642524719e-02
2.528006955981254578e-02
-3.687795996665954590e-02
-7.517034187912940979e-03
1.152886636555194855e-02
-6.469467282295227051e-02
-3.616738691926002502e-02
4.689302667975425720e-02
4.185832664370536804e-02
2.449025772511959076e-02
1.286457199603319168e-02
5.107991769909858704e-02
7.044316828250885010e-02
-2.837938070297241211e-02
-5.598637089133262634e-02
-1.423028856515884399e-02
-2.691572904586791992e-02
-3.973617777228355408e-02
-5.379109829664230347e-02
-5.884826555848121643e-02
-9.090545773506164551e-02
-1.273751258850097656e-01
-1.105641797184944153e-01
-6.268791388720273972e-03
4.938509464263916016e-01
8.958835601806640625e-01
3.655958771705627441e-01
-2.600848972797393799e-01
-2.225535362958908081e-01
-9.196029603481292725e-02
-8.213758468627929688e-02
-6.675601005554199219e-02
-6.479186564683914185e-02
-6.041923910379409790e-02
-9.881871193647384644e-02
-1.171018406748771667e-01
-7.899496704339981079e-02
-7.695720344781875610e-02
-9.115026146173477173e-02
-9.899127483367919922e-02
-8.693259954452514648e-02
-3.614464774727821350e-02
-3.499112278223037720e-02
-6.203885748982429504e-02
-4.180767387151718140e-02
-4.057823494076728821e-02
-3.893620520830154419e-02
1.341505069285631180e-02
5.173795670270919800e-02
7.693888992071151733e-02
1.028890833258628845e-01
9.756173193454742432e-02
1.112464815378189087e-01
1.607274860143661499e-01
1.583288908004760742e-01
1.050649285316467285e-01
6.289263814687728882e-02
1.898576132953166962e-02
-1.338113099336624146e-02
-2.061960473656654358e-02
-5.378835648298263550e-02
-6.716663390398025513e-02
-3.845113888382911682e-02
-5.003149062395095825e-02
-4.853250086307525635e-02
-3.165892884135246277e-02
-6.324078142642974854e-02
-4.413747414946556091e-02
-2.210845850640907884e-04
-1.065693981945514679e-02
-2.997696213424205780e-02
-6.094725802540779114e-02
-3.407807648181915283e-02
3.346449136734008789e-02
7.495002355426549911e-03
-9.482759982347488403e-03
2.698194794356822968e-02
2.160066738724708557e-02
1.679018512368202209e-02
6.979081314057111740e-03
-1.392657496035099030e-02
2.389027923345565796e-02
3.203189745545387268e-02
-1.618511416018009186e-02
3.532717749476432800e-02
8.572781085968017578e-02
-4.758525639772415161e-03
-1.842425204813480377e-02
5.693626031279563904e-02
1.672404073178768158e-02
-1.271623745560646057e-02
1.862484589219093323e-02
-1.332810707390308380e-02
-1.767495833337306976e-02
-9.665315970778465271e-03
-4.020366072654724121e-02
-9.763011708855628967e-03
-8.750543929636478424e-03
-3.898871690034866333e-02
1.216588821262121201e-02
3.989332914352416992e-02
2.792852371931076050e-02
1.505101658403873444e-02
-2.637265622615814209e-02
-4.056232795119285583e-02
-5.739773809909820557e-02
-1.085590645670890808e-01
-1.020535677671432495e-01
-5.945007875561714172e-02
-6.318463385105133057e-02
-1.042324155569076538e-01
-1.008176356554031372e-01
-8.177249133586883545e-02
-1.301551014184951782e-01
2.036821097135543823e-01
8.619642257690429688e-01
6.871594786643981934e-01
-8.027642965316772461e-02
-2.388486266136169434e-01
-7.760385423898696899e-02
-8.199170231819152832e-02
-8.098227530717849731e-02
-8.301187306642532349e-02
-7.361714541912078857e-02
-5.643475055694580078e-02
-8.796679973602294922e-02
-7.462079823017120361e-02
-4.852066561579704285e-02
-8.694466203451156616e-02
-8.632902801036834717e-02
-4.031050205230712891e-02
-7.913743704557418823e-02
-9.616749733686447144e-02
-2.385426312685012817e-02
-3.594794124364852905e-02
-5.287507921457290649e-02
3.190705319866538048e-03
8.776566013693809509e-03
2.620256133377552032e-02
6.423749774694442749e-02
7.495382428169250488e-02
1.400744020938873291e-01
1.869595050811767578e-01
1.491039693355560303e-01
1.385945528745651245e-01
1.339031904935836792e-01
6.566298753023147583e-02
2.178569696843624115e-02
6.214771419763565063e-03
-3.546005487442016602e-02
-4.362033680081367493e-02
-3.853135183453559875e-02
-6.165996193885803223e-02
-6.967997550964355469e-02
-6.466986238956451416e-02
-4.986094683408737183e-02
-4.632025584578514099e-02
-6.408943980932235718e-02
-5.908379331231117249e-02
-4.118786752223968506e-02
-2.607442438602447510e-02
-2.438875660300254822e-02
-3.478410467505455017e-02
-2.025067433714866638e-02
-4.102946724742650986e-03
-8.024028502404689789e-03
-3.239994868636131287e-03
1.161201111972332001e-02
7.139358203858137131e-03
6.010383833199739456e-03
3.856950625777244568e-02
3.208683058619499207e-02
-8.698489516973495483e-03
3.451246535405516624e-03
3.326471522450447083e-02
2.764434739947319031e-02
4.221450653858482838e-04
-7.125548290787264705e-05
3.081489913165569305e-02
2.002029120922088623e-02
-2.235853462480008602e-04
1.419610902667045593e-02
-1.534000877290964127e-02
-3.305047750473022461e-02
1.843809266574680805e-03
-8.681189268827438354e-03
3.034473164007067680e-03
3.674772754311561584e-02
1.740488223731517792e-02
3.824030607938766479e-02
3.939317539334297180e-02
-2.249843068420886993e-02
7.581074722111225128e-03
3.190112113952636719e-02
-7.260595262050628662e-02
-9.570743143558502197e-02
-3.024189360439777374e-02
-8.467809855937957764e-02
-1.265219300985336304e-01
-8.086759597063064575e-02
-8.863025903701782227e-02
-1.088930517435073853e-01
-1.133375838398933411e-01
2.011656165122985840e-01
8.392903208732604980e-01
7.340205907821655273e-01
-3.590901568531990051e-02
-2.416966557502746582e-01
-1.182230785489082336e-01
-1.552290320396423340e-01
-7.879411429166793823e-02
-4.920234158635139465e-02
-1.137143373489379883e-01
-8.263598382472991943e-02
-1.038743853569030762e-01
-1.268148124217987061e-01
-6.975533068180084229e-02
-8.635888248682022095e-02
-1.064367070794105530e-01
-5.909410491585731506e-02
-6.519904732704162598e-02
-9.196235984563827515e-02
-6.124358996748924255e-02
-3.438633680343627930e-02
-3.046908974647521973e-02
-6.049396004527807236e-03
1.528594642877578735e-02
2.215943671762943268e-02
7.114300131797790527e-02
1.243478879332542419e-01
1.348387151956558228e-01
1.690489798784255981e-01
1.916572600603103638e-01
1.450670659542083740e-01
1.112102195620536804e-01
9.274201095104217529e-02
2.976054325699806213e-02
-1.293846592307090759e-02
-5.930417217314243317e-03
-4.201620072126388550e-02
-8.323202282190322876e-02
-4.296321421861648560e-02
-3.376691788434982300e-02
-6.570734828710556030e-02
-3.605757653713226318e-02
-2.589360065758228302e-02
-3.862329199910163879e-02
-2.181095443665981293e-02
-4.606810212135314941e-02
-6.542909890413284302e-02
-3.089665621519088745e-02
-9.019306860864162445e-03
-1.530946325510740280e-02
-1.148655358701944351e-02
2.249213168397545815e-03
-1.015152595937252045e-02
-1.049685478210449219e-02
7.618113886564970016e-03
5.927375052124261856e-03
9.890563786029815674e-03
3.183973021805286407e-03
-2.486413810402154922e-03
1.235745754092931747e-02
1.005119550973176956e-02
1.224520523101091385e-02
2.115958370268344879e-02
1.407687272876501083e-02
1.244795136153697968e-02
8.811266161501407623e-03
-8.005403913557529449e-03
-7.109258323907852173e-03
-1.273970492184162140e-02
-3.608966246247291565e-02
-1.207329612225294113e-02
4.920549690723419189e-04
-2.590971067547798157e-02
1.544877141714096069e-02
6.106814369559288025e-02
3.039422817528247833e-02
8.600296452641487122e-03
2.731625363230705261e-02
3.905786573886871338e-02
5.584172904491424561e-03
-4.341843351721763611e-02
-4.481700062751770020e-02
-6.163685023784637451e-02
-1.030114218592643738e-01
-5.914096906781196594e-02
-3.618797287344932556e-02
-9.987359493970870972e-02
-8.252313733100891113e-02
-8.679234236478805542e-02
-1.954338699579238892e-02
5.458346605300903320e-01
8.882877230644226074e-01
2.698527574539184570e-01
-2.564044296741485596e-01
-1.397129744291305542e-01
-8.452832698822021484e-02
-1.259831339120864868e-01
-8.105359971523284912e-02
-9.736358374357223511e-02
-1.094675734639167786e-01
-7.910197228193283081e-02
-9.163837134838104248e-02
-1.114611849188804626e-01
-8.825871348381042480e-02
-9.145761281251907349e-02
-1.096239313483238220e-01
-7.274260371923446655e-02
-6.597808003425598145e-02
-7.167007029056549072e-02
-3.686112537980079651e-02
-3.513877838850021362e-02
-2.230774611234664917e-02
-8.330109529197216034e-03
-1.051642186939716339e-02
4.673520475625991821e-02
9.085045009851455688e-02
1.148147210478782654e-01
1.574882119894027710e-01
1.735189557075500488e-01
1.616223603487014771e-01
1.221641972661018372e-01
1.099141463637351990e-01
8.645796030759811401e-02
7.170839700847864151e-03
1.441165804862976074e-02
2.018876187503337860e-02
-5.336010828614234924e-02
-4.832791909575462341e-02
-4.759307950735092163e-02
-7.543869316577911377e-02
-1.788132265210151672e-02
1.814167248085141182e-03
-3.522910550236701965e-02
-2.209176123142242432e-02
-1.287617441266775131e-02
-4.088053852319717407e-02
-5.555715784430503845e-02
-4.295151680707931519e-02
-2.711881324648857117e-02
-2.681085467338562012e-02
-2.821632474660873413e-02
-9.813424199819564819e-03
5.023977719247341156e-03
-1.647917740046977997e-02
-2.137078903615474701e-02
-1.141098560765385628e-03
-2.333529107272624969e-02
-1.873619668185710907e-02
1.292741950601339340e-02
-2.251387201249599457e-02
-9.554262273013591766e-03
5.089527741074562073e-02
2.514706924557685852e-02
8.898101747035980225e-03
2.262282185256481171e-02
-1.228432171046733856e-02
-2.197088114917278290e-02
1.800830126740038395e-03
4.084649495780467987e-03
7.473831064999103546e-03
4.765694960951805115e-03
4.894084762781858444e-03
2.545342408120632172e-02
1.312000863254070282e-02
3.678280860185623169e-03
4.977862909436225891e-02
6.783131510019302368e-02
2.115091495215892792e-02
8.893039776012301445e-04
3.026398643851280212e-02
1.566524617373943329e-02
-4.273658618330955505e-02
-7.708808034658432007e-02
-9.289565682411193848e-02
-8.199519664049148560e-02
-6.505703926086425781e-02
-9.697224944829940796e-02
-9.678586572408676147e-02
-7.785680890083312988e-02
-4.160017520189285278e-02
3.837730586528778076e-01
8.144312500953674316e-01
3.634304106235504150e-01
-2.382197082042694092e-01
-1.784985512495040894e-01
-9.791976213455200195e-02
-1.283561736345291138e-01
-4.916992411017417908e-02
-8.870358020067214966e-02
-1.051343828439712524e-01
-4.971755295991897583e-02
-9.472698718309402466e-02
-9.720784425735473633e-02
-5.439349263906478882e-02
-7.820522040128707886e-02
-8.800578862428665161e-02
-5.410324782133102417e-02
-2.625522390007972717e-02
-2.966301329433917999e-02
-5.086708441376686096e-02
-5.625091865658760071e-02
-3.189847618341445923e-02
1.367368735373020172e-02
3.279003873467445374e-02
4.182572290301322937e-02
9.016034007072448730e-02
1.212005466222763062e-01
1.333120316267013550e-01
1.696313619613647461e-01
1.708306521177291870e-01
1.349246352910995483e-01
9.681747853755950928e-02
5.051318928599357605e-02
1.993603631854057312e-02
-2.189783379435539246e-02
-5.358618870377540588e-02
-4.335043206810951233e-02
-6.996282190084457397e-02
-6.286607682704925537e-02
-1.998317986726760864e-02
-7.421036809682846069e-02
-6.998260319232940674e-02
-1.197452750056982040e-02
-7.957392930984497070e-02
-7.495474070310592651e-02
-5.207586102187633514e-03
-4.398601874709129333e-02
-2.332806773483753204e-02
1.028656773269176483e-02
-4.602082818746566772e-02
-2.693817578256130219e-02
8.131986483931541443e-03
-2.854803809896111488e-03
4.047426953911781311e-02
3.437064960598945618e-02
-2.192421443760395050e-02
8.101088926196098328e-03
1.436930708587169647e-02
-1.366529334336519241e-02
2.903980761766433716e-02
3.793207928538322449e-02
1.506823953241109848e-02
2.950029447674751282e-02
2.250881120562553406e-02
2.237958367913961411e-03
-1.026197895407676697e-02
1.481437869369983673e-02
4.564300179481506348e-02
-1.129277888685464859e-02
-2.457396499812602997e-02
2.545813657343387604e-02
-7.587342057377099991e-03
-3.133609890937805176e-02
-2.969293668866157532e-02
-3.193263337016105652e-02
4.343515262007713318e-02
7.642534375190734863e-02
4.209266975522041321e-02
5.092694610357284546e-02
1.543640345335006714e-02
-3.760623559355735779e-02
-1.460255496203899384e-02
-3.755955025553703308e-02
-9.718310832977294922e-02
-8.272939175367355347e-02
-5.753557384014129639e-02
-6.179483234882354736e-02
-8.932110667228698730e-02
-1.030805036425590515e-01
-1.069054380059242249e-01
-5.678429827094078064e-02
3.780353367328643799e-01
8.039126992225646973e-01
3.903164863586425781e-01
-2.151942700147628784e-01
-1.993219256401062012e-01
-6.396370381116867065e-02
-1.048496887087821960e-01
-1.355543434619903564e-01
-1.220748052000999451e-01
-5.491736903786659241e-02
-5.414927005767822266e-02
-1.035221815109252930e-01
-5.728519335389137268e-02
-3.091827034950256348e-02
-7.806672900915145874e-02
-9.887090325355529785e-02
-7.071658968925476074e-02
-2.626087889075279236e-02
-3.380529209971427917e-02
-5.582650378346443176e-02
-1.994170993566513062e-02
-7.747864816337823868e-03
-1.664224453270435333e-02
3.098552487790584564e-02
7.628256082534790039e-02
9.723340719938278198e-02
1.181511431932449341e-01
1.388246119022369385e-01
1.667080819606781006e-01
1.488112509250640869e-01
1.206456720829010010e-01
1.248830482363700867e-01
5.498448386788368225e-02
-1.115824747830629349e-02
1.020110026001930237e-02
-2.837763167917728424e-02
-7.611604779958724976e-02
-4.914737120270729065e-02
-6.011500954627990723e-02
-7.509335875511169434e-02
-4.849177971482276917e-02
-5.445161461830139160e-02
-7.123955339193344116e-02
-5.745968222618103027e-02
-2.479683980345726013e-02
1.586805097758769989e-03
-1.342805754393339157e-02
-4.638621956110000610e-02
-4.059028625488281250e-02
-1.640613190829753876e-02
-2.173527516424655914e-02
-6.084014661610126495e-03
3.401591256260871887e-02
2.663455961737781763e-04
-4.097913578152656555e-02
-1.238632015883922577e-02
5.868566222488880157e-03
6.530088372528553009e-03
2.229417301714420319e-02
5.155600979924201965e-02
4.557966068387031555e-02
-5.952684208750724792e-03
6.536261178553104401e-03
3.191927820444107056e-02
-2.985137980431318283e-03
-9.372674860060214996e-03
5.958797410130500793e-03
9.700998663902282715e-03
4.860428161919116974e-03
-6.753297057002782822e-03
-2.667246153578162193e-03
-1.661468669772148132e-02
-2.039546146988868713e-02
2.473776228725910187e-02
3.559713810682296753e-02
3.107526712119579315e-02
5.726621672511100769e-02
3.925517201423645020e-02
-8.175869472324848175e-03
-4.169651865959167480e-02
-8.471611887216567993e-02
-1.074945926666259766e-01
-8.705317229032516479e-02
-5.193983763456344604e-02
-5.519658327102661133e-02
-9.535250067710876465e-02
-8.782036602497100830e-02
-1.023434996604919434e-01
4.959296202287077904e-04
5.767268538475036621e-01
9.143244028091430664e-01
3.006913065910339355e-01
-2.673351764678955078e-01
-1.957574039697647095e-01
-1.033587455749511719e-01
-9.876680374145507812e-02
-8.432497829198837280e-02
-1.140871196985244751e-01
-8.178278058767318726e-02
-6.335697323083877563e-02
-9.110738337039947510e-02
-7.240087538957595825e-02
-8.404285460710525513e-02
-1.317683905363082886e-01
-1.269435733556747437e-01
-9.236399084329605103e-02
-6.588881462812423706e-02
-5.475655198097229004e-02
-5.045349150896072388e-02
-3.658764064311981201e-02
-4.906337335705757141e-02
-6.158958375453948975e-02
-3.282453166320919991e-03
7.925195991992950439e-02
1.156461536884307861e-01
1.230260208249092102e-01
1.544497609138488770e-01
1.883419752120971680e-01
2.041791081428527832e-01
1.930149942636489868e-01
1.021791994571685791e-01
4.078154638409614563e-02
5.238276347517967224e-02
-6.258250679820775986e-03
-5.992242693901062012e-02
-3.526909649372100830e-02
-2.941866405308246613e-02
-4.885462298989295959e-02
-5.448532104492187500e-02
-4.407635331153869629e-02
-5.763159692287445068e-02
-6.595962494611740112e-02
-2.801076695322990417e-02
-2.990357019007205963e-02
-5.679006129503250122e-02
-2.292114868760108948e-02
-7.573679555207490921e-03
-5.617796257138252258e-02
-4.408516362309455872e-02
2.460476197302341461e-02
3.487415239214897156e-02
7.672409061342477798e-03
-1.329655572772026062e-02
-9.690606035292148590e-03
-2.591440221294760704e-03
-1.708766259253025055e-02
1.169909490272402763e-03
-6.245609372854232788e-03
-4.310965165495872498e-02
1.505903247743844986e-02
5.775526538491249084e-02
-1.060383277945220470e-03
-2.541744150221347809e-02
3.929881844669580460e-03
2.020286954939365387e-02
-4.493979271501302719e-03
-4.623055085539817810e-02
-1.625598035752773285e-02
2.170490100979804993e-02
1.717956038191914558e-03
3.263928368687629700e-02
4.959655925631523132e-02
3.647280856966972351e-02
1.008471697568893433e-01
6.189648061990737915e-02
-4.337359964847564697e-02
-2.843751199543476105e-02
-6.303812563419342041e-02
-9.907892346382141113e-02
-5.152142420411109924e-02
-8.404381573200225830e-02
-1.047763675451278687e-01
-7.113838940858840942e-02
-8.289410173892974854e-02
-1.367582976818084717e-01
-5.528130754828453064e-02
5.343239903450012207e-01
9.893233180046081543e-01
3.851104974746704102e-01
-2.981227636337280273e-01
-2.067774683237075806e-01
-6.839784234762191772e-02
-1.140014901757240295e-01
-9.660471975803375244e-02
-1.058312356472015381e-01
-1.027959659695625305e-01
-7.908336073160171509e-02
-1.012973040342330933e-01
-1.070333197712898254e-01
-8.753211051225662231e-02
-7.750973850488662720e-02
-8.520456403493881226e-02
-9.686957299709320068e-02
-8.185711503028869629e-02
-5.619508400559425354e-02
-4.907969757914543152e-02
-5.513777956366539001e-02
-4.508832097053527832e-02
-4.632941912859678268e-03
2.259134128689765930e-02
3.300339728593826294e-02
8.766810595989227295e-02
1.608656942844390869e-01
1.868775188922882080e-01
1.904578059911727905e-01
1.716659516096115112e-01
1.336929202079772949e-01
1.357424259185791016e-01
9.191852807998657227e-02
-8.566181175410747528e-03
-2.258196659386157990e-02
-1.809011586010456085e-02
-5.230543389916419983e-02
-6.756840646266937256e-02
-8.931083232164382935e-02
-8.940517157316207886e-02
-5.432899668812751770e-02
-4.123510420322418213e-02
-5.704222619533538818e-02
-5.404282733798027039e-02
-1.146155130118131638e-02
-1.938487589359283447e-02
-6.213766336441040039e-02
-3.236616030335426331e-02
-1.613265275955200195e-02
-3.044018335640430450e-02
1.421514712274074554e-02
2.867202460765838623e-02
1.647353172302246094e-02
4.511415585875511169e-02
2.028865180909633636e-02
2.482884738128632307e-04
4.673525691032409668e-02
2.797820232808589935e-02
-7.108174264430999756e-03
1.806501299142837524e-02
7.724357768893241882e-03
-1.749576628208160400e-02
2.926957327872514725e-03
-1.649983169045299292e-04
-3.603362292051315308e-02
-3.930392116308212280e-02
-2.846332453191280365e-02
-1.037565059959888458e-02
2.106590010225772858e-02
-4.051268100738525391e-03
-4.540976136922836304e-02
-1.582142338156700134e-02
2.962362952530384064e-02
3.852599859237670898e-02
2.494860254228115082e-02
2.828585915267467499e-02
5.003464594483375549e-02
2.007753401994705200e-02
-3.601478040218353271e-02
-4.257711023092269897e-02
-4.347854480147361755e-02
-8.539640158414840698e-02
-1.000907048583030701e-01
-6.460538506507873535e-02
-5.843081325292587280e-02
-6.937389820814132690e-02
-1.044134348630905151e-01
7.039739750325679779e-03
5.600961446762084961e-01
8.431123495101928711e-01
2.373959869146347046e-01
-2.502662837505340576e-01
-1.374783962965011597e-01
-7.950649410486221313e-02
-1.028162464499473572e-01
-7.391735166311264038e-02
-1.027510091662406921e-01
-1.040475741028785706e-01
-9.213435649871826172e-02
-8.340554684400558472e-02
-6.586074084043502808e-02
-1.030656620860099792e-01
-1.078156083822250366e-01
-7.556411623954772949e-02
-8.777595311403274536e-02
-6.446834653615951538e-02
-3.385692089796066284e-02
-5.536619573831558228e-02
-3.429986536502838135e-02
-1.130426954478025436e-02
-4.135139286518096924e-02
6.632127915509045124e-04
8.241984993219375610e-02
8.319865912199020386e-02
9.618766605854034424e-02
1.474242061376571655e-01
1.548346430063247681e-01
1.658249348402023315e-01
1.614919006824493408e-01
7.969330251216888428e-02
2.493379451334476471e-02
3.582862764596939087e-02
5.755607708124443889e-05
-5.174664407968521118e-02
-2.353948727250099182e-02
-1.894668303430080414e-02
-6.444538384675979614e-02
-3.781367838382720947e-02
-1.477390527725219727e-02
-5.368726328015327454e-02
-4.128839075565338135e-02
-1.763555034995079041e-02
-4.312815889716148376e-02
-3.414319083094596863e-02
-2.563710324466228485e-02
-5.506047233939170837e-02
-3.321480378508567810e-02
5.931564606726169586e-03
9.353705681860446930e-03
3.409744938835501671e-03
-1.927267760038375854e-02
-1.306718867272138596e-02
1.079359278082847595e-02
-1.433386839926242828e-02
-6.009297911077737808e-03
3.512889891862869263e-02
1.612148806452751160e-02
-5.013558547943830490e-03
4.632519630831666291e-05
5.412657279521226883e-03
2.151370421051979065e-02
-4.778914619237184525e-03
-3.704822063446044922e-02
5.012748297303915024e-03
1.976951025426387787e-02
-1.444237027317285538e-02
-4.300328437238931656e-03
8.662391453981399536e-03
-7.094575092196464539e-03
-2.032396569848060608e-02
-1.523912977427244186e-02
2.017988264560699463e-02
4.753875359892845154e-02
5.591928958892822266e-02
6.529730558395385742e-02
4.750070720911026001e-02
1.096110325306653976e-02
-2.253150939941406250e-02
-5.662452802062034607e-02
-6.909438967704772949e-02
-7.953303307294845581e-02
-7.453644275665283203e-02
-3.824430331587791443e-02
-8.404242992401123047e-02
-1.110355406999588013e-01
-6.296799331903457642e-02
-9.661580622196197510e-02
2.210730314254760742e-01
8.110569119453430176e-01
5.906910896301269531e-01
-9.960438311100006104e-02
-2.449655085802078247e-01
-1.414806544780731201e-01
-8.608000725507736206e-02
-4.789235815405845642e-02
-1.128404662013053894e-01
-1.120296940207481384e-01
-5.554001778364181519e-02
-8.878682553768157959e-02
-1.236635670065879822e-01
-8.883600682020187378e-02
-4.184159263968467712e-02
-7.836540043354034424e-02
-1.021324023604393005e-01
-3.715879097580909729e-02
-4.606972262263298035e-02
-7.286975532770156860e-02
-2.914305031299591064e-02
-4.056248441338539124e-02
-2.851375937461853027e-02
4.138277098536491394e-02
3.860632330179214478e-02
5.751119181513786316e-02
1.268415749073028564e-01
1.253497302532196045e-01
1.258908808231353760e-01
1.786852627992630005e-01
1.651024669408798218e-01
1.034873947501182556e-01
9.362597018480300903e-02
6.840385496616363525e-02
-2.273853868246078491e-03
-3.679780289530754089e-02
-4.516820237040519714e-02
-5.227220430970191956e-02
-4.890328273177146912e-02
-6.086708232760429382e-02
-6.950755417346954346e-02
-4.203893616795539856e-02
-3.403083607554435730e-02
-5.565805733203887939e-02
-5.406765639781951904e-02
-2.846331521868705750e-02
-6.291851866990327835e-03
-2.803594246506690979e-02
-3.920614346861839294e-02
-1.311783120036125183e-02
-3.181843459606170654e-02
-8.263092488050460815e-03
3.910396248102188110e-02
3.768297843635082245e-03
1.553820725530385971e-02
2.824167907238006592e-02
-3.319695591926574707e-02
-3.177744522690773010e-02
1.542055699974298477e-02
3.526210039854049683e-02
2.858745865523815155e-02
1.921413582749664783e-03
-1.976326107978820801e-02
-7.355520036071538925e-03
1.579543016850948334e-02
-1.741996780037879944e-02
-3.457708284258842468e-02
1.153667736798524857e-02
3.604756668210029602e-02
3.386841341853141785e-02
3.746891161426901817e-03
-1.982307620346546173e-02
-2.230780012905597687e-02
-3.805993124842643738e-02
8.630846627056598663e-03
6.388084590435028076e-02
6.864597648382186890e-02
7.804024219512939453e-02
1.663143560290336609e-02
-3.114537149667739868e-02
1.536628231406211853e-02
-2.574185468256473541e-02
-8.174002170562744141e-02
-4.618737101554870605e-02
-7.987119257450103760e-02
-1.096330061554908752e-01
-6.302081793546676636e-02
-7.628498971462249756e-02
-8.160424977540969849e-02
-1.061812266707420349e-01
1.677764393389225006e-02
6.283335089683532715e-01
8.516984581947326660e-01
1.352637559175491333e-01
-3.104332089424133301e-01
-1.492808014154434204e-01
-1.016176715493202209e-01
-1.125601530075073242e-01
-5.348265171051025391e-02
-6.133048608899116516e-02
-8.982471376657485962e-02
-9.678796678781509399e-02
-8.519265800714492798e-02
-6.621938198804855347e-02
-6.354042887687683105e-02
-8.380741626024246216e-02
-9.512701630592346191e-02
-5.805140733718872070e-02
-4.092124104499816895e-02
-8.466660976409912109e-02
-8.001363277435302734e-02
-3.943322971463203430e-02
-4.143853858113288879e-02
-2.287749387323856354e-02
1.683674380183219910e-02
7.804805040359497070e-02
1.392905861139297485e-01
1.264448314905166626e-01
1.419779658317565918e-01
1.718046814203262329e-01
1.530531644821166992e-01
1.670033186674118042e-01
1.156123206019401550e-01
1.233368366956710815e-02
1.372608821839094162e-02
4.387253429740667343e-03
-6.087391078472137451e-02
-6.031725928187370300e-02
-3.749405965209007263e-02
-4.420439526438713074e-02
-4.985274001955986023e-02
-5.374385416507720947e-02
-4.433301463723182678e-02
-3.577673435211181641e-02
-4.272837191820144653e-02
-3.611351177096366882e-02
-3.476510196924209595e-02
-3.284136578440666199e-02
-1.243691146373748779e-02
-3.335834294557571411e-02
-4.018954187631607056e-02
2.433387935161590576e-02
2.438434399664402008e-02
-2.243344485759735107e-02
-1.209989059134386480e-04
1.716431975364685059e-02
1.450039632618427277e-02
2.208223938941955566e-02
3.167756367474794388e-03
-4.499435017351061106e-04
1.146988198161125183e-02
1.150111388415098190e-02
5.751006770879030228e-03
-1.878442615270614624e-02
-8.930173702538013458e-03
9.162022732198238373e-03
-1.676106080412864685e-02
-1.285984925925731659e-02
-1.292296452447772026e-03
-2.397459745407104492e-02
-2.733336761593818665e-02
-9.067578241229057312e-03
1.228002272546291351e-02
3.927519172430038452e-02
5.854466557502746582e-02
6.700836867094039917e-02
5.011796578764915466e-02
1.758237020112574100e-03
-1.127843465656042099e-02
-2.333333157002925873e-02
-7.641526311635971069e-02
-5.772798135876655579e-02
-4.940024763345718384e-02
-1.010566651821136475e-01
-6.359582394361495972e-02
-6.241438165307044983e-02
-1.403375566005706787e-01
-1.491902917623519897e-01
1.146792783401906490e-03
5.348431468009948730e-01
9.137510061264038086e-01
3.642651736736297607e-01
-2.678227126598358154e-01
-2.050158083438873291e-01
-6.890345364809036255e-02
-1.203290820121765137e-01
-1.068963035941123962e-01
-6.426918506622314453e-02
-7.519824057817459106e-02
-1.002270951867103577e-01
-8.734065294265747070e-02
-9.873224794864654541e-02
-1.067783683538436890e-01
-5.072061344981193542e-02
-6.713655591011047363e-02
-9.976442903280258179e-02
-5.520245060324668884e-02
-4.881807044148445129e-02
-5.653722584247589111e-02
-6.300442665815353394e-02
-7.570963352918624878e-02
-1.560146734118461609e-02
4.584141448140144348e-02
5.952890962362289429e-02
1.048077195882797241e-01
1.455706059932708740e-01
1.303562521934509277e-01
1.539555639028549194e-01
1.788677424192428589e-01
1.230776384472846985e-01
1.092702597379684448e-01
7.626138627529144287e-02
-5.023998208343982697e-03
2.715176343917846680e-02
-1.060004346072673798e-02
-1.124875992536544800e-01
-2.918180823326110840e-02
-1.228103693574666977e-02
-1.235694512724876404e-01
-7.688249647617340088e-02
-9.002507664263248444e-03
-3.164890781044960022e-02
-1.134983915835618973e-02
-1.637846417725086212e-02
-6.396036595106124878e-02
-3.805523365736007690e-02
-1.062016468495130539e-02
-4.936891794204711914e-02
-5.375557765364646912e-02
-8.886356838047504425e-03
2.216881327331066132e-02
2.631680108606815338e-02
-4.530628793872892857e-04
-3.891717176884412766e-03
1.209618337452411652e-02
-1.724252849817276001e-02
-1.855054497718811035e-02
2.167462743818759918e-02
2.112421020865440369e-02
1.021569781005382538e-02
1.874694973230361938e-02
1.463321223855018616e-02
7.791337091475725174e-03
2.133735269308090210e-02
4.039134364575147629e-03
-3.188556060194969177e-02
-3.126664320006966591e-03
1.153774186968803406e-02
-1.461531128734350204e-02
1.881833188235759735e-02
3.927426040172576904e-02
1.324925664812326431e-02
4.512545466423034668e-02
6.829287111759185791e-02
2.617461793124675751e-02
2.613324858248233795e-02
1.850176043808460236e-02
-4.318121820688247681e-02
-4.175111651420593262e-02
-3.086460568010807037e-02
-8.012533187866210938e-02
-1.011307016015052795e-01
-7.496722042560577393e-02
-7.311049103736877441e-02
-1.114375814795494080e-01
-1.151685342192649841e-01
-1.402299553155899048e-01
-1.048758532851934433e-02
5.892475247383117676e-01
8.678421378135681152e-01
2.402801364660263062e-01
-2.625712752342224121e-01
-2.135484367609024048e-01
-1.414541751146316528e-01
-7.959751039743423462e-02
-5.654158443212509155e-02
-1.099220141768455505e-01
-7.741876691579818726e-02
-5.272546783089637756e-02
-8.024647086858749390e-02
-7.565588504076004028e-02
-9.942129254341125488e-02
-1.210411861538887024e-01
-6.322383880615234375e-02
-1.866660825908184052e-02
-4.340038448572158813e-02
-5.405600368976593018e-02
-2.647439390420913696e-02
-2.710292115807533264e-02
-3.285311535000801086e-02
1.380801666527986526e-02
5.892045050859451294e-02
6.066539511084556580e-02
6.899794936180114746e-02
1.120452284812927246e-01
1.593875885009765625e-01
1.771251112222671509e-01
1.578702628612518311e-01
1.357354074716567993e-01
1.251679956912994385e-01
6.397587805986404419e-02
-2.172135561704635620e-02
-2.759133093059062958e-02
-2.856332436203956604e-02
-7.229782640933990479e-02
-5.413050949573516846e-02
-3.101765364408493042e-02
-4.978782311081886292e-02
-4.814606159925460815e-02
-6.415507197380065918e-02
-8.203053474426269531e-02
-6.139234453439712524e-02
-4.924627020955085754e-02
-4.507582634687423706e-02
-2.240155637264251709e-02
1.100892433896660805e-03
-1.945291087031364441e-02
-4.329203441739082336e-02
-5.176283419132232666e-03
4.846539814025163651e-03
-2.014051377773284912e-02
-5.646477453410625458e-03
-2.376116208324674517e-05
9.528430178761482239e-03
1.957930065691471100e-02
-5.418192013166844845e-04
9.395966306328773499e-03
1.460681110620498657e-02
-1.895440183579921722e-02
-7.713370025157928467e-03
3.799362853169441223e-02
2.413730882108211517e-02
-1.175634097307920456e-04
3.018492273986339569e-02
3.535435348749160767e-02
4.852590151131153107e-03
-1.457479037344455719e-02
-6.732611451297998428e-03
2.552240714430809021e-02
1.380603387951850891e-02
2.130847497028298676e-05
3.444423899054527283e-02
1.737219654023647308e-02
-4.829792771488428116e-03
4.975469037890434265e-02
6.090261414647102356e-02
1.824656687676906586e-02
6.057980004698038101e-03
-3.335440531373023987e-03
-2.899800240993499756e-02
-7.729168981313705444e-02
-8.492123335599899292e-02
-5.108524486422538757e-02
-8.414322137832641602e-02
-1.026788949966430664e-01
-6.814885139465332031e-02
-8.964385092258453369e-02
-1.458998322486877441e-01
6.542239338159561157e-02
6.552238464355468750e-01
7.640642523765563965e-01
7.908683270215988159e-02
-2.886039614677429199e-01
-1.336701065301895142e-01
-9.621282666921615601e-02
-1.060764789581298828e-01
-8.649407327175140381e-02
-1.088268533349037170e-01
-8.476036787033081055e-02
-7.052881270647048950e-02
-8.777120709419250488e-02
-1.014125719666481018e-01
-9.020397067070007324e-02
-4.360809549689292908e-02
-5.377100408077239990e-02
-5.607906728982925415e-02
-9.635200724005699158e-03
-4.688101634383201599e-02
-6.794599443674087524e-02
-2.960189804434776306e-02
-4.319452494382858276e-02
-3.285061102360486984e-03
6.452327966690063477e-02
5.007554590702056885e-02
7.902649044990539551e-02
1.489180177450180054e-01
1.517586559057235718e-01
1.481576561927795410e-01
1.735535413026809692e-01
1.478682905435562134e-01
8.929293602705001831e-02
6.747017055749893188e-02
1.694486662745475769e-02
-4.591925814747810364e-02
-4.237465187907218933e-02
-4.432851821184158325e-02
-4.879573732614517212e-02
-2.365804277360439301e-02
-4.031905904412269592e-02
-7.021889835596084595e-02
-6.820829212665557861e-02
-6.175913661718368530e-02
-4.499768465757369995e-02
-2.986877597868442535e-02
-2.316600829362869263e-02
-4.624281078577041626e-03
-1.227608416229486465e-02
-5.034211650490760803e-02
-5.879493802785873413e-02
-2.188675478100776672e-02
1.206353027373552322e-02
1.007592678070068359e-02
1.068941783159971237e-02
2.763150818645954132e-02
2.206245996057987213e-02
-2.023360691964626312e-03
-2.226822543889284134e-03
1.197265181690454483e-02
-8.730053901672363281e-03
-2.142056263983249664e-02
1.747533679008483887e-02
2.327419631183147430e-02
6.237445049919188023e-04
1.255230884999036789e-02
7.414069958031177521e-03
-1.056266017258167267e-02
-2.095506899058818817e-02
-3.064412996172904968e-02
8.990672416985034943e-03
2.792851999402046204e-02
-3.547383472323417664e-02
-4.701187089085578918e-02
9.415139444172382355e-03
3.876607865095138550e-02
7.457548379898071289e-02
8.268997073173522949e-02
2.623157948255538940e-02
-4.992954898625612259e-03
-2.639012411236763000e-02
-4.298435151576995850e-02
-2.019250206649303436e-02
-4.190009832382202148e-02
-9.397979080677032471e-02
-6.479739397764205933e-02
-2.792130783200263977e-02
-8.979558199644088745e-02
-1.217806041240692139e-01
-1.160134896636009216e-01
-8.686011657118797302e-03
5.568920373916625977e-01
9.279904961585998535e-01
3.059403896331787109e-01
-2.969990670680999756e-01
-1.777012199163436890e-01
-6.430753320455551147e-02
-1.236132755875587463e-01
-8.386395871639251709e-02
-7.234313338994979858e-02
-1.140628233551979065e-01
-9.576299786567687988e-02
-7.492673397064208984e-02
-1.045251563191413879e-01
-1.048670485615730286e-01
-7.535118609666824341e-02
-8.604875206947326660e-02
-1.008955612778663635e-01
-8.056338131427764893e-02
-6.592592597007751465e-02
-7.292632758617401123e-02
-5.987605080008506775e-02
-3.599267825484275818e-02
-1.485078595578670502e-02
2.474007382988929749e-02
4.166716709733009338e-02
5.424788594245910645e-02
9.580515325069427490e-02
1.333124041557312012e-01
1.909945309162139893e-01
2.112856209278106689e-01
1.461927741765975952e-01
1.073901280760765076e-01
9.372777491807937622e-02
3.607608005404472351e-02
-1.866704784333705902e-02
-2.329770848155021667e-02
-2.364483848214149475e-02
-5.550532415509223938e-02
-4.392684996128082275e-02
-1.070205238647758961e-03
-1.008651126176118851e-02
-2.828736603260040283e-02
-4.464825242757797241e-02
-5.674949288368225098e-02
-3.808015212416648865e-02
-5.385125800967216492e-02
-4.351510480046272278e-02
2.699186466634273529e-02
-2.484156284481287003e-04
-5.468791350722312927e-02
-1.831633225083351135e-02
-5.851791240274906158e-03
-1.479995809495449066e-02
-1.097973552532494068e-03
-1.958979666233062744e-02
-3.280147910118103027e-02
-4.475557245314121246e-03
4.101584106683731079e-02
5.817228183150291443e-02
3.314395900815725327e-03
-3.838162869215011597e-02
-3.691816702485084534e-03
6.386380176991224289e-03
-3.340688720345497131e-02
-2.755075320601463318e-02
2.013260498642921448e-02
2.368056215345859528e-02
-9.412032552063465118e-03
-1.682952605187892914e-02
-1.649989560246467590e-02
-1.675404794514179230e-02
1.472150254994630814e-02
3.344145417213439941e-02
1.649849675595760345e-02
2.211938239634037018e-02
3.777915611863136292e-02
2.802139706909656525e-02
1.153288129717111588e-02
-2.497947402298450470e-02
-5.873988196253776550e-02
-5.609121918678283691e-02
-6.004716828465461731e-02
-6.324598938226699829e-02
-7.319510728120803833e-02
-1.143807396292686462e-01
-9.736974537372589111e-02
-1.047222465276718140e-01
-7.866906374692916870e-02
4.756157994270324707e-01
1.015185236930847168e+00
4.900302588939666748e-01
-2.393011301755905151e-01
-2.096360623836517334e-01
-9.089367836713790894e-02
-1.260026246309280396e-01
-8.419749140739440918e-02
-1.256334036588668823e-01
-1.291712820529937744e-01
-7.075567543506622314e-02
-1.055698171257972717e-01
-9.976655244827270508e-02
-9.303016215562820435e-02
-1.267241537570953369e-01
-7.803899794816970825e-02
-6.462370604276657104e-02
-8.229372650384902954e-02
-3.918824717402458191e-02
-5.228395760059356689e-02
-5.678581073880195618e-02
-6.949919275939464569e-03
-9.148265235126018524e-03
-6.337673868983983994e-03
1.540889125317335129e-02
4.864539206027984619e-02
1.323337405920028687e-01
1.866356879472732544e-01
1.858593225479125977e-01
1.563863009214401245e-01
1.295664161443710327e-01
1.415273994207382202e-01
9.692862629890441895e-02
1.391433645039796829e-02
-2.681674668565392494e-03
-2.672632783651351929e-02
-5.227503553032875061e-02
-4.290256649255752563e-02
-6.844430416822433472e-02
-7.862275838851928711e-02
-4.669649526476860046e-02
-3.509900346398353577e-02
-3.153319656848907471e-02
-4.415937513113021851e-02
-6.378138065338134766e-02
-4.431130737066268921e-02
-4.437942057847976685e-02
-5.050666257739067078e-02
-2.572859870269894600e-03
6.541160983033478260e-04
-1.688985712826251984e-02
2.525584027171134949e-02
2.279586344957351685e-02
-1.852639392018318176e-02
-3.858241951093077660e-03
3.370072320103645325e-02
3.020441345870494843e-02
-1.437003607861697674e-03
6.777055095881223679e-03
2.695913426578044891e-02
-5.104500800371170044e-03
-1.327531598508358002e-02
2.666347846388816833e-02
2.261885628104209900e-02
1.080046604329254478e-05
-4.562912974506616592e-03
-2.660639025270938873e-02
-1.590694114565849304e-02
2.385577186942100525e-02
-3.070120001211762428e-03
-3.368510305881500244e-02
4.872631747275590897e-03
2.558378316462039948e-02
1.302861794829368591e-02
3.080162033438682556e-02
6.583567708730697632e-02
4.860815405845642090e-02
-2.381654269993305206e-02
-4.669401422142982483e-02
-4.112132638692855835e-02
-7.511381059885025024e-02
-7.066374272108078003e-02
-6.919511407613754272e-02
-1.157397180795669556e-01
-1.021102368831634521e-01
-5.824890732765197754e-02
-1.038002818822860718e-01
-1.318306028842926025e-01
2.780338823795318604e-01
8.982958197593688965e-01
6.823144555091857910e-01
-8.960823714733123779e-02
-2.606530785560607910e-01
-1.067130640149116516e-01
-1.247649714350700378e-01
-8.486531674861907959e-02
-6.229114904999732971e-02
-1.132441535592079163e-01
-9.844446182250976562e-02
-8.911264687776565552e-02
-9.362334758043289185e-02
-8.789482712745666504e-02
-1.139983758330345154e-01
-1.101764291524887085e-01
-5.563333258032798767e-02
-4.938916116952896118e-02
-8.551177382469177246e-02
-6.215599551796913147e-02
-2.423436567187309265e-02
-5.152961611747741699e-02
-4.989515990018844604e-02
2.434278652071952820e-02
5.648513883352279663e-02
6.347167491912841797e-02
1.269188374280929565e-01
1.637134253978729248e-01
1.519225090742111206e-01
1.545246690511703491e-01
1.445312798023223877e-01
1.147262528538703918e-01
8.082256466150283813e-02
4.914813861250877380e-02
3.445007652044296265e-02
-4.174436908215284348e-03
-4.675286263227462769e-02
-5.870903655886650085e-02
-7.943679392337799072e-02
-6.708930432796478271e-02
-3.589159622788429260e-02
-3.856943175196647644e-02
-2.360527589917182922e-02
-1.930905319750308990e-02
-5.491731688380241394e-02
-5.040566250681877136e-02
-1.243248768150806427e-02
-3.292960673570632935e-02
-4.715493693947792053e-02
6.332512712106108665e-04
-2.593362890183925629e-02
-5.740380659699440002e-02
2.113476209342479706e-02
3.784515336155891418e-02
9.028222993947565556e-04
1.358840614557266235e-02
-3.836273215711116791e-03
-1.348770875483751297e-02
9.033520705997943878e-03
2.929610200226306915e-03
-3.514728276059031487e-03
-4.008160438388586044e-03
9.053561836481094360e-03
1.242065895348787308e-02
-1.020085811614990234e-02
4.046050831675529480e-03
1.006572041660547256e-02
-4.445297643542289734e-03
6.491153966635465622e-03
-1.208421494811773300e-02
-2.254861406981945038e-02
1.291578914970159531e-02
1.787905208766460419e-02
3.274321323260664940e-03
3.584140539169311523e-02
9.140969067811965942e-02
6.843019276857376099e-02
-7.183403242379426956e-03
-1.134978327900171280e-02
-4.842170514166355133e-03
-5.434961989521980286e-02
-6.858911365270614624e-02
-5.054230988025665283e-02
-6.044802442193031311e-02
-7.960133999586105347e-02
-9.338237345218658447e-02
-8.060555905103683472e-02
-6.983052939176559448e-02
-1.099493876099586487e-01
1.134024336934089661e-01
6.994439363479614258e-01
7.535737752914428711e-01
6.414559483528137207e-02
-2.839459180831909180e-01
-1.446873247623443604e-01
-1.078568771481513977e-01
-1.083884686231613159e-01
-7.901755720376968384e-02
-1.039828062057495117e-01
-9.436699002981185913e-02
-7.283514738082885742e-02
-7.942350208759307861e-02
-7.164788246154785156e-02
-8.292774111032485962e-02
-8.930342644453048706e-02
-5.083360522985458374e-02
-5.159261450171470642e-02
-7.605420053005218506e-02
-5.809124559164047241e-02
-4.948109388351440430e-02
-4.036480188369750977e-02
6.069738883525133133e-03
1.062784809619188309e-02
-5.361360381357371807e-04
6.502804905176162720e-02
1.160418242216110229e-01
1.202990561723709106e-01
1.387463063001632690e-01
1.484404951333999634e-01
1.628801226615905762e-01
1.488170325756072998e-01
7.736831903457641602e-02
5.398907139897346497e-02
4.128956049680709839e-02
-3.935712575912475586e-02
-7.498464733362197876e-02
-5.144019052386283875e-02
-4.074771702289581299e-02
-2.937897481024265289e-02
-4.028021544218063354e-02
-4.584081098437309265e-02
-4.323378950357437134e-02
-8.075144886970520020e-02
-5.221952125430107117e-02
-7.905400358140468597e-03
-5.530203878879547119e-02
-3.859791904687881470e-02
1.235973276197910309e-02
-9.507242590188980103e-03
-8.381663821637630463e-03
-1.343834213912487030e-02
-3.021320141851902008e-02
1.091615203768014908e-02
1.297170016914606094e-02
-2.500810474157333374e-02
1.612634223420172930e-04
2.834503725171089172e-02
9.553975425660610199e-03
5.123939365148544312e-03
1.428720168769359589e-02
2.069015428423881531e-02
3.058474324643611908e-02
-2.724457299336791039e-04
-2.517136372625827789e-02
6.931188050657510757e-03
6.211240310221910477e-03
3.658536879811435938e-04
3.626846894621849060e-02
1.151374261826276779e-02
-3.173275291919708252e-02
-1.208515837788581848e-02
-8.461048710159957409e-04
-9.854112751781940460e-03
-5.414236802607774734e-03
1.434309873729944229e-02
4.287008941173553467e-02
4.312617331743240356e-02
3.614343702793121338e-02
4.678661376237869263e-02
1.458384003490209579e-02
-3.780466318130493164e-02
-4.726111143827438354e-02
-5.054706707596778870e-02
-6.718712300062179565e-02
-8.593054115772247314e-02
-9.131778776645660400e-02
-7.780300080776214600e-02
-7.055956870317459106e-02
-8.914213627576828003e-02
-1.282402873039245605e-01
1.499699056148529053e-01
7.536866664886474609e-01
6.936467289924621582e-01
-3.183320537209510803e-02
-2.649119496345520020e-01
-9.723359346389770508e-02
-9.579743444919586182e-02
-9.853091090917587280e-02
-8.888369798660278320e-02
-1.150488629937171936e-01
-9.694796055555343628e-02
-7.936134189367294312e-02
-6.480533629655838013e-02
-6.436903774738311768e-02
-7.217531651258468628e-02
-5.572251603007316589e-02
-7.132732123136520386e-02
-7.750555127859115601e-02
-4.107153043150901794e-02
-4.036875814199447632e-02
-4.969763383269309998e-02
-4.303678125143051147e-02
-3.233397752046585083e-02
8.939864113926887512e-03
4.151934757828712463e-02
5.843697115778923035e-02
1.068130284547805786e-01
1.479897499084472656e-01
1.455201059579849243e-01
1.435300260782241821e-01
1.690081506967544556e-01
1.420612931251525879e-01
6.147452071309089661e-02
6.011478602886199951e-02
5.454381927847862244e-02
-4.603613168001174927e-02
-7.016283273696899414e-02
-3.154931217432022095e-02
-6.493779271841049194e-02
-9.308008104562759399e-02
-6.205947697162628174e-02
-3.252102807164192200e-02
-4.330384731292724609e-02
-6.056593731045722961e-02
-4.461713135242462158e-02
-2.485113963484764099e-02
-3.314041346311569214e-02
-7.080061733722686768e-02
-5.617913603782653809e-02
2.634336240589618683e-02
2.836668118834495544e-02
-1.212326623499393463e-02
4.711908288300037384e-03
6.639178376644849777e-03
-6.503845099359750748e-03
4.350378178060054779e-03
2.040257304906845093e-02
1.083524059504270554e-02
8.467281237244606018e-03
5.065040662884712219e-02
2.896791882812976837e-02
-3.479670733213424683e-02
-1.070545520633459091e-02
1.249005552381277084e-02
-5.485713481903076172e-03
1.096326671540737152e-02
1.738224178552627563e-02
8.719914592802524567e-03
1.706681586802005768e-02
-2.040709182620048523e-02
-6.006627529859542847e-02
-3.337474307045340538e-03
4.012705385684967041e-02
-5.620100069791078568e-03
-6.524741649627685547e-03
4.646350443363189697e-02
4.963289946317672729e-02
3.117662109434604645e-02
1.755025796592235565e-02
4.794638138264417648e-03
1.351338345557451248e-03
-3.750266134738922119e-02
-7.305241376161575317e-02
-6.673087179660797119e-02
-8.998978137969970703e-02
-9.818784147500991821e-02
-6.192861497402191162e-02
-7.774949073791503906e-02
-1.118381842970848083e-01
-1.401606798171997070e-01
1.222505583427846432e-03
5.948576331138610840e-01
9.204751253128051758e-01
3.010191619396209717e-01
-2.568014860153198242e-01
-1.651647686958312988e-01
-8.895616978406906128e-02
-1.275931745767593384e-01
-9.540434181690216064e-02
-1.004609391093254089e-01
-9.704823046922683716e-02
-7.300823926925659180e-02
-9.329841285943984985e-02
-9.690786898136138916e-02
-6.884522736072540283e-02
-8.856638520956039429e-02
-1.070131510496139526e-01
-6.401394307613372803e-02
-6.632953882217407227e-02
-9.763734042644500732e-02
-6.322586536407470703e-02
-3.895386308431625366e-02
-4.914679005742073059e-02
-7.777352351695299149e-03
4.161315783858299255e-02
4.495589807629585266e-02
1.016931384801864624e-01
1.603042632341384888e-01
1.248738765716552734e-01
1.502208560705184937e-01
2.270961850881576538e-01
1.887862384319305420e-01
1.066774725914001465e-01
5.959419161081314087e-02
1.454717945307493210e-02
-2.635020576417446136e-02
-5.258122831583023071e-02
-4.440412297844886780e-02
-3.326876834034919739e-02
-6.185985729098320007e-02
-5.929308384656906128e-02
-2.970159985125064850e-02
-5.215172097086906433e-02
-6.623959541320800781e-02
-3.733756765723228455e-02
-3.203748166561126709e-02
-4.260215163230895996e-02
-4.225917905569076538e-02
-3.266355395317077637e-02
-1.774199120700359344e-02
-1.655019074678421021e-02
-7.596807088702917099e-03
5.928267724812030792e-03
-5.165731068700551987e-03
-6.936090998351573944e-03
6.217749789357185364e-03
1.435890910215675831e-03
-9.061172604560852051e-03
3.633828833699226379e-03
1.179207675158977509e-02
-5.972906481474637985e-03
-1.489722053520381451e-03
2.524133026599884033e-02
2.626926079392433167e-02
-4.619826097041368484e-03
-1.684882305562496185e-02
1.411602273583412170e-02
2.493340708315372467e-02
7.207548711448907852e-03
-8.420886471867561340e-03
-1.488195639103651047e-02
1.351723913103342056e-02
1.830879226326942444e-02
-2.487015165388584137e-02
-3.211432369425892830e-03
4.915319010615348816e-02
3.528824076056480408e-02
3.944873064756393433e-02
6.823121756315231323e-02
2.603280171751976013e-02
-4.440931603312492371e-02
-7.207623869180679321e-02
-5.874421820044517517e-02
-6.112211197614669800e-02
-1.004636287689208984e-01
-1.034573093056678772e-01
-8.172030746936798096e-02
-7.932447642087936401e-02
-1.092073991894721985e-01
-1.010939627885818481e-01
3.185554146766662598e-01
8.932739496231079102e-01
6.207581758499145508e-01
-1.388391703367233276e-01
-2.825092077255249023e-01
-1.086445823311805725e-01
-1.062713339924812317e-01
-9.399303793907165527e-02
-8.188752084970474243e-02
-9.317424148321151733e-02
-8.705535531044006348e-02
-1.021778956055641174e-01
-8.489152044057846069e-02
-8.431936055421829224e-02
-1.137839779257774353e-01
-7.680607587099075317e-02
-5.859619006514549255e-02
-7.530089467763900757e-02
-4.928266629576683044e-02
-5.279860273003578186e-02
-7.071514427661895752e-02
-3.802414238452911377e-02
-1.263165194541215897e-02
-1.351638929918408394e-03
2.259806729853153229e-02
6.978894025087356567e-02
1.325576603412628174e-01
1.525729596614837646e-01
1.617796272039413452e-01
1.757141202688217163e-01
1.401748508214950562e-01
1.154368296265602112e-01
8.971495181322097778e-02
2.252712100744247437e-02
2.247267402708530426e-02
1.830807514488697052e-02
-5.017374455928802490e-02
-4.619120433926582336e-02
-5.580133572220802307e-02
-9.681122004985809326e-02
-4.529400914907455444e-02
-2.024252340197563171e-02
-4.777247831225395203e-02
-4.592094570398330688e-02
-4.664107039570808411e-02
-4.027765616774559021e-02
-1.496009156107902527e-02
-6.908779498189687729e-03
-3.996572270989418030e-02
-5.078428238630294800e-02
4.906708374619483948e-03
1.254197675734758377e-02
1.890720566734671593e-03
4.179749637842178345e-02
-4.301655106246471405e-03
-4.764784500002861023e-02
1.627271622419357300e-02
7.959017530083656311e-03
-2.359928935766220093e-02
2.072460390627384186e-02
2.373572811484336853e-02
1.768596470355987549e-02
3.578511625528335571e-02
-8.223790675401687622e-03
-3.267925977706909180e-02
1.240235380828380585e-02
1.297579985111951828e-02
-3.625627374276518822e-03
1.216055080294609070e-02
1.027091592550277710e-02
9.859208948910236359e-03
-1.083786506205797195e-02
-4.104593768715858459e-02
-5.152028053998947144e-03
7.660461124032735825e-03
-1.639362238347530365e-02
7.278935983777046204e-03
2.096410654485225677e-02
2.278780564665794373e-02
3.831925615668296814e-02
3.235885500907897949e-02
2.511576749384403229e-02
-8.071785559877753258e-04
-5.962663516402244568e-02
-8.502008020877838135e-02
-6.202708929777145386e-02
-5.217196792364120483e-02
-7.180737704038619995e-02
-6.958956271409988403e-02
-6.167545542120933533e-02
-8.433479815721511841e-02
-1.315489262342453003e-01
3.371029859408736229e-03
5.546625256538391113e-01
8.427864909172058105e-01
2.821931242942810059e-01
-2.194440960884094238e-01
-1.557803303003311157e-01
-8.926448225975036621e-02
-1.179488599300384521e-01
-1.065621301531791687e-01
-8.433002978563308716e-02
-6.183682382106781006e-02
-8.610101789236068726e-02
-8.809237182140350342e-02
-6.575246155261993408e-02
-1.033049896359443665e-01
-1.114784777164459229e-01
-6.828808039426803589e-02
-5.281236767768859863e-02
-6.324907392263412476e-02
-7.701021432876586914e-02
-4.035918042063713074e-02
-1.466672960668802261e-02
-5.500483885407447815e-02
-1.540900766849517822e-02
4.840816184878349304e-02
3.562745079398155212e-02
6.199201568961143494e-02
1.029334291815757751e-01
1.228315755724906921e-01
1.654988527297973633e-01
1.685501784086227417e-01
1.243111118674278259e-01
9.611474722623825073e-02
8.068022876977920532e-02
4.619728401303291321e-02
-1.661497540771961212e-02
-5.532378330826759338e-02
-2.955216728150844574e-02
-4.325124248862266541e-02
-9.132795780897140503e-02
-4.193988442420959473e-02
5.857270210981369019e-03
-4.351628199219703674e-02
-6.824122369289398193e-02
-3.198468312621116638e-02
-2.987668663263320923e-02
-3.866934776306152344e-02
-1.983709260821342468e-02
-2.311404794454574585e-02
-1.519742072559893131e-03
1.343070901930332184e-02
-2.737585082650184631e-02
-1.499333325773477554e-02
4.677753429859876633e-03
-3.202999476343393326e-03
1.505780778825283051e-02
-7.333584595471620560e-03
-1.924121938645839691e-02
1.585067063570022583e-02
1.408237381838262081e-03
4.496972542256116867e-04
3.719113022089004517e-02
-1.800889614969491959e-03
-3.355097398161888123e-02
1.502004172652959824e-02
1.967979222536087036e-02
-2.852402394637465477e-04
3.206324065104126930e-03
-5.343874450773000717e-03
1.924971863627433777e-02
2.848543785512447357e-02
-6.271430291235446930e-03
4.118528682738542557e-03
8.350399322807788849e-03
-2.741708979010581970e-02
-2.490145713090896606e-02
-2.886232396122068167e-04
5.787326954305171967e-03
2.816359512507915497e-02
7.254163920879364014e-02
5.794289335608482361e-02
-3.351312829181551933e-03
4.821780137717723846e-03
-8.861775510013103485e-03
-9.731614589691162109e-02
-7.075393944978713989e-02
-2.135223336517810822e-02
-9.187322854995727539e-02
-8.708119392395019531e-02
-5.970278754830360413e-02
-1.150452569127082825e-01
-9.587467461824417114e-02
-6.460624933242797852e-02
2.146861851215362549e-01
7.944156527519226074e-01
6.708517670631408691e-01
-9.534037113189697266e-02
-3.076477348804473877e-01
-8.942314982414245605e-02
-6.320498138666152954e-02
-1.084116846323013306e-01
-9.232477098703384399e-02
-7.895718514919281006e-02
-9.157665818929672241e-02
-9.135886281728744507e-02
-7.127646356821060181e-02
-7.391822338104248047e-02
-8.096833527088165283e-02
-7.484352588653564453e-02
-7.718857377767562866e-02
-6.585137546062469482e-02
-5.181855335831642151e-02
-6.663250923156738281e-02
-5.420806631445884705e-02
-2.084113284945487976e-02
-2.796925790607929230e-02
-2.571102231740951538e-02
2.740698494017124176e-02
7.525341957807540894e-02
1.051308289170265198e-01
1.521697640419006348e-01
1.680093705654144287e-01
1.554323583841323853e-01
1.727164536714553833e-01
1.479447185993194580e-01
7.564531266689300537e-02
3.134289011359214783e-02
4.299228079617023468e-03
-8.709899149835109711e-03
-3.071626089513301849e-02
-6.622301787137985229e-02
-6.846721470355987549e-02
-5.717840045690536499e-02
-4.503119736909866333e-02
-3.076004981994628906e-02
-3.853787481784820557e-02
-4.878008738160133362e-02
-3.523018583655357361e-02
-2.205894328653812408e-02
-4.288449138402938843e-02
-4.570757597684860229e-02
-4.468752536922693253e-03
-1.997167943045496941e-03
-3.194572031497955322e-02
-2.041690237820148468e-02
5.521036218851804733e-03
-3.032440319657325745e-03
-8.904616348445415497e-03
7.693250663578510284e-03
-2.435110043734312057e-03
-8.354141376912593842e-03
2.336440375074744225e-03
-1.136387698352336884e-02
1.284991484135389328e-02
4.697498679161071777e-02
2.756531722843647003e-02
6.480628624558448792e-03
-2.708517573773860931e-02
-2.597805671393871307e-02
2.782765589654445648e-02
1.340640708804130554e-03
-3.172928839921951294e-02
2.399132773280143738e-02
3.433123975992202759e-02
-1.524038612842559814e-02
-3.060912713408470154e-02
-4.526819568127393723e-03
2.612526901066303253e-02
2.064819075167179108e-02
3.523637726902961731e-02
6.347390264272689819e-02
2.089759521186351776e-02
1.374625135213136673e-02
2.006539888679981232e-02
-6.321907788515090942e-02
-6.250662356615066528e-02
-1.134649105370044708e-02
-7.999563217163085938e-02
-9.724409878253936768e-02
-4.992107674479484558e-02
-9.929138422012329102e-02
-1.168225631117820740e-01
-1.102773994207382202e-01
-4.125164076685905457e-02
4.978869259357452393e-01
9.421670436859130859e-01
4.032952487468719482e-01
-2.563402950763702393e-01
-2.304873019456863403e-01
-1.094578802585601807e-01
-1.198914274573326111e-01
-9.765897691249847412e-02
-1.168020889163017273e-01
-1.173852980136871338e-01
-6.568232923746109009e-02
-6.731017678976058960e-02
-1.057700514793395996e-01
-9.768839180469512939e-02
-8.347970992326736450e-02
-9.204700589179992676e-02
-7.442954927682876587e-02
-4.812588542699813843e-02
-4.172482341527938843e-02
-3.480121120810508728e-02
-3.554775565862655640e-02
-5.726680904626846313e-02
-3.040404990315437317e-02
2.544982172548770905e-02
3.960772231221199036e-02
9.263485670089721680e-02
1.452329158782958984e-01
1.416240632534027100e-01
1.956341117620468140e-01
2.032779008150100708e-01
9.360916912555694580e-02
7.745797187089920044e-02
1.150818914175033569e-01
5.448028817772865295e-02
4.374404903501272202e-03
-1.805855706334114075e-02
-7.001399248838424683e-02
-7.016819715499877930e-02
-4.481507092714309692e-02
-6.376794725656509399e-02
-5.759403109550476074e-02
-3.872637078166007996e-02
-5.089401081204414368e-02
-3.969268500804901123e-02
-3.749960288405418396e-02
-5.763038247823715210e-02
-3.701698780059814453e-02
-2.715952508151531219e-02
-3.370951488614082336e-02
-2.215845277532935143e-03
2.716683782637119293e-03
-1.493123359978199005e-02
7.079199887812137604e-03
5.725835449993610382e-03
-1.101843267679214478e-02
5.725968629121780396e-03
-5.846070591360330582e-03
-1.716291881166398525e-03
3.502346947789192200e-02
9.594486095011234283e-03
1.995288999751210213e-03
1.352371741086244583e-02
-2.507371641695499420e-02
-2.281510969623923302e-03
2.561491914093494415e-02
-2.441101009026169777e-03
2.140779234468936920e-02
7.764556910842657089e-03
-4.011090099811553955e-02
4.024774301797151566e-03
2.156252041459083557e-02
-1.358468178659677505e-02
5.686909891664981842e-03
1.609282009303569794e-02
-3.868462983518838882e-03
2.546726912260055542e-02
5.250525102019309998e-02
2.511614747345447540e-02
2.926423214375972748e-02
4.574097692966461182e-02
-1.212898083031177521e-02
-6.794176250696182251e-02
-6.019645929336547852e-02
-5.615150928497314453e-02
-6.936406344175338745e-02
-5.204354599118232727e-02
-6.922191381454467773e-02
-1.299164444208145142e-01
-1.156428828835487366e-01
-8.817316591739654541e-02
1.653593778610229492e-01
7.529662251472473145e-01
7.402770519256591797e-01
1.544275879859924316e-02
-2.641702294349670410e-01
-1.154957339167594910e-01
-1.145951747894287109e-01
-1.063042581081390381e-01
-6.761737167835235596e-02
-9.047661721706390381e-02
-1.024059876799583435e-01
-1.000399366021156311e-01
-8.741915971040725708e-02
-7.752610743045806885e-02
-8.049531280994415283e-02
-1.132969111204147339e-01
-1.241585165262222290e-01
-6.095704063773155212e-02
-4.133708775043487549e-02
-5.958555266261100769e-02
-3.726105019450187683e-02
-2.213018760085105896e-02
-1.749012246727943420e-02
-1.494643464684486389e-02
5.180202890187501907e-03
4.836869612336158752e-02
8.113773912191390991e-02
1.285652965307235718e-01
1.556276381015777588e-01
1.339445710182189941e-01
1.536254435777664185e-01
1.743002235889434814e-01
9.898268431425094604e-02
2.148044854402542114e-02
9.468308649957180023e-03
-5.474730860441923141e-03
-3.369769826531410217e-02
-4.738371819257736206e-02
-3.279938548803329468e-02
-1.079845521599054337e-02
-4.647980257868766785e-02
-7.324166595935821533e-02
-1.826753839850425720e-02
-1.128879282623529434e-02
-5.796011537313461304e-02
-3.198907896876335144e-02
5.165761802345514297e-03
-1.208701357245445251e-02
-2.276952937245368958e-02
-1.987700350582599640e-03
1.035659108310937881e-02
4.080973565578460693e-03
2.706127986311912537e-02
2.648563496768474579e-02
-3.503932803869247437e-02
-3.395428135991096497e-02
1.166832353919744492e-02
6.416947115212678909e-03
2.619273727759718895e-03
3.125951625406742096e-03
-2.659352263435721397e-03
4.594902042299509048e-03
-5.757782142609357834e-03
-1.620129868388175964e-02
-3.742195898666977882e-03
1.257336325943470001e-02
-1.438322709873318672e-03
-3.253759443759918213e-02
-1.010659802705049515e-02
-2.186007332056760788e-03
-4.912668094038963318e-02
-3.431624919176101685e-02
-2.895432757213711739e-03
-3.994994610548019409e-02
-3.216618299484252930e-02
3.114108182489871979e-02
1.876878738403320312e-02
7.049224339425563812e-03
7.391081750392913818e-02
6.017891690135002136e-02
-7.405604992527514696e-05
-6.134725175797939301e-03
-4.934486374258995056e-02
-6.297875195741653442e-02
-3.126190975308418274e-02
-7.077270746231079102e-02
-7.288850098848342896e-02
-5.228766053915023804e-02
-9.704740345478057861e-02
-6.264114379882812500e-02
-6.058399751782417297e-02
-1.157297473400831223e-02
5.182088613510131836e-01
8.455994725227355957e-01
2.883374392986297607e-01
-2.066915035247802734e-01
-1.700734645128250122e-01
-1.063235551118850708e-01
-5.139350891113281250e-02
-4.452037438750267029e-02
-9.025373309850692749e-02
-5.321235582232475281e-02
-6.268814206123352051e-02
-8.385246992111206055e-02
-7.350365817546844482e-02
-8.774143457412719727e-02
-7.011503726243972778e-02
-7.358097285032272339e-02
-7.269939780235290527e-02
-4.981904849410057068e-02
-8.304404467344284058e-02
-8.015074580907821655e-02
-2.773059345781803131e-02
-1.277460437268018723e-02
-2.615424990653991699e-02
-3.330864384770393372e-02
2.478948794305324554e-02
8.221814036369323730e-02
7.591841369867324829e-02
1.081495136022567749e-01
1.340563595294952393e-01
9.945865720510482788e-02
1.071402207016944885e-01
8.882530033588409424e-02
2.031259424984455109e-02
1.200335565954446793e-02
5.732768680900335312e-03
-2.619507908821105957e-02
-3.120986185967922211e-02
-5.170498788356781006e-02
-5.969655886292457581e-02
-3.063111007213592529e-02
-2.798237465322017670e-02
-3.124517761170864105e-02
-1.267330255359411240e-02
-2.532484754920005798e-02
-2.405723184347152710e-02
2.573113655671477318e-03
-5.243208725005388260e-03
6.304780486971139908e-03
2.729392983019351959e-02
-2.152790781110525131e-03
2.658770605921745300e-02
4.589565470814704895e-02
