1.674927771091461182e-02
4.579544533044099808e-03
-6.815444678068161011e-02
-1.978148892521858215e-02
3.039055503904819489e-02
4.754262045025825500e-03
4.070404544472694397e-02
1.050570383667945862e-01
7.462422549724578857e-02
2.373688109219074249e-02
4.934343975037336349e-03
3.342842310667037964e-02
4.067453742027282715e-02
-3.220402449369430542e-02
-3.977392986416816711e-02
5.227613449096679688e-02
-2.225366607308387756e-02
-1.656409204006195068e-01
-9.864491969347000122e-02
-4.071771353483200073e-02
-1.063021272420883179e-01
-1.192565113306045532e-01
-1.468740254640579224e-01
-1.943343579769134521e-01
-1.965181678533554077e-01
-1.565679758787155151e-01
-1.017148345708847046e-01
-1.209413185715675354e-01
-1.274066865444183350e-01
-5.894806981086730957e-02
-4.551737010478973389e-02
-2.671710774302482605e-02
3.494323045015335083e-02
1.677761226892471313e-02
8.649931289255619049e-03
9.840846806764602661e-02
9.815277904272079468e-02
6.064130738377571106e-02
1.088429689407348633e-01
2.112240940332412720e-01
5.952945351600646973e-01
9.466777443885803223e-01
6.284373402595520020e-01
1.450104266405105591e-01
3.307746723294258118e-02
-1.604887843132019043e-02
-1.024728864431381226e-01
-9.043519943952560425e-02
-8.857183903455734253e-02
-1.594136804342269897e-01
-1.414791643619537354e-01
-1.037749350070953369e-01
-2.085288017988204956e-01
-2.481973469257354736e-01
-1.934607177972793579e-01
-1.804725229740142822e-01
-1.552454978227615356e-01
-1.451952010393142700e-01
-1.729011386632919312e-01
-2.224948704242706299e-01
-1.686458289623260498e-01
2.325242757797241211e-02
3.708591312170028687e-02
-4.752902686595916748e-02
-8.086709305644035339e-03
-9.606872685253620148e-03
4.423103760927915573e-03
1.179069578647613525e-01
1.257605254650115967e-01
2.774238400161266327e-02
1.625172421336174011e-02
7.659386843442916870e-02
4.696387052536010742e-02
-3.300903365015983582e-02
-3.666941449046134949e-02
-4.426994360983371735e-03
-1.555410772562026978e-02
-1.970020122826099396e-02
4.017307236790657043e-02
2.139083854854106903e-02
-4.399737343192100525e-02
6.181353703141212463e-02
1.155506297945976257e-01
1.354168914258480072e-02
3.508216515183448792e-02
1.075368747115135193e-01
6.924457103013992310e-02
3.908356279134750366e-02
7.297649979591369629e-02
8.149148523807525635e-02
4.371822625398635864e-02
3.102072328329086304e-02
4.619881883263587952e-02
1.338107045739889145e-02
1.206120569258928299e-02
9.267814457416534424e-02
2.587113995105028152e-03
-1.031172052025794983e-01
1.583602838218212128e-02
-2.357284165918827057e-02
-9.004024416208267212e-02
4.468708299100399017e-03
-1.616693139076232910e-01
-2.184894680976867676e-01
3.377500176429748535e-02
-2.190015092492103577e-02
-1.666015386581420898e-01
-6.338242441415786743e-02
-2.542207017540931702e-02
-6.146075576543807983e-02
-1.009796932339668274e-01
-1.298503726720809937e-01
-5.157747864723205566e-02
1.483613066375255585e-02
2.717331349849700928e-01
6.677806973457336426e-01
4.590533077716827393e-01
-8.148277550935745239e-02
-2.184725552797317505e-01
-1.452788263559341431e-01
-4.443391785025596619e-02
2.568779513239860535e-03
-7.979346066713333130e-02
-2.903719618916511536e-02
1.260303054004907608e-02
-9.290634095668792725e-02
-5.315530672669410706e-02
8.750234730541706085e-03
-3.466396406292915344e-02
-4.382943734526634216e-02
-9.611544013023376465e-02
-1.183416396379470825e-01
-4.796889424324035645e-02
-9.403728879988193512e-03
-7.744400762021541595e-03
-4.601982980966567993e-02
-9.079692885279655457e-03
7.753023505210876465e-02
3.495943546295166016e-02
-2.812696387991309166e-03
1.691019907593727112e-02
5.915363878011703491e-02
1.354451179504394531e-01
1.056108176708221436e-01
3.031592629849910736e-02
4.367715865373611450e-02
-2.598392777144908905e-03
-3.207686915993690491e-02
6.899496167898178101e-02
-1.483443425968289375e-03
-8.893027901649475098e-02
3.954434767365455627e-02
-1.834615319967269897e-02
-7.058861106634140015e-02
1.111049726605415344e-01
5.947924032807350159e-02
-7.254857569932937622e-02
-3.830405324697494507e-02
-4.481624811887741089e-02
-2.591785416007041931e-02
-6.097550503909587860e-03
-7.237673550844192505e-02
-7.627514004707336426e-02
-6.280730664730072021e-02
-1.004590466618537903e-01
-4.502129927277565002e-02
-2.171658677980303764e-03
-4.489460214972496033e-02
4.719524085521697998e-02
1.027872264385223389e-01
-4.935945197939872742e-02
-9.673252701759338379e-02
-2.568804472684860229e-02
-8.523444645106792450e-03
1.981361359357833862e-01
6.210953593254089355e-01
7.232915163040161133e-01
3.123669028282165527e-01
-9.933102130889892578e-02
-1.932992339134216309e-01
-1.832604259252548218e-01
-1.403962969779968262e-01
-7.547583431005477905e-02
-1.388664841651916504e-01
-1.396305412054061890e-01
-6.331322342157363892e-02
-1.392163336277008057e-01
-1.506981104612350464e-01
-1.321290582418441772e-01
-1.801975220441818237e-01
-8.964589238166809082e-02
-9.265727549791336060e-02
-1.613210290670394897e-01
-9.524939209222793579e-02
-1.189844310283660889e-01
-8.263172209262847900e-02
2.328634634613990784e-02
-4.045553132891654968e-02
-6.323049776256084442e-03
1.009493470191955566e-01
6.349375844001770020e-02
9.170840680599212646e-02
1.498955041170120239e-01
1.612238585948944092e-01
1.728062331676483154e-01
3.258701413869857788e-02
-3.483656048774719238e-02
7.333478331565856934e-02
2.456873282790184021e-02
-8.716480433940887451e-02
-1.109108924865722656e-01
-1.595413684844970703e-02
1.351201087236404419e-01
8.855427056550979614e-02
4.176494479179382324e-02
1.372342258691787720e-01
1.473254412412643433e-01
1.188171133399009705e-01
1.302977800369262695e-01
1.201455742120742798e-01
1.022849306464195251e-01
9.459472447633743286e-02
3.697007521986961365e-02
-5.595602467656135559e-02
-6.829376518726348877e-02
-4.280823096632957458e-02
-9.986852854490280151e-02
-1.469895690679550171e-01
-1.334185302257537842e-01
-1.915514022111892700e-01
-1.885214745998382568e-01
-2.152045071125030518e-02
-1.073635555803775787e-02
-1.620322465896606445e-01
-1.661010533571243286e-01
-8.120343834161758423e-02
-7.947440445423126221e-02
-9.873609244823455811e-02
-8.099870383739471436e-02
7.134972140192985535e-03
3.618225157260894775e-01
7.389959692955017090e-01
4.627866148948669434e-01
-1.502275913953781128e-01
-2.790876030921936035e-01
-1.301449835300445557e-01
-9.032205492258071899e-02
-5.971631035208702087e-02
-7.391360402107238770e-02
-1.222259998321533203e-01
-7.563409209251403809e-02
-4.443044587969779968e-02
-1.083966493606567383e-01
-1.381427347660064697e-01
-1.295958906412124634e-01
-1.309504657983779907e-01
-6.231995299458503723e-02
-9.626416489481925964e-03
-4.919356107711791992e-02
-2.751931175589561462e-02
4.260477051138877869e-02
7.502539455890655518e-02
7.849695533514022827e-02
5.507190898060798645e-02
8.597636967897415161e-02
1.581403911113739014e-01
1.691330075263977051e-01
1.750333011150360107e-01
2.101006358861923218e-01
2.145195752382278442e-01
1.779226958751678467e-01
1.197870597243309021e-01
8.455348759889602661e-02
4.880353808403015137e-02
-1.117835287004709244e-03
2.390047907829284668e-02
2.146707475185394287e-02
-5.582356452941894531e-02
-2.076110988855361938e-02
1.894591748714447021e-02
-9.439061582088470459e-02
-1.730629354715347290e-01
-1.484879702329635620e-01
-1.158650070428848267e-01
-7.152441143989562988e-02
-6.189223006367683411e-02
-6.588258594274520874e-02
-1.053490210324525833e-02
-1.900540292263031006e-02
-7.178366184234619141e-02
-5.435291305184364319e-02
-5.830220133066177368e-02
-7.886473089456558228e-02
-9.692506492137908936e-02
-1.674289405345916748e-01
-1.651715487241744995e-01
-9.811110049486160278e-02
-8.985579758882522583e-02
-5.798436328768730164e-02
1.080001424998044968e-02
2.677548490464687347e-02
-1.592081785202026367e-02
-4.931151121854782104e-02
-1.218065712600946426e-02
3.581717982888221741e-02
1.067730784416198730e-01
2.294192910194396973e-01
1.708480566740036011e-01
-4.964439198374748230e-03
5.611138045787811279e-02
1.479542851448059082e-01
1.208010241389274597e-01
4.033115208148956299e-01
7.707747220993041992e-01
4.835376441478729248e-01
-8.681412786245346069e-02
-2.751522362232208252e-01
-3.125969469547271729e-01
-2.621146738529205322e-01
-8.337677270174026489e-02
-8.472757041454315186e-02
-1.722959727048873901e-01
-1.939541995525360107e-01
-1.810561120510101318e-01
-4.458000510931015015e-02
1.925826631486415863e-02
-9.115096926689147949e-02
-9.471907466650009155e-02
-7.511734217405319214e-02
-1.348920017480850220e-01
-3.766852617263793945e-02
7.112651318311691284e-02
1.260145753622055054e-02
1.993061974644660950e-02
6.406354904174804688e-02
4.556567221879959106e-02
1.648069024085998535e-01
2.757402360439300537e-01
9.997177869081497192e-02
-2.908294647932052612e-02
1.009878143668174744e-01
1.135082021355628967e-01
-2.942683349829167128e-04
7.220211438834667206e-03
-3.428102284669876099e-02
-1.399980038404464722e-01
-1.221971660852432251e-01
-9.622533619403839111e-02
-1.084265112876892090e-01
-7.643911242485046387e-02
-6.109710037708282471e-02
-7.309019565582275391e-02
-1.217658817768096924e-01
-1.827747076749801636e-01
-1.117048189043998718e-01
-2.354098111391067505e-02
-5.528270825743675232e-02
-5.006398633122444153e-02
1.170406769961118698e-02
3.674248978495597839e-02
3.140232339501380920e-02
5.578040704131126404e-02
1.259888410568237305e-01
1.835685521364212036e-01
2.901701331138610840e-01
3.362016975879669189e-01
2.129675298929214478e-01
2.072360068559646606e-01
1.933981329202651978e-01
1.064988132566213608e-02
3.947015479207038879e-02
1.158425360918045044e-01
-2.213722281157970428e-02
-5.012797936797142029e-02
-3.570949286222457886e-02
-1.528595834970474243e-01
-1.736133098602294922e-01
-1.872645467519760132e-01
-2.731716036796569824e-01
-2.296793609857559204e-01
-1.824213415384292603e-01
-2.004405856132507324e-01
-1.882333308458328247e-01
-1.085152477025985718e-01
2.690968215465545654e-01
6.496335864067077637e-01
4.055339694023132324e-01
-9.709431231021881104e-02
-2.435617297887802124e-01
-1.686267107725143433e-01
-1.332928240299224854e-01
-1.163464933633804321e-01
-7.176131755113601685e-02
-7.798248529434204102e-02
-1.350056231021881104e-01
-9.616348147392272949e-02
9.840809740126132965e-03
-4.406005516648292542e-02
-1.024730056524276733e-01
6.802263855934143066e-02
3.503916785120964050e-02
-1.752496212720870972e-01
-2.794364280998706818e-02
1.150858029723167419e-01
3.735292702913284302e-02
7.821360230445861816e-02
1.065254509449005127e-01
1.007183939218521118e-01
1.585957556962966919e-01
1.386283487081527710e-01
1.456429511308670044e-01
1.871397942304611206e-01
1.107589378952980042e-01
6.989969313144683838e-02
1.573908925056457520e-01
2.168179899454116821e-01
9.733200818300247192e-02
-8.076462894678115845e-02
-1.681792177259922028e-02
9.449715167284011841e-02
-4.500534012913703918e-02
-1.059781983494758606e-01
7.420428446494042873e-04
-5.596401542425155640e-02
-1.225234568119049072e-01
-5.577632412314414978e-02
-9.311204403638839722e-02
-1.179361715912818909e-01
-1.417643157765269279e-03
-2.422682568430900574e-02
-1.522232890129089355e-01
-1.229501962661743164e-01
-4.195872321724891663e-02
-4.219234362244606018e-02
-7.871282845735549927e-02
-9.903210401535034180e-02
-6.093059480190277100e-02
-4.281554371118545532e-02
-6.272122263908386230e-02
-7.595407217741012573e-02
-1.973314732313156128e-01
-2.325183004140853882e-01
1.830578083172440529e-03
9.842880070209503174e-02
-4.840842261910438538e-02
-1.260355859994888306e-01
-6.594707071781158447e-02
5.220219492912292480e-02
5.822620913386344910e-02
-3.778573870658874512e-02
-4.535694420337677002e-02
-1.055452041327953339e-03
1.563526242971420288e-01
5.877320170402526855e-01
8.855901360511779785e-01
5.742020606994628906e-01
7.925549894571304321e-02
-6.961429119110107422e-02
-5.764229968190193176e-02
-6.507529318332672119e-02
-5.667877569794654846e-02
-9.605030715465545654e-02
-1.197398602962493896e-01
-6.843167543411254883e-02
-8.953593671321868896e-02
-1.656201034784317017e-01
-1.318297535181045532e-01
-7.365423440933227539e-02
-1.278963536024093628e-01
-1.381108909845352173e-01
-6.805481761693954468e-02
-9.263373166322708130e-02
-7.805058360099792480e-02
1.373318675905466080e-02
-1.642172783613204956e-02
-4.305867105722427368e-02
-1.605255296453833580e-03
-2.320290915668010712e-02
-5.175993964076042175e-02
8.615260012447834015e-03
1.317629814147949219e-01
1.781380623579025269e-01
9.864785522222518921e-02
3.092634864151477814e-02
1.660091243684291840e-02
1.099644694477319717e-02
-1.289710169658064842e-03
-5.844506621360778809e-02
-7.436838001012802124e-02
7.934777997434139252e-03
4.400463774800300598e-02
-1.067155227065086365e-02
-5.010369420051574707e-02
-4.674938321113586426e-02
-3.091780282557010651e-02
4.676920175552368164e-02
9.844169765710830688e-02
3.374681621789932251e-02
1.510336995124816895e-02
-2.597099542617797852e-02
-1.104981079697608948e-01
-2.403837814927101135e-02
4.595630615949630737e-02
-1.294719614088535309e-02
-6.652424484491348267e-02
-8.586470037698745728e-02
1.376753789372742176e-03
2.337545901536941528e-02
-7.259703427553176880e-02
-1.007618568837642670e-02
4.811580106616020203e-02
-2.267364412546157837e-02
6.736843846738338470e-03
2.422585338354110718e-02
-7.097907364368438721e-02
-9.221781045198440552e-02
-6.032744050025939941e-02
-7.676032930612564087e-02
-9.462742134928703308e-03
3.241691291332244873e-01
6.936354041099548340e-01
5.404211878776550293e-01
-2.732357382774353027e-02
-3.247514963150024414e-01
-2.338404953479766846e-01
-1.057283654808998108e-01
-6.167491152882575989e-02
-3.453999385237693787e-02
-2.042661793529987335e-02
-1.651445962488651276e-02
-6.796140223741531372e-03
-1.303745713084936142e-02
-6.009486690163612366e-02
-7.763356715440750122e-02
2.620293013751506805e-02
8.637807331979274750e-03
-1.467670947313308716e-01
-4.535323381423950195e-02
2.404866181313991547e-02
-1.422338634729385376e-01
-6.961565464735031128e-02
4.321279749274253845e-02
-4.901396855711936951e-02
7.048300933092832565e-03
5.196009576320648193e-02
-6.806719303131103516e-02
-7.225308567285537720e-03
1.276573836803436279e-01
1.030147671699523926e-01
7.661845535039901733e-02
5.051907896995544434e-02
1.311326865106821060e-02
4.487096145749092102e-02
2.265444211661815643e-02
-3.257901966571807861e-02
-2.164179272949695587e-02
-3.102662414312362671e-02
-5.075737461447715759e-02
7.971925660967826843e-03
7.882294058799743652e-02
-1.853002794086933136e-02
-1.682106256484985352e-01
-8.042496442794799805e-02
5.568795651197433472e-02
1.969848573207855225e-02
-1.296103000640869141e-02
3.888135775923728943e-02
4.044371843338012695e-02
-3.138581290841102600e-02
1.645167730748653412e-02
8.982528746128082275e-02
-7.797321770340204239e-03
-2.866881340742111206e-02
2.934620156884193420e-02
-4.347977042198181152e-02
-5.316000804305076599e-02
2.252712659537792206e-02
-2.962967008352279663e-02
-1.137333363294601440e-01
-6.958573311567306519e-02
3.913174197077751160e-02
7.588876783847808838e-02
3.711387515068054199e-02
3.762686625123023987e-02
5.821458250284194946e-02
1.672424003481864929e-02
-2.179677970707416534e-02
-1.452045608311891556e-02
-2.598083764314651489e-02
-2.395158633589744568e-03
3.804376721382141113e-02
-7.756055146455764771e-02
5.456217378377914429e-02
6.237670779228210449e-01
6.614641547203063965e-01
7.483348995447158813e-02
-2.274575233459472656e-01
-3.152677714824676514e-01
-3.242581188678741455e-01
-1.535836458206176758e-01
-1.447302997112274170e-01
-1.562972366809844971e-01
-9.325412660837173462e-02
-1.993665099143981934e-01
-1.532726287841796875e-01
-1.297655329108238220e-02
-1.040601953864097595e-01
-6.064880266785621643e-02
8.635449409484863281e-02
2.295504510402679443e-02
-2.821485977619886398e-03
5.308938771486282349e-02
-1.462839543819427490e-02
-6.396532058715820312e-02
6.406281888484954834e-02
1.693782508373260498e-01
1.226154267787933350e-01
8.431376516819000244e-02
4.710179567337036133e-02
2.002089284360408783e-02
1.416558176279067993e-01
2.110779434442520142e-01
1.109311059117317200e-01
1.100378576666116714e-02
-7.033739984035491943e-02
-4.870964586734771729e-02
3.696351870894432068e-02
-5.807901918888092041e-02
-1.446598768234252930e-01
-6.163755059242248535e-02
-3.613561764359474182e-02
-5.436670780181884766e-02
-1.520054601132869720e-02
-1.528402790427207947e-03
-2.736302092671394348e-02
-3.532403707504272461e-02
-9.552217088639736176e-03
1.015746779739856720e-02
3.080000355839729309e-02
2.423222362995147705e-02
-2.974802628159523010e-02
-1.079669594764709473e-02
2.246762253344058990e-02
2.385648153722286224e-02
8.110545575618743896e-02
9.671717882156372070e-02
4.173975810408592224e-02
-2.277080900967121124e-02
-6.312508881092071533e-02
-4.779955372214317322e-02
-1.580830849707126617e-02
-1.045954995788633823e-03
-4.151703417301177979e-02
-3.784455731511116028e-02
1.968205720186233521e-02
-7.725090533494949341e-02
-1.480218470096588135e-01
-3.422811627388000488e-02
-1.547350082546472549e-03
-3.068459406495094299e-02
-2.737951278686523438e-02
-1.140064597129821777e-01
-1.534544527530670166e-01
1.477131620049476624e-02
3.586267828941345215e-01
6.980013847351074219e-01
6.058104038238525391e-01
9.995185583829879761e-02
-2.427489012479782104e-01
-2.261939048767089844e-01
-1.239236593246459961e-01
-1.382781267166137695e-01
-1.529678553342819214e-01
-8.727273344993591309e-02
-1.018812805414199829e-01
-1.397702097892761230e-01
-1.197388023138046265e-01
-1.643900424242019653e-01
-1.551412045955657959e-01
-3.461762890219688416e-02
-1.281973440200090408e-02
-3.579142689704895020e-02
-2.930046804249286652e-02
-7.982781529426574707e-02
-4.888404160737991333e-02
4.215686395764350891e-02
1.296440232545137405e-02
2.242837101221084595e-02
1.129427850246429443e-01
1.699982285499572754e-01
2.074856609106063843e-01
1.632340103387832642e-01
1.523359566926956177e-01
1.601106971502304077e-01
-1.603555306792259216e-02
-1.786236651241779327e-03
1.896819323301315308e-01
5.732027441263198853e-02
-5.791035667061805725e-02
3.530028834939002991e-02
5.907041020691394806e-03
-4.731573164463043213e-02
-8.692054450511932373e-02
-8.237983286380767822e-02
-1.751468051224946976e-03
-1.017957255244255066e-01
-1.312508583068847656e-01
7.317001000046730042e-03
-5.381068587303161621e-02
-5.026866868138313293e-02
6.440472602844238281e-02
1.222865423187613487e-03
-2.623092615976929665e-03
-2.934321761131286621e-02
-1.515417844057083130e-01
-4.922595992684364319e-02
4.383765906095504761e-02
-2.075002901256084442e-02
4.474218003451824188e-03
4.221731424331665039e-02
-3.604541346430778503e-02
-8.002842962741851807e-02
1.932168379426002502e-02
2.873202785849571228e-02
-3.458946943283081055e-02
7.683876901865005493e-02
9.395594149827957153e-02
-1.049113553017377853e-02
1.208569738082587719e-03
-7.764660567045211792e-02
-7.186764478683471680e-02
1.384938210248947144e-01
7.163805514574050903e-02
-8.002313226461410522e-02
-6.600653752684593201e-03
1.128847431391477585e-02
-4.410680849105119705e-03
6.423785351216793060e-03
-4.911550786346197128e-03
8.795390836894512177e-03
-4.976544156670570374e-02
-8.376619219779968262e-02
6.318790372461080551e-03
1.996393688023090363e-02
-8.825764805078506470e-02
-1.217619180679321289e-01
-4.203094542026519775e-02
-4.079881310462951660e-02
-1.017335355281829834e-01
-8.393296971917152405e-03
3.431490957736968994e-01
7.235127091407775879e-01
5.764477849006652832e-01
4.172851517796516418e-02
-1.604571342468261719e-01
-8.715040981769561768e-02
-9.364768117666244507e-02
-1.288146972656250000e-01
-1.131114661693572998e-01
-7.022440433502197266e-02
-1.050260141491889954e-01
-1.715845465660095215e-01
-1.127806678414344788e-01
-6.962811201810836792e-02
-1.322371661663055420e-01
-1.418533474206924438e-01
-7.500111311674118042e-02
-1.124169584363698959e-02
-5.096283555030822754e-02
-1.255553662776947021e-01
-7.416164129972457886e-02
-1.193547341972589493e-02
2.386333234608173370e-02
7.245074212551116943e-02
7.794881612062454224e-02
1.260532438755035400e-01
1.341635733842849731e-01
2.901831828057765961e-02
5.155055224895477295e-02
1.375512927770614624e-01
8.852484077215194702e-02
6.963252276182174683e-02
8.735769987106323242e-02
1.209353283047676086e-02
-3.145278245210647583e-02
-2.814940921962261200e-02
-5.540226027369499207e-02
-5.129962041974067688e-02
3.314038505777716637e-03
3.178966045379638672e-02
-8.172998577356338501e-02
-1.783241033554077148e-01
-1.619793847203254700e-02
6.371281296014785767e-02
-8.119406551122665405e-02
-2.254975773394107819e-02
1.089766100049018860e-01
3.676963970065116882e-02
2.671790681779384613e-02
8.787213265895843506e-02
2.572624012827873230e-02
-5.837830528616905212e-02
-5.463341623544692993e-02
6.979841273277997971e-03
-8.176095783710479736e-03
-6.552763283252716064e-02
3.786189714446663857e-03
-1.535895559936761856e-02
-1.465330272912979126e-01
-6.365951150655746460e-02
3.151883929967880249e-02
-2.135288342833518982e-02
-2.877074852585792542e-02
-4.477502405643463135e-02
-9.248942136764526367e-02
-2.906367182731628418e-02
3.290978968143463135e-01
7.470708489418029785e-01
5.552288889884948730e-01
1.491156406700611115e-03
-2.144601196050643921e-01
-2.021950036287307739e-01
-1.622517108917236328e-01
-1.255398541688919067e-01
-1.231411844491958618e-01
-1.058886796236038208e-01
-1.704771816730499268e-01
-2.114204019308090210e-01
-8.673878014087677002e-02
-6.177781894803047180e-02
-1.896885037422180176e-01
-2.078121304512023926e-01
-9.906940907239913940e-02
-3.544238582253456116e-02
-6.923604756593704224e-02
-5.902076885104179382e-02
7.809562608599662781e-03
1.138598006218671799e-02
7.269664108753204346e-02
1.467737108469009399e-01
1.307122111320495605e-01
2.313086241483688354e-01
3.167268931865692139e-01
2.425681203603744507e-01
2.361743599176406860e-01
2.408886849880218506e-01
1.605514585971832275e-01
9.610917419195175171e-02
2.124101668596267700e-02
-5.576104670763015747e-02
-7.836296409368515015e-02
-6.027295440435409546e-02
-8.102754503488540649e-02
-1.731501370668411255e-01
-1.665789186954498291e-01
-6.303571164608001709e-02
-4.472604766488075256e-02
-8.819753676652908325e-02
-1.080407127737998962e-01
-8.074184507131576538e-02
-5.434808880090713501e-02
-4.336210712790489197e-02
-3.398966416716575623e-02
-8.045863360166549683e-02
-5.166456475853919983e-02
5.627904459834098816e-02
-1.638210378587245941e-02
-1.294363141059875488e-01
-4.257838800549507141e-02
3.129926696419715881e-02
-6.757348775863647461e-02
-1.045536622405052185e-01
-2.587029943242669106e-03
-8.350803516805171967e-03
-8.539557456970214844e-02
-8.967433124780654907e-02
-9.583755582571029663e-02
-1.668325252830982208e-02
1.082773059606552124e-01
3.884173184633255005e-02
1.492203399538993835e-02
1.934946775436401367e-01
1.991003155708312988e-01
2.640349566936492920e-01
7.616295814514160156e-01
9.823264479637145996e-01
5.145252943038940430e-01
-2.860740944743156433e-02
-2.411848008632659912e-01
-2.250769436359405518e-01
-2.315008342266082764e-01
-2.913070917129516602e-01
-2.528785467147827148e-01
-2.181308269500732422e-01
-2.749273478984832764e-01
-3.078306615352630615e-01
-2.824658751487731934e-01
-2.506586611270904541e-01
-2.424100786447525024e-01
-2.410807460546493530e-01
-2.296357899904251099e-01
-2.023245543241500854e-01
-1.545151621103286743e-01
-9.165070950984954834e-02
-9.422035887837409973e-03
4.104033112525939941e-02
3.186889737844467163e-02
3.286102786660194397e-02
1.229631975293159485e-01
2.261981070041656494e-01
2.075539827346801758e-01
2.793489694595336914e-01
4.909216761589050293e-01
4.698612987995147705e-01
3.037288486957550049e-01
2.654911279678344727e-01
2.391002774238586426e-01
2.151383459568023682e-01
2.176273912191390991e-01
1.175372749567031860e-01
1.218196284025907516e-02
-6.679436564445495605e-02
-1.821975409984588623e-01
-1.908003985881805420e-01
-1.711433082818984985e-01
-2.067647427320480347e-01
-2.475269883871078491e-01
-3.351159095764160156e-01
-2.973133027553558350e-01
-2.131479084491729736e-01
-2.518056333065032959e-01
-1.222309097647666931e-01
-1.159195695072412491e-02
-1.638102829456329346e-01
-1.399747431278228760e-01
1.587572135031223297e-02
-3.472513332962989807e-02
-7.238404452800750732e-02
1.222298108041286469e-02
6.262425333261489868e-02
8.563756197690963745e-02
8.962590247392654419e-02
6.884337961673736572e-02
1.012111306190490723e-01
1.126786991953849792e-01
2.628578431904315948e-02
4.365257546305656433e-02
1.574326455593109131e-01
1.325287073850631714e-01
7.682692259550094604e-02
8.709361404180526733e-02
3.566656634211540222e-02
-3.248682245612144470e-03
6.575784832239151001e-02
8.065736293792724609e-02
1.895166561007499695e-02
5.582827329635620117e-02
6.843608617782592773e-02
3.548479173332452774e-03
5.121146142482757568e-02
4.122624173760414124e-02
-3.111761808395385742e-02
-6.658281199634075165e-03
-5.904534459114074707e-02
1.616877466440200806e-01
6.801139712333679199e-01
5.435793399810791016e-01
-1.064395233988761902e-01
-3.784563541412353516e-01
-3.377979993820190430e-01
-2.984886467456817627e-01
-2.375578284263610840e-01
-1.940948516130447388e-01
-2.281838506460189819e-01
-2.311972975730895996e-01
-2.305807471275329590e-01
-2.735185325145721436e-01
-2.342216521501541138e-01
-2.521496415138244629e-01
-3.030539155006408691e-01
-1.251744329929351807e-01
5.064178258180618286e-02
8.047062903642654419e-03
-6.151075661182403564e-02
1.850844547152519226e-02
1.989412009716033936e-01
2.732510268688201904e-01
2.288945764303207397e-01
2.371732890605926514e-01
2.776728868484497070e-01
2.472662031650543213e-01
2.256668061017990112e-01
2.676590383052825928e-01
2.782743573188781738e-01
2.317054867744445801e-01
1.509744971990585327e-01
8.363516628742218018e-02
8.935414999723434448e-02
9.289763122797012329e-02
9.178541600704193115e-02
1.262669563293457031e-01
5.547756329178810120e-02
-6.644130498170852661e-02
-7.517532259225845337e-02
-8.601867407560348511e-02
-1.812798678874969482e-01
-2.957014739513397217e-01
-2.936791479587554932e-01
-1.825566887855529785e-01
-2.342240959405899048e-01
-3.054887056350708008e-01
-1.736429780721664429e-01
-9.218548238277435303e-02
-8.771207183599472046e-02
-9.173816442489624023e-02
-1.128258705139160156e-01
-7.466391474008560181e-02
-6.440138071775436401e-02
-4.950796440243721008e-02
-4.547839239239692688e-02
-7.523642480373382568e-02
4.778102785348892212e-02
1.359958499670028687e-01
1.061994954943656921e-01
1.101467087864875793e-01
2.308114990592002869e-02
-4.190275445580482483e-02
1.321704965084791183e-02
1.490684109739959240e-03
-2.879336662590503693e-02
4.195259138941764832e-02
1.478848308324813843e-01
1.503328830003738403e-01
1.012494564056396484e-01
1.447130739688873291e-01
3.419371247291564941e-01
6.836689114570617676e-01
6.843355298042297363e-01
1.460142135620117188e-01
-2.600117623805999756e-01
-3.016808927059173584e-01
-1.907798945903778076e-01
-2.266180329024791718e-02
-3.057107515633106232e-02
-1.151681989431381226e-01
-9.161057323217391968e-02
-1.728850603103637695e-01
-2.644542455673217773e-01
-1.786036193370819092e-01
-1.233553662896156311e-01
-1.279521137475967407e-01
-1.079528853297233582e-01
-1.025863587856292725e-01
-7.628048211336135864e-02
-5.706678703427314758e-02
-6.813117861747741699e-02
-3.664041310548782349e-02
2.146166376769542694e-02
2.420990541577339172e-02
7.274514064192771912e-03
5.375292524695396423e-02
7.364121079444885254e-02
4.937414079904556274e-02
8.910258114337921143e-02
1.392192542552947998e-01
1.395926624536514282e-01
8.263761550188064575e-02
2.297729812562465668e-02
1.743849366903305054e-02
-2.335095033049583435e-02
-7.048825174570083618e-02
-3.557092696428298950e-02
-2.164465188980102539e-02
-5.347064137458801270e-02
1.884812372736632824e-03
4.510105028748512268e-02
-3.477563709020614624e-02
-3.301056846976280212e-02
4.765781387686729431e-02
4.048756510019302368e-02
4.585181549191474915e-02
7.234224677085876465e-02
3.792880102992057800e-02
5.678259953856468201e-02
6.847774237394332886e-02
-2.771710045635700226e-02
-2.611919119954109192e-02
3.360473737120628357e-02
-4.126927629113197327e-02
-7.888827472925186157e-02
-2.322804369032382965e-02
-1.283555757254362106e-02
4.225914366543292999e-03
8.321106433868408203e-03
-7.922115921974182129e-02
-1.346469372510910034e-01
-9.867476671934127808e-02
-8.713030070066452026e-02
-1.271814405918121338e-01
-1.186546459794044495e-01
-4.918080568313598633e-02
-2.112211287021636963e-02
-3.929841890931129456e-02
-3.032986260950565338e-02
-1.561530400067567825e-02
2.276748977601528168e-02
9.446551650762557983e-02
1.054681930691003799e-02
-1.075630560517311096e-01
3.927777707576751709e-02
1.445094794034957886e-01
5.741194263100624084e-02
2.582439482212066650e-01
6.995569467544555664e-01
7.679466009140014648e-01
3.793593347072601318e-01
1.376553671434521675e-03
-7.268107682466506958e-02
-1.407048758119344711e-02
-5.291860084980726242e-03
-1.852790080010890961e-02
-1.917365938425064087e-01
-3.149448633193969727e-01
-8.292943984270095825e-02
-4.062630236148834229e-02
-2.415825724601745605e-01
-2.221489548683166504e-01
-2.885043025016784668e-01
-3.731769621372222900e-01
-2.371512800455093384e-01
-2.639709711074829102e-01
-3.373731970787048340e-01
-2.839354276657104492e-01
-2.912926971912384033e-01
-1.867026239633560181e-01
-1.911850459873676300e-02
-2.871047705411911011e-02
2.017095126211643219e-02
1.757667958736419678e-01
2.433061450719833374e-01
3.322881162166595459e-01
3.855278491973876953e-01
2.701773643493652344e-01
2.294287085533142090e-01
3.004606962203979492e-01
2.481469959020614624e-01
9.164530038833618164e-02
6.634876597672700882e-03
6.052937731146812439e-02
4.782028868794441223e-02
-6.221351027488708496e-02
-5.331409350037574768e-02
-6.998703628778457642e-02
-4.660955071449279785e-02
4.889390245079994202e-02
-1.336624771356582642e-01
-1.993641853332519531e-01
3.069447819143533707e-03
-9.291240572929382324e-02
-1.359249502420425415e-01
1.316027790307998657e-01
1.296545118093490601e-01
1.012007892131805420e-02
1.149424165487289429e-01
1.423412263393402100e-01
1.020309999585151672e-01
1.242904067039489746e-01
4.980412870645523071e-02
1.393494755029678345e-02
8.757866919040679932e-02
2.133395709097385406e-02
-7.690982520580291748e-02
-5.240298435091972351e-02
-8.274850994348526001e-02
-1.075831055641174316e-01
-4.122331738471984863e-02
-5.607059225440025330e-02
-1.194432079792022705e-01
-1.138069406151771545e-01
-6.154713779687881470e-02
-4.764427244663238525e-02
-8.475383371114730835e-02
-9.336547553539276123e-02
-9.494232386350631714e-02
-4.628896340727806091e-02
2.333584427833557129e-02
-2.049397118389606476e-02
-1.123426575213670731e-02
-2.523397793993353844e-03
-1.378787010908126831e-01
-1.188938170671463013e-01
-3.522433340549468994e-02
-9.875133633613586426e-02
-5.349276214838027954e-02
3.227539733052253723e-02
-3.927169740200042725e-02
-8.314284682273864746e-02
-5.686586722731590271e-02
-4.621341452002525330e-02
2.807339187711477280e-03
4.232192039489746094e-02
2.817346900701522827e-02
3.155143558979034424e-02
6.049218401312828064e-02
1.920254342257976532e-02
-8.210195600986480713e-02
-1.160744298249483109e-02
2.728427946567535400e-01
6.357094645500183105e-01
9.324719905853271484e-01
7.384389638900756836e-01
8.310542255640029907e-02
-2.425723820924758911e-01
-1.234736740589141846e-01
-9.964193403720855713e-02
-1.573363244533538818e-01
-1.112639233469963074e-01
-6.085814163088798523e-02
-8.625660091638565063e-02
-1.424258500337600708e-01
-8.959422260522842407e-02
-7.578426040709018707e-03
-7.582587003707885742e-02
-1.296066641807556152e-01
-1.490159481763839722e-01
-2.581569552421569824e-01
-2.197454273700714111e-01
-9.139696508646011353e-02
-1.423255801200866699e-01
-1.766769587993621826e-01
-7.183948159217834473e-02
5.662331730127334595e-02
1.154501140117645264e-01
7.653071731328964233e-02
7.048953324556350708e-02
1.220474839210510254e-01
1.674613803625106812e-01
1.310685127973556519e-01
-5.210374947637319565e-03
3.499726206064224243e-02
1.594680547714233398e-01
6.828941404819488525e-02
-6.451715715229511261e-03
-9.420108795166015625e-02
-2.253772169351577759e-01
-8.451382070779800415e-02
-7.277898024767637253e-03
-1.102705448865890503e-01
-1.129234358668327332e-01
-2.209330648183822632e-01
-2.118605524301528931e-01
5.100991620565764606e-05
-4.532576724886894226e-02
-7.932561635971069336e-02
3.734399750828742981e-02
-3.965169563889503479e-02
-6.349655240774154663e-02
6.953813880681991577e-02
7.609424740076065063e-02
1.173157095909118652e-01
1.672113686800003052e-01
6.860197335481643677e-02
1.388313919305801392e-01
1.921146512031555176e-01
3.623836673796176910e-03
1.485305372625589371e-02
1.397819668054580688e-01
1.010856181383132935e-01
9.581902623176574707e-02
7.733219116926193237e-02
-1.543254964053630829e-02
6.023209914565086365e-02
1.892526745796203613e-01
1.077468320727348328e-01
3.867089515551924706e-03
-3.286513686180114746e-02
-6.100873276591300964e-02
4.016315191984176636e-02
8.694444596767425537e-02
2.109235525131225586e-02
5.274150893092155457e-02
3.794720023870468140e-02
-2.051667496562004089e-02
-4.240876063704490662e-02
-5.992005765438079834e-02
2.774645574390888214e-03
-1.390538178384304047e-02
-8.428938686847686768e-02
-6.289941072463989258e-02
-8.616526424884796143e-02
-1.218036860227584839e-01
-1.603234708309173584e-01
-1.899532675743103027e-01
-1.381598114967346191e-01
-1.861625909805297852e-01
-2.530531883239746094e-01
-1.753297150135040283e-01
-1.243146136403083801e-01
-1.722779721021652222e-01
-1.433076262474060059e-01
2.406143099069595337e-01
6.598339080810546875e-01
4.399655461311340332e-01
-9.423915296792984009e-02
-2.887405455112457275e-01
-2.544758319854736328e-01
-1.893779784440994263e-01
-6.446011364459991455e-02
6.938206963241100311e-03
-5.858350079506635666e-03
-1.438055280596017838e-02
-2.516182698309421539e-02
2.936055697500705719e-02
6.917873769998550415e-02
-2.655871398746967316e-02
-3.637496754527091980e-02
7.993303239345550537e-02
1.295783966779708862e-01
6.812656670808792114e-02
7.800390478223562241e-03
5.363871529698371887e-02
4.973410442471504211e-02
5.124933272600173950e-02
1.687743961811065674e-01
1.564089506864547729e-01
1.375453770160675049e-01
1.959508508443832397e-01
1.500443071126937866e-01
1.682290881872177124e-01
2.160683274269104004e-01
1.927945613861083984e-01
2.156270444393157959e-01
1.468431949615478516e-01
3.584006428718566895e-02
4.901234060525894165e-02
2.722716145217418671e-02
3.464244073256850243e-03
-1.565472967922687531e-02
-1.668823957443237305e-01
-2.197813242673873901e-01
-1.813098639249801636e-01
-2.431658208370208740e-01
-2.458363920450210571e-01
-2.067541778087615967e-01
-1.819407492876052856e-01
-1.435404270887374878e-01
-1.909321993589401245e-01
-1.937744617462158203e-01
-1.225905641913414001e-01
-1.064919084310531616e-01
-4.089939966797828674e-02
-1.272831298410892487e-02
-9.499396383762359619e-02
-6.783702969551086426e-02
-1.217032223939895630e-02
-8.420291543006896973e-02
-6.839748471975326538e-02
1.765877194702625275e-02
-5.395139008760452271e-02
-4.263190552592277527e-02
8.790764957666397095e-02
3.236491978168487549e-02
2.535674534738063812e-02
1.455909162759780884e-01
5.083908885717391968e-02
-7.679859548807144165e-02
8.463168516755104065e-03
8.037249743938446045e-02
5.303252115845680237e-02
1.909147016704082489e-03
7.628185302019119263e-02
5.173107385635375977e-01
8.372952342033386230e-01
4.568646550178527832e-01
-3.107957914471626282e-02
-1.170288473367691040e-01
-8.647674322128295898e-02
-3.094530850648880005e-02
2.889157272875308990e-02
-6.234112381935119629e-02
-1.658212393522262573e-01
-8.815881609916687012e-02
-2.356771938502788544e-02
-1.287727952003479004e-01
-1.602872908115386963e-01
-8.687435835599899292e-02
-1.026953384280204773e-01
-1.495121419429779053e-01
-1.013536676764488220e-01
1.496771629899740219e-02
3.737469390034675598e-02
-9.639259427785873413e-03
4.686884954571723938e-02
8.357551693916320801e-02
2.932378835976123810e-02
6.333441287279129028e-02
1.396631151437759399e-01
1.424111425876617432e-01
8.939264714717864990e-02
3.168026451021432877e-03
1.109611243009567261e-02
8.932149410247802734e-02
4.283810779452323914e-02
-8.905147761106491089e-02
-1.532926261425018311e-01
-1.219468191266059875e-01
-1.014166027307510376e-01
-1.240168586373329163e-01
-9.472935646772384644e-02
-5.070277303457260132e-02
-5.036231502890586853e-02
-7.301751524209976196e-02
-1.018852666020393372e-01
-7.205464690923690796e-02
-4.496579989790916443e-02
-1.310621947050094604e-01
-1.804104149341583252e-01
-9.028206020593643188e-02
-6.506424397230148315e-02
-1.246420592069625854e-01
-8.201491832733154297e-02
-2.251067198812961578e-02
-7.437226013280451298e-04
7.888732850551605225e-02
9.289559721946716309e-02
1.508795283734798431e-02
9.899560362100601196e-02
2.270770817995071411e-01
1.060746014118194580e-01
7.285844534635543823e-02
1.852148622274398804e-01
4.004637897014617920e-02
-1.114893518388271332e-02
1.631970703601837158e-01
8.773157000541687012e-02
-5.564566329121589661e-02
1.740704663097858429e-02
7.601467519998550415e-02
2.944939397275447845e-02
8.741115033626556396e-02
4.003798067569732666e-01
7.632053494453430176e-01
6.391089558601379395e-01
5.950323492288589478e-02
-1.916291564702987671e-01
-6.951523572206497192e-02
-8.003174513578414917e-02
-1.012096554040908813e-01
-1.427791565656661987e-01
-2.584404051303863525e-01
-1.897950172424316406e-01
-1.962758451700210571e-01
-3.383713066577911377e-01
-3.037394285202026367e-01
-2.648232579231262207e-01
-2.925845384597778320e-01
-2.631085515022277832e-01
-1.987735480070114136e-01
-6.267264485359191895e-02
3.774293512105941772e-02
1.761744357645511627e-02
5.408488959074020386e-02
1.036059707403182983e-01
2.513807266950607300e-02
2.068354003131389618e-02
5.681977793574333191e-02
-7.117044180631637573e-02
-8.609904907643795013e-03
2.153652012348175049e-01
1.083005592226982117e-01
-3.208029642701148987e-02
-2.516585227567702532e-04
-9.113470464944839478e-02
-1.427534967660903931e-01
-6.532913446426391602e-02
-2.385723963379859924e-02
1.881243661046028137e-03
2.605889178812503815e-02
9.884515404701232910e-02
1.353416442871093750e-01
3.279696404933929443e-02
-2.900704741477966309e-02
-2.534923516213893890e-02
-2.444468252360820770e-02
3.320031613111495972e-02
9.074057638645172119e-02
8.714397996664047241e-02
1.100794151425361633e-01
1.872486770153045654e-01
2.216107994318008423e-01
2.047296017408370972e-01
2.113746702671051025e-01
2.615802884101867676e-01
2.952824831008911133e-01
2.235450744628906250e-01
8.176591992378234863e-02
1.204044092446565628e-02
-8.052487857639789581e-03
-1.102575361728668213e-01
-1.599739491939544678e-01
-5.935641750693321228e-02
-8.295005559921264648e-02
-2.023443132638931274e-01
-1.659797728061676025e-01
-1.720360666513442993e-01
-2.314199656248092651e-01
-1.903828978538513184e-01
-2.793012857437133789e-01
-3.876145780086517334e-01
-3.070188462734222412e-01
-2.653785347938537598e-01
-3.196913897991180420e-01
-3.510622382164001465e-01
-2.000697106122970581e-01
2.092264145612716675e-01
5.558706521987915039e-01
4.898666441440582275e-01
1.413573771715164185e-01
4.708441440016031265e-03
1.449191272258758545e-01
2.113506346940994263e-01
2.043865621089935303e-01
1.491088420152664185e-01
2.224114909768104553e-02
3.961445391178131104e-02
8.708164840936660767e-02
-1.709208078682422638e-02
-3.384236618876457214e-02
2.275781705975532532e-02
-4.839219897985458374e-02
-5.826927348971366882e-02
-3.102926351130008698e-02
-1.287810951471328735e-01
-8.688429743051528931e-02
8.211626671254634857e-03
-7.632311433553695679e-02
-7.078452408313751221e-02
2.176485396921634674e-02
6.219729408621788025e-02
1.244104877114295959e-01
9.777206927537918091e-02
6.375654786825180054e-02
1.291379183530807495e-01
1.100683435797691345e-01
5.732646584510803223e-02
1.572130993008613586e-02
-6.182752922177314758e-02
-5.194471031427383423e-02
-1.700209826231002808e-02
-4.742852225899696350e-02
-1.272468119859695435e-01
-1.782551854848861694e-01
-7.149916887283325195e-02
1.253737369552254677e-03
-4.555026441812515259e-02
-8.378019928932189941e-02
-1.179856508970260620e-01
-4.580911248922348022e-02
1.647326722741127014e-02
-1.548532955348491669e-02
6.406892091035842896e-02
9.795521199703216553e-02
7.231125980615615845e-02
1.163547560572624207e-01
-5.983444862067699432e-03
-1.067674458026885986e-01
3.890975192189216614e-02
5.998337268829345703e-02
-1.913932152092456818e-02
5.598898977041244507e-02
2.765448950231075287e-02
-2.626466564834117889e-02
1.173404678702354431e-01
1.110766604542732239e-01
2.650835178792476654e-02
1.054133400321006775e-01
1.116918772459030151e-01
7.852480746805667877e-03
-1.124086976051330566e-01
-1.316995471715927124e-01
-7.166936248540878296e-02
-1.142950803041458130e-01
-1.358793675899505615e-01
-1.728497296571731567e-01
-2.524466216564178467e-01
-1.567180901765823364e-01
3.250431269407272339e-02
3.452177345752716064e-01
6.183601021766662598e-01
3.670609593391418457e-01
-1.089790463447570801e-01
-3.002969622611999512e-01
-2.532515227794647217e-01
-1.449891924858093262e-01
-4.761080443859100342e-02
6.960051506757736206e-02
5.782692506909370422e-02
-4.591018706560134888e-02
5.807252600789070129e-02
1.079416573047637939e-01
-2.080724388360977173e-02
-1.283169817179441452e-02
-2.133029885590076447e-02
-3.847886621952056885e-02
7.699657231569290161e-02
-8.939835242927074432e-03
-1.601754724979400635e-01
-7.192669063806533813e-02
-1.371237076818943024e-02
-1.047791540622711182e-01
-1.407336592674255371e-01
-2.609606646001338959e-02
2.954191900789737701e-02
-6.553483009338378906e-02
-8.950766175985336304e-03
1.233802512288093567e-01
4.399831965565681458e-02
-1.625808700919151306e-02
5.129276588559150696e-02
5.169773474335670471e-02
4.706948623061180115e-02
4.454547166824340820e-02
8.958294056355953217e-03
5.040030181407928467e-02
5.579368770122528076e-02
2.109586074948310852e-02
7.371699810028076172e-02
7.794673740863800049e-02
4.538683220744132996e-02
9.970725327730178833e-02
1.348620504140853882e-01
9.702010452747344971e-02
6.081083416938781738e-02
1.338604744523763657e-02
-2.585151791572570801e-02
1.818867214024066925e-02
1.057640067301690578e-03
-9.954908490180969238e-02
-6.515391916036605835e-02
-3.306978568434715271e-02
-7.378805428743362427e-02
-3.342880681157112122e-02
-7.881251722574234009e-02
-1.156961545348167419e-01
2.213395088911056519e-01
6.105446815490722656e-01
3.667204678058624268e-01
-2.328193634748458862e-01
-3.740135729312896729e-01
-2.160983681678771973e-01
-1.567537933588027954e-01
-9.511189162731170654e-02
-1.325311809778213501e-01
-2.179796546697616577e-01
-1.372733265161514282e-01
-1.026026085019111633e-01
-1.661645174026489258e-01
-1.495950371026992798e-01
-1.540459543466567993e-01
-1.740998327732086182e-01
-8.828277140855789185e-02
-6.068685278296470642e-02
-1.300603747367858887e-01
-1.142456084489822388e-01
-4.528126120567321777e-02
1.780269853770732880e-02
8.126897364854812622e-02
6.374641507863998413e-02
2.246225997805595398e-02
8.717174828052520752e-02
1.561061143875122070e-01
1.372678130865097046e-01
1.625181883573532104e-01
2.060672342777252197e-01
2.120122909545898438e-01
2.644612789154052734e-01
1.908523291349411011e-01
5.253311619162559509e-02
1.579659581184387207e-01
3.084153532981872559e-01
2.913463711738586426e-01
2.435213625431060791e-01
2.291972637176513672e-01
1.891531348228454590e-01
1.335317790508270264e-01
9.131643176078796387e-02
3.753587603569030762e-02
2.407586760818958282e-02
1.322936359792947769e-02
-4.733369126915931702e-02
-7.611764222383499146e-02
-1.034345477819442749e-01
-8.902085572481155396e-02
-7.082273811101913452e-02
-2.064507305622100830e-01
-3.200739324092864990e-01
-3.166584670543670654e-01
-3.058474957942962646e-01
-3.027056753635406494e-01
-3.221465349197387695e-01
-3.205104768276214600e-01
-3.130183815956115723e-01
-3.044501543045043945e-01
-1.983758956193923950e-01
-1.103672385215759277e-01
-1.244943439960479736e-01
-9.014472365379333496e-02
-3.755819797515869141e-02
-5.826571583747863770e-02
-6.298396736383438110e-02
-5.520798265933990479e-02
-6.425072997808456421e-02
-2.449247986078262329e-02
1.438282728195190430e-01
4.945689737796783447e-01
7.794023752212524414e-01
5.995863676071166992e-01
1.188193410634994507e-01
-1.134671419858932495e-01
-5.336026474833488464e-02
5.575686227530241013e-03
5.499270558357238770e-02
9.158997237682342529e-02
3.656480833888053894e-02
-1.467218250036239624e-02
2.275645360350608826e-02
1.605006754398345947e-01
1.852048188447952271e-01
-4.404133930802345276e-02
-1.073350235819816589e-01
5.398387834429740906e-02
2.607052400708198547e-02
-1.085402816534042358e-02
1.472087502479553223e-01
1.861099749803543091e-01
6.089428812265396118e-02
4.931616783142089844e-02
1.500290781259536743e-01
2.002538144588470459e-01
1.600132435560226440e-01
3.120941855013370514e-02
-7.665266096591949463e-02
-5.129629746079444885e-02
-6.405252218246459961e-02
-1.928719729185104370e-01
-2.027804702520370483e-01
-1.445139497518539429e-01
-1.983196437358856201e-01
-2.028488516807556152e-01
-1.616562306880950928e-01
-1.868123561143875122e-01
-1.682462543249130249e-01
-1.338198333978652954e-01
-1.017716303467750549e-01
-5.502043291926383972e-02
-9.334929287433624268e-02
-1.085911393165588379e-01
-2.389855124056339264e-02
2.637670375406742096e-02
-5.818351637572050095e-04
-4.184377193450927734e-02
-4.290602728724479675e-02
-5.633142590522766113e-02
-6.864460557699203491e-02
7.895752787590026855e-03
7.701328396797180176e-02
1.192037537693977356e-01
1.555681228637695312e-01
9.704196453094482422e-02
3.632738068699836731e-02
1.893478073179721832e-02
2.724442631006240845e-02
5.180196464061737061e-02
-5.691025033593177795e-02
-1.358560025691986084e-01
-5.866289138793945312e-02
1.076161861419677734e-01
5.322082042694091797e-01
6.861571073532104492e-01
1.415006369352340698e-01
-2.301232218742370605e-01
-1.837545931339263916e-01
-1.893936097621917725e-01
-1.051271632313728333e-01
-1.131963264197111130e-02
-7.532891631126403809e-02
-4.317390918731689453e-02
2.751370891928672791e-02
2.189178578555583954e-02
7.887070626020431519e-02
1.033230125904083252e-01
4.078498482704162598e-02
4.600006341934204102e-02
2.935168892145156860e-02
-4.357372224330902100e-02
2.417065761983394623e-02
9.813714027404785156e-02
2.034403197467327118e-02
2.652183547616004944e-02
5.659297108650207520e-02
-5.923414137214422226e-03
9.898224472999572754e-02
1.470798105001449585e-01
-1.047871634364128113e-02
-3.577766939997673035e-03
1.022849325090646744e-02
-9.782359004020690918e-02
-1.172459200024604797e-01
-1.326063871383666992e-01
-1.529529541730880737e-01
-1.655534356832504272e-01
-1.896934360265731812e-01
-1.238781288266181946e-01
-9.581357240676879883e-02
-1.045271977782249451e-01
-1.572872325778007507e-02
-1.504520513117313385e-02
-9.475111961364746094e-02
-4.756652563810348511e-02
1.270157471299171448e-02
-3.051983751356601715e-02
3.333496570121496916e-04
9.130606055259704590e-02
-8.291806094348430634e-03
-9.862136840820312500e-02
-1.783710345625877380e-02
-3.668233752250671387e-02
-9.928552061319351196e-02
-9.015029668807983398e-02
-6.165865808725357056e-02
2.130008116364479065e-02
5.940018594264984131e-02
8.120337873697280884e-02
1.318473219871520996e-01
8.181994408369064331e-02
7.307531684637069702e-02
8.396564424037933350e-02
-3.631957992911338806e-02
-2.145621838280931115e-04
1.374381184577941895e-01
1.416464447975158691e-01
2.393983155488967896e-01
3.470124602317810059e-01
2.568777501583099365e-01
1.345416307449340820e-01
9.501826018095016479e-02
1.231770664453506470e-01
8.162303268909454346e-02
-4.496549814939498901e-02
-9.327086806297302246e-02
-1.145997568964958191e-01
-1.236482635140419006e-01
-8.387431502342224121e-02
-1.175048500299453735e-01
-1.717025488615036011e-01
3.115775994956493378e-02
5.206827521324157715e-01
6.188650131225585938e-01
4.232592508196830750e-02
-3.767446577548980713e-01
-3.436912596225738525e-01
-2.424346655607223511e-01
-2.129084169864654541e-01
-2.612925767898559570e-01
-2.633858323097229004e-01
-2.781328558921813965e-01
-2.884193062782287598e-01
-1.509425193071365356e-01
-1.187837421894073486e-01
-1.470937132835388184e-01
-8.043815940618515015e-02
-9.076558798551559448e-02
-1.098955944180488586e-01
-1.381293237209320068e-01
-1.067558303475379944e-01
9.115110337734222412e-02
1.435151696205139160e-01
1.272864043712615967e-01
2.005997002124786377e-01
1.789776086807250977e-01
2.177317142486572266e-01
3.380988538265228271e-01
3.329252898693084717e-01
3.195246458053588867e-01
3.474344015121459961e-01
2.531808614730834961e-01
8.457387983798980713e-02
-2.747112698853015900e-02
-1.415648907423019409e-01
-1.609785705804824829e-01
-5.215254053473472595e-02
-8.967401832342147827e-02
-1.564383506774902344e-01
-7.587347924709320068e-02
-6.576476246118545532e-02
-1.082649305462837219e-01
-8.940609544515609741e-02
-1.000274345278739929e-01
-1.562411040067672729e-01
-1.347467899322509766e-01
-4.802712798118591309e-02
-2.760020457208156586e-02
5.982052162289619446e-02
1.809448152780532837e-01
1.452830582857131958e-01
1.031942218542098999e-01
1.192554682493209839e-01
1.616757959127426147e-01
1.678574085235595703e-01
1.012929603457450867e-01
8.559367805719375610e-02
-2.122439327649772167e-04
-9.920874238014221191e-02
-3.725797683000564575e-02
-4.969825595617294312e-02
-1.108865141868591309e-01
-1.237397044897079468e-01
-2.246375977993011475e-01
-2.337847501039505005e-01
-1.093457415699958801e-01
-7.726785540580749512e-02
-7.156302779912948608e-02
-6.469462066888809204e-02
-1.229939907789230347e-01
-1.347460895776748657e-01
-8.814728260040283203e-02
-5.756769701838493347e-02
-3.448362275958061218e-02
-2.852138830348849297e-03
2.196715213358402252e-02
1.690594702959060669e-01
5.483802556991577148e-01
7.609503865242004395e-01
4.523989260196685791e-01
-4.245639592409133911e-02
-2.885129749774932861e-01
-2.499644160270690918e-01
-1.206924393773078918e-01
-7.674891501665115356e-02
-1.022598296403884888e-01
-1.171615570783615112e-01
-1.288363337516784668e-01
-5.140132084488868713e-02
7.163390517234802246e-02
6.262896204134449363e-05
-1.213221997022628784e-01
-4.340275656431913376e-03
1.489262729883193970e-01
6.144157424569129944e-02
-3.722845390439033508e-02
5.508483946323394775e-02
6.366202980279922485e-02
-6.227541714906692505e-02
-6.803060322999954224e-02
-2.429164759814739227e-02
-4.369401931762695312e-02
1.134896837174892426e-02
7.547358423471450806e-02
-1.823453977704048157e-02
6.360130384564399719e-03
1.504832953214645386e-01
3.003584966063499451e-02
-8.004815876483917236e-02
-4.509537294507026672e-02
-1.056925281882286072e-01
-7.213764637708663940e-02
6.903204601258039474e-03
-4.743788391351699829e-02
-8.234368264675140381e-02
-6.293815374374389648e-02
-3.179972618818283081e-02
3.431118279695510864e-02
1.307353228330612183e-01
1.095878407359123230e-01
-1.726125180721282959e-02
3.374635055661201477e-02
1.414141952991485596e-01
7.932908833026885986e-02
6.596693396568298340e-02
1.224575936794281006e-01
4.562459886074066162e-02
2.567227184772491455e-02
1.490169167518615723e-01
1.314514577388763428e-01
5.503929406404495239e-02
6.097583100199699402e-02
-3.193143010139465332e-02
-1.128219515085220337e-01
-8.685293793678283691e-02
-1.662893444299697876e-01
-2.026843279600143433e-01
-1.012574285268783569e-01
-1.523384749889373779e-01
-2.090371847152709961e-01
-1.063496172428131104e-01
-7.403984665870666504e-02
-6.318178027868270874e-02
-1.980294473469257355e-02
-1.672937348484992981e-02
2.486851997673511505e-02
3.929730132222175598e-02
1.339774206280708313e-02
5.794443190097808838e-02
4.837948083877563477e-02
-3.660148009657859802e-02
-3.181647509336471558e-02
-3.118194872513413429e-03
-3.599613532423973083e-02
-6.601207703351974487e-02
1.148650236427783966e-02
3.673254251480102539e-01
7.041637301445007324e-01
4.361609220504760742e-01
-1.149529442191123962e-01
-3.336032629013061523e-01
-2.477864027023315430e-01
-8.928678184747695923e-02
-9.993565082550048828e-02
-1.533616781234741211e-01
-8.293423801660537720e-02
-1.309253722429275513e-01
-1.547048538923263550e-01
-2.454619482159614563e-02
4.257865715771913528e-03
-1.334783621132373810e-02
-2.211994864046573639e-02
-2.938454598188400269e-02
4.785423725843429565e-02
2.238451316952705383e-02
-4.545170441269874573e-02
3.043724037706851959e-02
6.944299489259719849e-02
1.390132457017898560e-01
1.964143961668014526e-01
7.567157596349716187e-02
1.288432031869888306e-01
2.911218106746673584e-01
2.825813293457031250e-01
3.041982948780059814e-01
2.305271923542022705e-01
5.740486830472946167e-02
9.416366368532180786e-02
1.250693202018737793e-01
4.617520794272422791e-02
-7.097131107002496719e-03
-1.155631691217422485e-01
-2.185342311859130859e-01
-2.193709462881088257e-01
-1.622925847768783569e-01
-1.779628843069076538e-01
-2.833906710147857666e-01
-2.754285335540771484e-01
-1.878943294286727905e-01
-2.047376334667205811e-01
-2.531110644340515137e-01
-2.505294084548950195e-01
-2.633014917373657227e-01
-2.925793230533599854e-01
-2.804056107997894287e-01
-2.189810425043106079e-01
-1.555923968553543091e-01
-1.531010568141937256e-01
-1.102549508213996887e-01
2.638234384357929230e-02
1.317024677991867065e-01
2.669140994548797607e-01
3.423304557800292969e-01
2.500312924385070801e-01
2.895625233650207520e-01
3.710587322711944580e-01
3.242647349834442139e-01
3.454450368881225586e-01
2.967860400676727295e-01
1.718578338623046875e-01
1.699778586626052856e-01
1.415701210498809814e-01
8.643987774848937988e-02
7.848542183637619019e-02
-3.046446247026324272e-03
-6.270198523998260498e-02
-4.197293147444725037e-02
3.840436984319239855e-04
2.981217801570892334e-01
6.363047957420349121e-01
3.556815981864929199e-01
-2.046257108449935913e-01
-3.422794938087463379e-01
-2.273384630680084229e-01
-1.912342905998229980e-01
-2.511285841464996338e-01
-2.538053989410400391e-01
-1.619111895561218262e-01
-2.038165032863616943e-01
-2.955273389816284180e-01
-2.528563141822814941e-01
-1.986429691314697266e-01
-1.543543934822082520e-01
-1.619876325130462646e-01
-1.951002180576324463e-01
-6.635674089193344116e-02
-5.842866376042366028e-03
-1.120418310165405273e-01
-1.007561385631561279e-01
-5.628210678696632385e-02
-3.904690593481063843e-02
2.445890195667743683e-02
5.757581815123558044e-02
8.983306586742401123e-02
7.726266235113143921e-02
7.915672659873962402e-02
2.025015950202941895e-01
2.687535285949707031e-01
2.481837719678878784e-01
1.674090325832366943e-01
9.768931567668914795e-02
1.345698237419128418e-01
7.658648490905761719e-02
1.690750359557569027e-03
4.647355899214744568e-02
2.462640590965747833e-02
-1.798000000417232513e-02
-2.079701051115989685e-02
-4.905469343066215515e-02
-4.947225749492645264e-02
-2.665236406028270721e-02
-4.277360066771507263e-02
-2.950492314994335175e-02
5.599245429039001465e-02
2.579905278980731964e-02
-9.186594188213348389e-02
-2.822085842490196228e-02
6.314527243375778198e-02
4.024013504385948181e-02
8.823230862617492676e-02
3.819300979375839233e-02
-1.275226175785064697e-01
1.275466941297054291e-02
1.549496948719024658e-01
-3.030403517186641693e-02
-2.494401857256889343e-02
7.436463236808776855e-02
-7.351138442754745483e-02
-8.357948064804077148e-02
-2.017920650541782379e-02
-6.509485095739364624e-02
-1.103218365460634232e-02
-7.854767888784408569e-02
-1.896571218967437744e-01
-3.886999934911727905e-02
-3.243629122152924538e-03
-1.090039983391761780e-01
-5.406705662608146667e-02
-3.833231702446937561e-02
-9.004345536231994629e-02
-6.270723789930343628e-02
3.561225533485412598e-02
3.787243366241455078e-01
7.456504702568054199e-01
5.400954484939575195e-01
-4.194169770926237106e-03
-2.423738986253738403e-01
-1.845294833183288574e-01
-1.269572079181671143e-01
-1.068222150206565857e-01
-9.270913153886795044e-02
-1.349247843027114868e-01
-1.941483020782470703e-01
-1.435649544000625610e-01
-6.765979528427124023e-02
-1.258520483970642090e-01
-1.564922034740447998e-01
-1.082568094134330750e-01
-2.120110988616943359e-01
-3.094548285007476807e-01
-1.842124164104461670e-01
-1.390195339918136597e-01
-2.007412165403366089e-01
-1.088658869266510010e-01
-3.989322483539581299e-02
2.373813837766647339e-02
2.351088374853134155e-01
3.074219524860382080e-01
2.735917568206787109e-01
3.852841854095458984e-01
4.964890480041503906e-01
5.000582933425903320e-01
4.668731689453125000e-01
4.195403754711151123e-01
2.893888354301452637e-01
8.644995838403701782e-02
2.847657538950443268e-03
-1.045684330165386200e-02
-1.183306053280830383e-01
-1.884226202964782715e-01
-1.504394561052322388e-01
-1.063684225082397461e-01
-1.233865469694137573e-01
-1.776125133037567139e-01
-1.652374118566513062e-01
-1.458340883255004883e-01
-2.080889195203781128e-01
-2.312773019075393677e-01
-1.771316528320312500e-01
-1.414074897766113281e-01
-1.437076181173324585e-01
-1.377727389335632324e-01
-1.097179353237152100e-01
-8.887909352779388428e-02
-7.405585795640945435e-02
-7.219802588224411011e-02
-5.831919237971305847e-02
2.320636063814163208e-02
5.335364863276481628e-02
1.921185292303562164e-02
9.905788302421569824e-02
1.474745273590087891e-01
7.031359523534774780e-02
5.360888689756393433e-02
5.690626055002212524e-02
5.184946209192276001e-02
4.962674900889396667e-02
2.765475772321224213e-02
1.006813794374465942e-01
9.561771154403686523e-02
-4.189417138695716858e-02
-2.840018644928932190e-02
3.941963985562324524e-02
7.941174507141113281e-02
8.661689609289169312e-02
-3.490575030446052551e-02
-2.407502382993698120e-02
8.696240186691284180e-02
4.144177585840225220e-02
1.455513667315244675e-02
2.768720127642154694e-02
1.220593601465225220e-02
3.282690793275833130e-02
4.121653735637664795e-03
-3.524295985698699951e-02
-1.778651773929595947e-02
-9.827490150928497314e-02
-2.057107836008071899e-01
-1.093899086117744446e-01
-1.270544715225696564e-03
-7.597731053829193115e-02
-1.012327224016189575e-01
-2.082022983813658357e-04
1.804859787225723267e-01
5.213650465011596680e-01
6.615676879882812500e-01
2.685063183307647705e-01
-1.833883523941040039e-01
-2.457636147737503052e-01
-1.062238216400146484e-01
-5.270028486847877502e-02
-5.488203465938568115e-02
-3.896255418658256531e-02
-9.377869218587875366e-02
-1.607985198497772217e-01
-1.484923213720321655e-01
-1.173829808831214905e-01
-1.135263517498970032e-01
-1.820433884859085083e-01
-1.847258508205413818e-01
-3.879145532846450806e-02
-6.610380113124847412e-02
-2.224297225475311279e-01
-1.833169162273406982e-01
-7.865167409181594849e-02
-5.926646664738655090e-02
2.049763221293687820e-03
1.796059459447860718e-01
2.033848315477371216e-01
-8.138942532241344452e-03
-1.600434258580207825e-02
1.623307913541793823e-01
2.055036127567291260e-01
2.016583681106567383e-01
1.067328453063964844e-01
-3.363223001360893250e-02
4.583560302853584290e-02
1.092582270503044128e-01
5.371281877160072327e-02
7.007586210966110229e-02
5.601534247398376465e-02
3.220102563500404358e-02
4.640153050422668457e-02
5.442289263010025024e-02
7.644645124673843384e-02
1.766485162079334259e-02
-5.105435848236083984e-02
2.396471239626407623e-02
1.063217520713806152e-01
6.472089886665344238e-02
1.939553651027381420e-03
3.916402906179428101e-02
8.828425407409667969e-02
2.474045194685459137e-02
-5.524757504463195801e-02
-9.464810043573379517e-02
-1.598000228404998779e-01
-1.708992719650268555e-01
-1.338651478290557861e-01
-1.995286643505096436e-01
-2.120232582092285156e-01
-8.434169739484786987e-02
-5.724519118666648865e-02
-6.401620060205459595e-02
2.691730624064803123e-04
-2.664377726614475250e-02
-5.537482723593711853e-02
2.912706695497035980e-03
2.224901318550109863e-02
2.592701464891433716e-02
2.899356186389923096e-02
3.619930148124694824e-02
8.629299700260162354e-02
6.828347686678171158e-03
-1.233761534094810486e-01
-9.341157041490077972e-03
9.271251410245895386e-02
-5.782400723546743393e-03
-2.655739709734916687e-02
-5.026009306311607361e-02
-6.629559397697448730e-02
7.048510760068893433e-02
2.513911016285419464e-02
1.580656319856643677e-01
6.907053589820861816e-01
5.590469837188720703e-01
-9.555610269308090210e-02
-3.059407472610473633e-01
-2.611216902732849121e-01
-8.844219148159027100e-02
6.226171925663948059e-02
-1.103063970804214478e-01
-1.146488413214683533e-01
6.107457727193832397e-02
1.753230951726436615e-02
5.187246203422546387e-02
5.135130509734153748e-02
-1.320609450340270996e-01
-2.921665646135807037e-02
1.069510430097579956e-01
-3.583910316228866577e-02
-6.942264735698699951e-02
-3.725615143775939941e-02
-5.775516852736473083e-02
3.623155504465103149e-02
5.001166090369224548e-02
-1.057108789682388306e-01
-1.553768813610076904e-01
-1.223876792937517166e-02
1.302380710840225220e-01
1.387690752744674683e-01
7.522637397050857544e-02
4.383788257837295532e-02
6.660541146993637085e-02
7.974714785814285278e-02
1.927527040243148804e-02
-1.074039414525032043e-01
-1.638197451829910278e-01
-1.419135928153991699e-01
-1.650845557451248169e-01
-1.086034327745437622e-01
-1.622210256755352020e-02
-8.326030522584915161e-02
-1.219276264309883118e-01
-7.145732641220092773e-02
-3.889159858226776123e-02
9.643208235502243042e-03
-3.287369757890701294e-02
-6.279744207859039307e-02
7.660442590713500977e-02
1.117306426167488098e-01
3.748758137226104736e-02
7.713783532381057739e-02
1.362320333719253540e-01
1.812313348054885864e-01
2.383870035409927368e-01
2.159842550754547119e-01
1.448842883110046387e-01
8.158651739358901978e-02
3.562552481889724731e-02
5.976255610585212708e-02
8.710477501153945923e-02
6.050960626453161240e-03
-1.200594753026962280e-01
-1.522135585546493530e-01
-5.599649995565414429e-02
2.167440578341484070e-02
-3.700935468077659607e-02
-9.087767452001571655e-02
-7.092270255088806152e-02
-1.015516370534896851e-01
-1.213366761803627014e-01
-6.713628023862838745e-02
-7.025172561407089233e-02
-7.739958912134170532e-02
-5.341308936476707458e-02
-1.351314634084701538e-01
-1.441171616315841675e-01
-2.820424502715468407e-03
-3.168675675988197327e-02
-1.162614151835441589e-01
-3.044107183814048767e-02
-4.583983495831489563e-02
2.225727587938308716e-02
5.093496441841125488e-01
7.586420774459838867e-01
3.705589473247528076e-01
-5.322913825511932373e-02
-2.044885605573654175e-01
-1.726232320070266724e-01
-8.116744458675384521e-02
-1.231963336467742920e-01
-1.170654445886611938e-01
-2.744284458458423615e-02
-1.033348590135574341e-01
-1.697038561105728149e-01
-1.382577270269393921e-01
-1.117171272635459900e-01
-8.163198828697204590e-02
-7.397060841321945190e-02
1.063015661202371120e-03
5.999091267585754395e-02
-3.806860744953155518e-02
-1.022498905658721924e-01
-5.131931975483894348e-02
5.495876446366310120e-02
1.167517974972724915e-01
4.581713676452636719e-02
4.539199173450469971e-02
1.419804692268371582e-01
1.763849407434463501e-01
1.995023041963577271e-01
1.428272724151611328e-01
1.178966239094734192e-01
2.304845452308654785e-01
1.597173064947128296e-01
2.713819034397602081e-02
5.220457166433334351e-02
-1.645390503108501434e-02
-1.036093756556510925e-01
-2.385508082807064056e-02
2.141126431524753571e-02
-4.762554913759231567e-02
-1.275631785392761230e-01
-1.096300780773162842e-01
-8.339873747900128365e-04
-4.346642270684242249e-02
-1.676486581563949585e-01
-1.334412097930908203e-01
-1.148646697402000427e-01
-1.589368134737014771e-01
-5.829914286732673645e-02
4.597632214426994324e-02
-6.302927434444427490e-02
-1.645920574665069580e-01
-7.709533721208572388e-02
-1.688749901950359344e-02
-4.177213832736015320e-02
-4.949586838483810425e-02
-8.309245109558105469e-02
-5.068052932620048523e-02
3.276097401976585388e-02
2.699807984754443169e-03
1.272791996598243713e-02
8.601324260234832764e-02
5.152333900332450867e-02
7.590518146753311157e-02
1.584611684083938599e-01
8.065613359212875366e-02
5.000240728259086609e-02
1.440135687589645386e-01
1.280811280012130737e-01
6.742386519908905029e-02
3.292488306760787964e-02
3.520576574373990297e-04
-1.670699007809162140e-02
-5.809492617845535278e-02
-8.162025362253189087e-02
-6.606430560350418091e-02
-4.778216034173965454e-02
-1.362913940101861954e-02
2.455380409955978394e-01
6.492326259613037109e-01
5.237939953804016113e-01
-1.692298986017704010e-02
-2.021059095859527588e-01
-8.693846315145492554e-02
-4.043926298618316650e-02
-7.224661111831665039e-02
-1.269256174564361572e-01
-1.559758484363555908e-01
-1.780422031879425049e-01
-2.186576128005981445e-01
-1.545079946517944336e-01
-6.457946449518203735e-02
-1.486450582742691040e-01
-2.118308693170547485e-01
-1.402838528156280518e-01
-1.368694603443145752e-01
-1.638712882995605469e-01
-8.520608395338058472e-02
2.097989805042743683e-02
4.073172807693481445e-02
4.922763630747795105e-02
1.244984567165374756e-01
9.320537745952606201e-02
-1.361457537859678268e-02
1.671107485890388489e-02
1.122950091958045959e-01
1.831171214580535889e-01
1.608605086803436279e-01
7.724463939666748047e-02
1.057520806789398193e-01
9.179545938968658447e-02
-1.700393110513687134e-02
-2.607331611216068268e-02
9.553181589581072330e-04
-2.685294719412922859e-03
-4.287693649530410767e-02
-4.347630217671394348e-02
6.240133568644523621e-02
4.566968232393264771e-02
-5.162139981985092163e-02
2.522248588502407074e-02
1.116470247507095337e-01
2.466676943004131317e-02
-5.138955265283584595e-02
-2.328393049538135529e-02
-3.684183582663536072e-02
-9.791456162929534912e-03
5.694326385855674744e-02
8.823627606034278870e-03
1.654392108321189880e-02
3.383371233940124512e-02
-3.847625106573104858e-02
-8.129842579364776611e-03
-2.853531576693058014e-02
-8.762358874082565308e-02
5.577984079718589783e-02
9.961671195924282074e-03
-2.155389785766601562e-01
-7.050754874944686890e-02
6.375535577535629272e-02
-8.926685154438018799e-02
-6.854680925607681274e-02
-2.937150374054908752e-02
-1.158585250377655029e-01
-7.096948474645614624e-02
-4.283535853028297424e-02
-1.612087525427341461e-02
9.882417321205139160e-02
7.685814797878265381e-02
-2.661374770104885101e-02
-7.027862966060638428e-02
7.602615654468536377e-02
5.593819618225097656e-01
8.434505462646484375e-01
4.101724028587341309e-01
-2.028798162937164307e-01
-4.065276086330413818e-01
-2.683804035186767578e-01
-8.007363975048065186e-02
-5.655246227979660034e-02
-1.268071830272674561e-01
-1.667606234550476074e-01
-1.932969093322753906e-01
-2.027061283588409424e-01
-1.865587234497070312e-01
-1.414629071950912476e-01
-1.062317341566085815e-01
-1.217088028788566589e-01
-1.421522945165634155e-01
-1.172667965292930603e-01
-3.015079721808433533e-02
4.234889894723892212e-02
7.350929826498031616e-02
1.401419490575790405e-01
1.491349190473556519e-01
1.270820945501327515e-01
2.045886367559432983e-01
2.194316834211349487e-01
1.847998201847076416e-01
2.503812909126281738e-01
2.319869548082351685e-01
1.359358876943588257e-01
1.441176980733871460e-01
1.186553016304969788e-01
1.492259278893470764e-02
-7.113823294639587402e-02
-1.014163792133331299e-01
-3.516475856304168701e-02
-3.988933749496936798e-03
-7.025739550590515137e-02
-1.462662070989608765e-01
-1.689147651195526123e-01
-8.593935519456863403e-02
1.265528029762208462e-03
-6.938982754945755005e-02
-2.365063279867172241e-01
-2.235886156558990479e-01
-7.706652581691741943e-02
-6.921917200088500977e-02
-6.122261285781860352e-02
-9.885440580546855927e-03
-1.782715879380702972e-02
2.769782952964305878e-02
5.236491560935974121e-02
6.637658923864364624e-02
1.155532300472259521e-01
4.474440217018127441e-02
-5.082194134593009949e-02
-5.190446227788925171e-02
2.587102726101875305e-02
3.700656816363334656e-02
-5.248819291591644287e-02
-5.353652872145175934e-03
5.666972603648900986e-03
-7.628280669450759888e-02
6.614202167838811874e-03
2.919459901750087738e-02
-8.771929144859313965e-02
-3.624672302976250648e-03
4.097615480422973633e-01
6.968360543251037598e-01
3.598189949989318848e-01
-1.216841340065002441e-01
-2.280342727899551392e-01
-1.979417651891708374e-01
-1.346812993288040161e-01
-4.081606492400169373e-02
-3.365542739629745483e-02
-8.542644232511520386e-02
-9.008415788412094116e-02
-1.130184065550565720e-02
-7.867694832384586334e-03
-9.437042474746704102e-02
-8.750089257955551147e-02
-7.874062657356262207e-02
-1.466450840234756470e-01
-1.101124361157417297e-01
-1.902712509036064148e-02
-7.223214954137802124e-02
-1.070287898182868958e-01
9.033431299030780792e-03
8.216948062181472778e-02
8.851616084575653076e-02
9.267351776361465454e-02
1.032141894102096558e-01
1.640230268239974976e-01
1.693762540817260742e-01
1.050623953342437744e-01
9.575892984867095947e-02
8.930651843547821045e-02
-7.728438824415206909e-03
-6.045106053352355957e-02
3.483399748802185059e-02
3.731466084718704224e-02
-6.680088490247726440e-02
-4.494187608361244202e-02
-6.160681322216987610e-02
-1.023386716842651367e-01
-9.621661156415939331e-03
-3.945104032754898071e-02
-1.238251030445098877e-01
-8.179644495248794556e-02
-5.407837405800819397e-02
2.918111905455589294e-02
4.356819763779640198e-02
-1.317656338214874268e-01
-8.273319900035858154e-02
1.201171800494194031e-01
7.330945879220962524e-02
-2.434763498604297638e-02
2.304254472255706787e-02
7.809983938932418823e-02
2.309320308268070221e-02
-6.720300763845443726e-02
-9.980685077607631683e-03
9.524030983448028564e-02
6.086510792374610901e-02
-1.140904519706964493e-02
1.571511663496494293e-02
6.956521421670913696e-02
6.203530356287956238e-02
5.769642814993858337e-02
2.884574048221111298e-02
-3.137473389506340027e-02
2.555456943809986115e-03
5.768664926290512085e-02
1.176340505480766296e-02
-6.291157752275466919e-02
-1.010171100497245789e-01
-1.493508666753768921e-01
-1.132855191826820374e-01
1.779757253825664520e-02
-2.602030895650386810e-02
-1.122395917773246765e-01
-5.179743468761444092e-02
-9.773657470941543579e-02
-1.201656907796859741e-01
5.033632740378379822e-02
9.442543983459472656e-02
-8.271385449916124344e-04
-5.876979604363441467e-02
-5.887331813573837280e-02
1.125509012490510941e-02
2.082907222211360931e-02
1.392963379621505737e-01
5.391903519630432129e-01
5.919508934020996094e-01
1.255453526973724365e-01
-1.588711291551589966e-01
-1.526349782943725586e-01
-1.337778419256210327e-01
-1.279465556144714355e-01
-1.318314820528030396e-01
-8.917123079299926758e-02
-4.969124495983123779e-02
-8.410086482763290405e-02
-1.116522774100303650e-01
-9.573394060134887695e-02
-4.114892706274986267e-02
-2.817789651453495026e-02
-7.281932234764099121e-02
-2.191390469670295715e-02
5.157545581459999084e-02
-1.451005041599273682e-02
-6.090805679559707642e-02
1.799792982637882233e-02
7.203145325183868408e-02
1.070400923490524292e-01
1.622912883758544922e-01
1.017721891403198242e-01
3.271971642971038818e-02
1.321585774421691895e-01
1.555498093366622925e-01
3.389855846762657166e-02
9.912487119436264038e-03
-1.639573462307453156e-02
-6.923434883356094360e-02
-7.098718197084963322e-04
1.027761306613683701e-02
-5.613021552562713623e-02
-4.970916733145713806e-02
-5.540497973561286926e-02
-9.433817863464355469e-02
-1.071921288967132568e-01
-1.171174198389053345e-01
-9.992302954196929932e-02
-6.739372014999389648e-02
-4.276851937174797058e-02
-1.004115771502256393e-02
-3.453205525875091553e-02
-5.032812803983688354e-02
-3.013021312654018402e-02
-4.288122802972793579e-02
5.228679999709129333e-02
1.458772569894790649e-01
4.881259426474571228e-02
2.067185007035732269e-02
1.014946699142456055e-01
3.773529827594757080e-02
-3.518399968743324280e-02
-1.207064930349588394e-02
-2.943242713809013367e-02
3.442967310547828674e-02
1.534820497035980225e-01
8.421167731285095215e-02
-2.254371903836727142e-02
1.869411952793598175e-02
5.257742479443550110e-02
1.648881472647190094e-02
7.641642820090055466e-03
2.637196332216262817e-02
9.444162249565124512e-02
1.195297166705131531e-01
-1.342174876481294632e-02
-4.781913012266159058e-02
2.318146452307701111e-02
-8.829286694526672363e-02
-1.408768296241760254e-01
4.629562899935990572e-04
-5.511999595910310745e-03
-1.066191270947456360e-01
-3.846050426363945007e-02
2.567603066563606262e-02
-5.355028808116912842e-02
-7.552620023488998413e-02
-4.680549353361129761e-02
-5.573791265487670898e-02
-1.313361618667840958e-02
-2.445028722286224365e-02
-9.156697988510131836e-02
-4.450241848826408386e-02
-4.122173041105270386e-02
-7.570007443428039551e-02
2.453134208917617798e-02
4.585475474596023560e-02
-4.061971977353096008e-02
-6.589521467685699463e-02
1.211789920926094055e-01
5.776833295822143555e-01
6.524615883827209473e-01
1.605726033449172974e-01
-1.159314662218093872e-01
-1.082544550299644470e-01
-1.397241353988647461e-01
-1.353057920932769775e-01
-1.056835949420928955e-01
-9.116323292255401611e-02
-1.266340762376785278e-01
-1.831258982419967651e-01
-1.153177246451377869e-01
-7.562373578548431396e-02
-8.726584911346435547e-02
-2.110042050480842590e-02
-9.410112351179122925e-02
-1.604535579681396484e-01
-3.016911819577217102e-02
-1.131173875182867050e-02
-3.366026654839515686e-02
2.288604155182838440e-02
-4.462933167815208435e-03
3.245275467634201050e-02
1.348026990890502930e-01
1.315538585186004639e-01
1.432363390922546387e-01
1.552671492099761963e-01
1.183118000626564026e-01
1.332952082157135010e-01
1.326194703578948975e-01
1.037879884243011475e-01
9.960073977708816528e-02
3.810229897499084473e-02
-2.435106411576271057e-02
-3.864172473549842834e-02
-4.926151782274246216e-02
-2.803926123306155205e-03
9.185957722365856171e-03
-5.848139896988868713e-02
-6.937243044376373291e-02
-5.719159916043281555e-02
-7.093267887830734253e-02
-8.960373699665069580e-02
-1.054389700293540955e-01
-7.439982146024703979e-02
-1.814611256122589111e-02
-1.619374193251132965e-02
-6.276333332061767578e-02
-3.123225830495357513e-02
4.852921515703201294e-02
-2.584518305957317352e-02
-8.586664497852325439e-02
4.645779263228178024e-03
-3.484198823571205139e-02
-1.266041845083236694e-01
-9.513527899980545044e-02
-7.280193269252777100e-02
-2.238641120493412018e-02
-1.162847876548767090e-02
-9.700006246566772461e-02
-4.654842987656593323e-02
4.268336296081542969e-02
-3.878910094499588013e-02
4.421223327517509460e-02
5.170947313308715820e-01
7.668091058731079102e-01
4.429979324340820312e-01
7.265894860029220581e-02
-1.349238306283950806e-01
-2.307850420475006104e-01
-1.081700325012207031e-01
-1.034404709935188293e-02
-8.737993985414505005e-02
-1.543589830398559570e-01
-1.579102873802185059e-01
-9.312292933464050293e-02
-3.242051601409912109e-02
-7.469409704208374023e-02
-1.081201583147048950e-01
-1.071973294019699097e-01
-1.016648188233375549e-01
-3.372676670551300049e-02
-3.527221828699111938e-02
-8.340822905302047729e-02
-3.545380383729934692e-02
-1.010716985911130905e-02
-9.144429117441177368e-03
4.924477078020572662e-03
1.267567276954650879e-02
8.623118698596954346e-02
1.439695358276367188e-01
1.428376734256744385e-01
1.801960766315460205e-01
1.928360015153884888e-01
1.152278408408164978e-01
3.531127423048019409e-02
-4.891825094819068909e-02
-1.070715188980102539e-01
-4.971977323293685913e-02
-9.000493213534355164e-03
-5.112658813595771790e-02
-6.146904826164245605e-02
-2.527070604264736176e-02
7.836741395294666290e-03
-5.919037014245986938e-02
-1.509424597024917603e-01
-3.764617070555686951e-02
7.913047820329666138e-02
3.289505140855908394e-03
-7.320953533053398132e-03
5.891726352274417877e-03
-2.054018154740333557e-02
5.927437916398048401e-02
1.337122451514005661e-02
-7.091575860977172852e-02
6.007952615618705750e-02
1.071761026978492737e-01
6.865772604942321777e-02
6.832113862037658691e-02
-4.951282963156700134e-02
-6.605502218008041382e-02
6.891808658838272095e-02
-5.099660251289606094e-03
-1.282618641853332520e-01
-7.135407626628875732e-02
-4.073524475097656250e-02
-3.166217729449272156e-02
4.466053843498229980e-02
3.252000361680984497e-02
-1.703278720378875732e-02
6.598457694053649902e-02
6.950324773788452148e-02
-3.956304490566253662e-02
4.458318650722503662e-02
4.404496774077415466e-02
-1.320006996393203735e-01
-1.822807453572750092e-02
9.828334301710128784e-02
-1.019241567701101303e-02
-1.318974886089563370e-02
-6.833427399396896362e-02
-1.108233481645584106e-01
-5.969610065221786499e-03
-2.862605080008506775e-02
1.169888023287057877e-02
4.784002527594566345e-02
-1.348724812269210815e-01
-1.299016475677490234e-01
-3.373036533594131470e-02
-8.093356341123580933e-02
-4.921422526240348816e-02
-1.068571466021239758e-03
-1.819693669676780701e-02
-8.093082346022129059e-03
1.660520732402801514e-01
6.199626326560974121e-01
7.959648966789245605e-01
2.437015920877456665e-01
-3.011539280414581299e-01
-2.711468636989593506e-01
-7.730707526206970215e-02
-2.569486014544963837e-02
-8.255856484174728394e-02
-1.455324143171310425e-01
-1.262387335300445557e-01
-1.365586221218109131e-01
-1.135124787688255310e-01
4.583176970481872559e-02
2.088834589812904596e-04
-2.030930668115615845e-01
-1.551386713981628418e-01
-1.804673485457897186e-02
-2.092897146940231323e-02
-2.182887122035026550e-02
9.857538156211376190e-03
2.978410385549068451e-02
1.951074600219726562e-02
-4.275893792510032654e-02
-2.913294173777103424e-02
7.132981717586517334e-02
1.021530330181121826e-01
1.254447847604751587e-01
1.183825209736824036e-01
5.926418304443359375e-02
4.868230596184730530e-02
-1.335049048066139221e-02
-4.373948089778423309e-03
1.325820088386535645e-01
3.396632522344589233e-02
-9.674451500177383423e-02
-5.806943774223327637e-02
-5.828395113348960876e-02
-2.263906784355640411e-02
5.760874599218368530e-02
1.669599488377571106e-02
