-7.537756115198135376e-03
-7.264979183673858643e-02
6.223776191473007202e-02
8.459427207708358765e-02
-3.798324614763259888e-02
-4.784564301371574402e-02
4.057113546878099442e-03
1.261869817972183228e-02
5.477363616228103638e-02
7.615346461534500122e-02
3.154756426811218262e-01
7.481469511985778809e-01
6.477417349815368652e-01
6.949726492166519165e-02
-2.112722247838973999e-01
-1.951849013566970825e-01
-1.439680606126785278e-01
-8.893715590238571167e-02
-3.741547837853431702e-02
-7.625024765729904175e-02
-2.199286222457885742e-01
-1.569694876670837402e-01
-1.722789485938847065e-03
-1.110306158661842346e-01
-1.163961291313171387e-01
2.350365184247493744e-02
-3.403601422905921936e-02
-8.755816519260406494e-02
-5.244138836860656738e-02
-4.200555011630058289e-02
1.022659614682197571e-02
-4.659672081470489502e-02
-1.482066363096237183e-01
-5.195780098438262939e-02
6.025496870279312134e-02
7.326537370681762695e-02
1.109476760029792786e-01
1.255638897418975830e-01
8.737061172723770142e-02
1.168089080601930618e-02
-3.129796683788299561e-02
7.677993178367614746e-02
1.204044893383979797e-01
-2.951320959255099297e-03
3.791327401995658875e-02
9.557865560054779053e-02
-7.423297315835952759e-02
-8.642342686653137207e-02
-3.568160114809870720e-03
-1.155629307031631470e-01
-4.936895892024040222e-02
3.785269707441329956e-02
-9.389522671699523926e-02
-3.901892155408859253e-02
-4.581841640174388885e-03
-1.165181100368499756e-01
2.038733288645744324e-02
1.315171271562576294e-01
9.021035395562648773e-03
3.772604744881391525e-03
6.620446592569351196e-02
-8.999486453831195831e-03
1.220630947500467300e-02
9.274178743362426758e-02
-1.488518621772527695e-02
-7.116877287626266479e-02
1.616916060447692871e-02
3.566494584083557129e-02
6.428744643926620483e-02
9.079334139823913574e-02
-3.529436886310577393e-02
-8.659705519676208496e-02
4.538353532552719116e-02
1.277764234691858292e-02
-5.991644784808158875e-02
5.990197882056236267e-02
-2.738049626350402832e-02
-1.760479658842086792e-01
3.841282427310943604e-02
1.183201596140861511e-01
-4.428154602646827698e-02
2.335354313254356384e-02
3.709321096539497375e-02
-1.755496263504028320e-01
-1.233359277248382568e-01
6.955628097057342529e-02
2.791149541735649109e-02
-1.184991560876369476e-03
2.699435688555240631e-02
-8.259549736976623535e-02
-1.221804320812225342e-01
1.501647382974624634e-02
-1.378446817398071289e-02
-2.088627368211746216e-01
-1.498359441757202148e-01
-5.623400956392288208e-02
-1.017925962805747986e-01
1.847631782293319702e-01
6.503146886825561523e-01
7.265064716339111328e-01
3.822025060653686523e-01
-3.448954224586486816e-02
-1.555416882038116455e-01
-7.122292369604110718e-02
-8.486004173755645752e-02
-1.193433552980422974e-01
-9.552443772554397583e-02
-1.140060126781463623e-01
-1.382702440023422241e-01
-1.166209354996681213e-01
-1.151735261082649231e-01
-1.632068753242492676e-01
-1.329883635044097900e-01
-6.960856914520263672e-02
-1.083096563816070557e-01
-1.643000245094299316e-01
-1.602298170328140259e-01
-4.789817333221435547e-02
5.867198482155799866e-02
2.282852306962013245e-02
2.219443768262863159e-02
6.487480551004409790e-02
5.450945347547531128e-02
8.811896294355392456e-02
1.619177609682083130e-01
1.557787805795669556e-01
7.137430459260940552e-02
7.741893827915191650e-02
1.503321230411529541e-01
1.159956455230712891e-01
1.530807930976152420e-02
-5.208517238497734070e-02
-9.514095261693000793e-03
1.888871379196643829e-02
-3.052522055804729462e-02
7.845712453126907349e-02
1.429253518581390381e-01
-1.554381288588047028e-02
-5.334135144948959351e-02
-2.564135193824768066e-02
-9.419636428356170654e-02
-1.353567838668823242e-01
-1.520725637674331665e-01
-1.173298284411430359e-01
-7.268689572811126709e-02
-8.552008867263793945e-02
5.298512522131204605e-03
2.456657588481903076e-02
-1.371617764234542847e-01
-3.774404898285865784e-02
1.310205906629562378e-01
3.238254413008689880e-02
5.394768342375755310e-02
1.152778491377830505e-01
4.645932465791702271e-02
9.883422404527664185e-02
1.111416146159172058e-01
5.035459622740745544e-02
6.181423738598823547e-02
1.883395598269999027e-03
1.765153021551668644e-03
5.510507151484489441e-02
-1.378994155675172806e-02
-2.381598949432373047e-02
-9.622874669730663300e-03
-3.296663612127304077e-02
2.312856167554855347e-02
4.633023589849472046e-02
-3.060318063944578171e-03
-9.424980729818344116e-02
-1.567076593637466431e-01
-1.295973658561706543e-01
-1.205492168664932251e-01
-8.594559878110885620e-02
-7.675281912088394165e-02
-1.672237366437911987e-01
-1.527396291494369507e-01
-1.139244884252548218e-01
8.595089893788099289e-04
5.296961069107055664e-01
8.873015642166137695e-01
3.879938721656799316e-01
-2.491102367639541626e-01
-3.217433393001556396e-01
-1.909833252429962158e-01
-1.448501646518707275e-01
-1.218492612242698669e-01
-1.046229228377342224e-01
-7.907325029373168945e-02
-8.312003314495086670e-02
-1.651912778615951538e-01
-1.948105692863464355e-01
-2.280396409332752228e-02
6.954067200422286987e-02
-4.453145340085029602e-02
-7.059352938085794449e-03
5.646798759698867798e-02
-1.776761375367641449e-02
4.274450615048408508e-02
1.017626151442527771e-01
8.696134388446807861e-02
1.709136366844177246e-01
1.592803001403808594e-01
8.961438387632369995e-02
1.751166731119155884e-01
2.024913281202316284e-01
1.490935385227203369e-01
2.398970723152160645e-01
2.871917784214019775e-01
1.488080173730850220e-01
4.714971408247947693e-02
-6.339736748486757278e-03
-9.126506745815277100e-02
-1.858837306499481201e-01
-2.483042180538177490e-01
-1.675590276718139648e-01
-7.530571520328521729e-02
-1.299837231636047363e-01
-1.920288205146789551e-01
-2.034661173820495605e-01
-2.172205448150634766e-01
-2.332212328910827637e-01
-2.043140530586242676e-01
-1.374296694993972778e-01
-9.999438375234603882e-02
-5.982899665832519531e-02
2.547563286498188972e-03
3.455824404954910278e-02
7.693259418010711670e-02
1.112200468778610229e-01
3.211333602666854858e-02
4.681589081883430481e-02
2.033744156360626221e-01
1.513913124799728394e-01
5.122962594032287598e-02
7.649551331996917725e-02
2.879433892667293549e-02
4.706916213035583496e-02
8.912940323352813721e-02
-9.087930084206163883e-04
-4.111901670694351196e-02
-7.788594067096710205e-02
-1.110381484031677246e-01
5.022659525275230408e-02
4.241348803043365479e-01
7.552368044853210449e-01
5.057705640792846680e-01
-1.624125987291336060e-01
-4.586937427520751953e-01
-3.567618131637573242e-01
-2.004325687885284424e-01
-8.510208129882812500e-02
-9.935062378644943237e-02
-1.292104572057723999e-01
-1.203505694866180420e-02
5.311021581292152405e-02
-9.860432893037796021e-02
-1.518030315637588501e-01
3.516497788950800896e-03
4.979792237281799316e-02
-1.941779069602489471e-02
-6.419355422258377075e-02
-1.006060559302568436e-02
5.239079520106315613e-02
-1.004026457667350769e-01
-1.842043101787567139e-01
2.740939380601048470e-03
6.005198881030082703e-02
-5.656564608216285706e-02
-5.080331116914749146e-02
8.992646634578704834e-02
1.863082200288772583e-01
1.130733862519264221e-01
1.022031158208847046e-01
2.877791523933410645e-01
2.571172118186950684e-01
3.035035729408264160e-02
1.068944670259952545e-02
3.936783224344253540e-02
-2.612596005201339722e-02
-2.055791392922401428e-02
-2.148241177201271057e-02
-7.955924421548843384e-02
-8.166939020156860352e-02
-9.527872502803802490e-02
-1.351660341024398804e-01
-1.004866957664489746e-01
-8.367831259965896606e-02
-1.363615095615386963e-01
-1.315260976552963257e-01
-1.618075370788574219e-02
6.056853756308555603e-02
4.708358086645603180e-03
1.962491124868392944e-02
6.061067432165145874e-02
-5.388796702027320862e-02
-1.829069107770919800e-02
8.388733118772506714e-02
-6.117142364382743835e-02
-1.205052882432937622e-01
-4.953323677182197571e-02
-8.608613908290863037e-02
-9.989764541387557983e-02
-5.526122078299522400e-02
1.677078939974308014e-02
6.362604349851608276e-02
-1.569394581019878387e-02
-5.317655857652425766e-03
1.065289750695228577e-01
2.382221370935440063e-01
6.611686944961547852e-01
8.593599200248718262e-01
2.782431542873382568e-01
-2.630633115768432617e-01
-3.084841966629028320e-01
-2.582965493202209473e-01
-1.048465818166732788e-01
-3.519748523831367493e-02
-2.060320675373077393e-01
-1.511064618825912476e-01
-3.746333718299865723e-02
-1.691006422042846680e-01
-1.313445419073104858e-01
-5.011200904846191406e-02
-1.112869679927825928e-01
-1.525534410029649734e-02
2.774251438677310944e-02
-4.646512493491172791e-02
-2.339608967304229736e-02
-4.477093741297721863e-02
-5.033380538225173950e-02
1.311369426548480988e-02
5.037139356136322021e-02
7.517590373754501343e-02
2.484080940485000610e-02
3.323438018560409546e-02
1.422554999589920044e-01
1.006097048521041870e-01
-2.337365783751010895e-02
1.011162251234054565e-02
1.114731281995773315e-01
7.252061367034912109e-02
9.407839737832546234e-03
-2.284653671085834503e-02
-1.408871710300445557e-01
-1.263674199581146240e-01
3.813293995335698128e-03
-3.755874931812286377e-02
-4.633272439241409302e-02
5.420386791229248047e-02
4.182823002338409424e-02
-1.539699360728263855e-02
3.816058859229087830e-03
9.861179441213607788e-02
1.311894357204437256e-01
1.271706167608499527e-02
-1.268949545919895172e-02
4.683690890669822693e-02
6.642058957368135452e-03
1.716329157352447510e-02
5.314128356985747814e-04
-2.685091271996498108e-02
3.934516385197639465e-02
-1.193025782704353333e-01
-1.355969309806823730e-01
1.750146001577377319e-01
8.478749543428421021e-02
-1.257181465625762939e-01
-6.211092695593833923e-02
-9.630828350782394409e-02
4.695791751146316528e-03
1.236869990825653076e-01
-9.683885425329208374e-02
-9.896418452262878418e-02
4.846851155161857605e-02
-3.502875566482543945e-02
-1.747691072523593903e-02
8.948137983679771423e-03
-3.391573205590248108e-02
4.329281672835350037e-02
-2.378606237471103668e-02
-1.414920687675476074e-01
-3.395010903477668762e-02
3.119539842009544373e-02
-2.591408044099807739e-02
-9.768470376729965210e-02
-1.481253802776336670e-01
-5.720801651477813721e-02
2.765096351504325867e-02
-2.063832059502601624e-02
1.628382354974746704e-01
6.503937840461730957e-01
7.230987548828125000e-01
1.317484676837921143e-01
-3.217992782592773438e-01
-2.540275156497955322e-01
-1.150583177804946899e-01
-6.715913116931915283e-02
-1.506606955081224442e-02
-9.394657611846923828e-02
-1.741265952587127686e-01
-3.852717205882072449e-02
6.542716920375823975e-02
-2.881026081740856171e-02
-1.093073412775993347e-01
-3.996897488832473755e-02
6.375699490308761597e-02
6.636172533035278320e-02
-5.777189135551452637e-02
-1.387729048728942871e-01
-3.248728439211845398e-02
4.115384072065353394e-02
1.688388362526893616e-02
-2.201959490776062012e-02
-7.209006696939468384e-02
4.902512207627296448e-02
1.448844969272613525e-01
2.533526858314871788e-03
6.159502547234296799e-03
1.645620316267013550e-01
1.631571948528289795e-01
8.481816202402114868e-02
4.541401192545890808e-02
1.540341973304748535e-02
-2.647009305655956268e-02
-6.024956330657005310e-02
1.241544913500547409e-02
4.229770973324775696e-02
-1.810033768415451050e-01
-2.474381774663925171e-01
-1.279620360583066940e-02
-3.874031081795692444e-02
-1.480264216661453247e-01
5.072779022157192230e-03
-3.092031925916671753e-02
-1.456535011529922485e-01
7.988466881215572357e-03
7.214345037937164307e-02
2.051167190074920654e-02
-2.792161889374256134e-02
-1.080717369914054871e-01
-3.446074575185775757e-02
1.971193589270114899e-02
-6.694474723190069199e-03
9.078805148601531982e-02
5.672008916735649109e-02
-4.126292467117309570e-02
4.021346941590309143e-02
3.216063976287841797e-02
2.112509682774543762e-02
1.345059871673583984e-01
9.598437696695327759e-02
7.869661599397659302e-02
1.954475194215774536e-01
1.570389866828918457e-01
3.388714790344238281e-02
1.885588094592094421e-02
8.185454457998275757e-02
6.637902557849884033e-02
-8.172059059143066406e-02
-8.610691875219345093e-02
2.675278671085834503e-02
-1.001612190157175064e-02
-4.105277359485626221e-02
-5.585388094186782837e-02
-1.679735034704208374e-01
-1.694325208663940430e-01
-8.424128592014312744e-02
-1.433115154504776001e-01
-5.494051799178123474e-02
5.205987691879272461e-01
8.420092463493347168e-01
3.516468405723571777e-01
-1.507557332515716553e-01
-3.078585565090179443e-01
-3.660845756530761719e-01
-2.391122877597808838e-01
-2.133694738149642944e-01
-3.234242200851440430e-01
-2.883893251419067383e-01
-3.376042246818542480e-01
-3.132647871971130371e-01
-9.271867573261260986e-02
-4.991262406110763550e-02
-6.442055106163024902e-02
-4.202220588922500610e-03
3.291952610015869141e-02
1.216843351721763611e-01
1.795671135187149048e-01
1.776074171066284180e-01
1.726188957691192627e-01
1.232665255665779114e-01
1.142001748085021973e-01
9.047909826040267944e-02
7.791739702224731445e-02
2.425297051668167114e-01
2.530305385589599609e-01
5.956681072711944580e-02
1.298978477716445923e-01
1.708527505397796631e-01
-6.318715959787368774e-02
1.378933805972337723e-02
2.120070904493331909e-01
2.993720769882202148e-02
-1.006175428628921509e-01
-4.280807822942733765e-02
-1.399022340774536133e-02
-9.188328869640827179e-03
-8.617255836725234985e-02
-6.886718422174453735e-02
-9.802577085793018341e-03
-1.192167773842811584e-01
-8.102811872959136963e-02
-1.005573291331529617e-02
-1.953740715980529785e-01
-2.413723766803741455e-01
-6.534329801797866821e-02
7.652576081454753876e-03
-2.487399242818355560e-02
-5.657572299242019653e-02
-9.175515174865722656e-02
-7.159019261598587036e-02
-1.590289548039436340e-02
-7.942461222410202026e-02
-1.246820390224456787e-01
-1.064889803528785706e-01
-7.263200730085372925e-02
3.956981301307678223e-01
9.141450524330139160e-01
5.695154666900634766e-01
-5.767680704593658447e-02
-2.374720871448516846e-01
-2.093569636344909668e-01
-9.055576473474502563e-02
-1.023467257618904114e-01
-2.044155150651931763e-01
-4.708530381321907043e-02
1.076928153634071350e-02
-1.110185086727142334e-01
-1.126985251903533936e-01
-1.202425286173820496e-01
-1.152321845293045044e-01
-6.492283195257186890e-02
-6.460395455360412598e-02
-7.528394460678100586e-02
-6.268469989299774170e-02
4.001782275736331940e-03
3.048733063042163849e-02
-3.801295533776283264e-02
-4.655829817056655884e-02
1.994822733104228973e-02
8.432503044605255127e-02
1.376782357692718506e-01
1.488180160522460938e-01
1.770455837249755859e-01
2.070845216512680054e-01
1.902129054069519043e-01
2.113769501447677612e-01
1.436331719160079956e-01
-3.172106295824050903e-02
-8.525342494249343872e-02
-2.745084464550018311e-02
4.657220840454101562e-02
2.663304843008518219e-02
-7.550980895757675171e-02
-9.540216624736785889e-02
-8.720321953296661377e-02
-4.647604376077651978e-02
1.309787016361951828e-02
-5.598435923457145691e-02
-9.019587188959121704e-02
-1.135019492357969284e-02
4.544026404619216919e-02
5.969243869185447693e-02
-2.435247600078582764e-02
-1.175491437315940857e-01
-7.465801388025283813e-02
-7.222723681479692459e-03
9.281753562390804291e-03
-5.792492255568504333e-02
-1.654918342828750610e-01
-8.508506417274475098e-02
6.778737157583236694e-02
3.997356072068214417e-02
-3.025729767978191376e-02
-5.268284678459167480e-02
-7.135465741157531738e-02
-6.483703851699829102e-02
-3.475329279899597168e-02
-5.435218103229999542e-03
-2.921847067773342133e-02
-7.499086111783981323e-02
-9.738646447658538818e-03
3.823153972625732422e-01
8.543658852577209473e-01
6.033570766448974609e-01
-1.208580583333969116e-01
-3.762973248958587646e-01
-2.722798585891723633e-01
-1.765151619911193848e-01
-8.098937571048736572e-02
-9.472481161355972290e-02
-1.161404103040695190e-01
-4.198830574750900269e-02
-9.354265779256820679e-02
-1.750107854604721069e-01
-8.584786951541900635e-02
-8.105269633233547211e-03
-3.337773308157920837e-02
-6.778173893690109253e-02
-5.974218249320983887e-02
-7.304346561431884766e-02
-1.104087755084037781e-01
-1.386747602373361588e-02
7.785934954881668091e-02
1.499117072671651840e-02
4.105016216635704041e-02
1.203403547406196594e-01
9.313318878412246704e-02
1.377858966588973999e-01
1.849011480808258057e-01
1.392850577831268311e-01
1.551751792430877686e-01
1.080997958779335022e-01
4.507663473486900330e-02
1.171237230300903320e-01
4.965045675635337830e-02
-3.343615680932998657e-02
7.110377401113510132e-02
8.943197131156921387e-02
5.439509823918342590e-02
5.042084027081727982e-03
-6.355351954698562622e-02
-4.384873062372207642e-02
-4.817902669310569763e-02
-3.881890326738357544e-02
-7.465173304080963135e-02
-1.870090514421463013e-01
-9.153342992067337036e-02
8.467793464660644531e-03
-1.021262109279632568e-01
-8.368313312530517578e-02
5.426582694053649902e-02
1.916895806789398193e-02
-6.706829369068145752e-02
-3.493517264723777771e-02
-4.854900762438774109e-02
-9.344048053026199341e-02
-1.404837053269147873e-02
-5.193169042468070984e-02
-1.939621716737747192e-01
-1.469236016273498535e-01
-2.922194451093673706e-02
3.337836265563964844e-02
9.928666055202484131e-03
-4.653169587254524231e-02
1.886331848800182343e-02
1.828332990407943726e-02
-9.319406002759933472e-02
-8.592650294303894043e-02
1.851414795964956284e-03
7.751104980707168579e-02
4.267949238419532776e-02
-3.803626075387001038e-02
-2.530428208410739899e-02
-4.742467775940895081e-02
2.323050051927566528e-02
2.760074138641357422e-01
5.529974102973937988e-01
7.251326441764831543e-01
4.088919460773468018e-01
-1.793625354766845703e-01
-3.377453088760375977e-01
-1.942010670900344849e-01
-1.880030706524848938e-02
1.663883179426193237e-01
7.608149200677871704e-02
-1.646441668272018433e-01
-1.247530505061149597e-01
-1.090985140763223171e-03
-1.870260015130043030e-02
-2.782346867024898529e-02
-9.758953005075454712e-02
-1.947480142116546631e-01
-1.125026047229766846e-01
-2.807760611176490784e-02
-7.572204619646072388e-02
-7.633465528488159180e-02
-1.975664170458912849e-03
1.099315471947193146e-02
-1.918340474367141724e-02
2.296499162912368774e-02
5.960714444518089294e-02
2.775077335536479950e-02
3.374912589788436890e-02
3.166553378105163574e-02
1.839087158441543579e-02
6.607736647129058838e-02
3.105161339044570923e-02
-2.066301926970481873e-02
1.500516477972269058e-02
-4.304568469524383545e-02
-1.262529939413070679e-01
-1.067634224891662598e-01
-2.362182177603244781e-02
2.258965931832790375e-02
-4.793058335781097412e-02
-5.354650318622589111e-02
-5.356088653206825256e-02
-1.493486613035202026e-01
-4.832883924245834351e-02
7.718042284250259399e-02
-3.846288099884986877e-02
-8.022078871726989746e-02
1.674610935151576996e-02
1.849885098636150360e-02
2.387991547584533691e-02
8.327441662549972534e-02
7.058570533990859985e-02
6.909669190645217896e-02
7.725212723016738892e-02
9.188854694366455078e-02
1.663534045219421387e-01
1.087942123413085938e-01
-1.473836973309516907e-02
1.968356082215905190e-03
6.141416355967521667e-02
8.336386829614639282e-02
5.709176883101463318e-02
9.484807960689067841e-03
-3.530965186655521393e-03
1.793206855654716492e-02
2.666106261312961578e-02
3.248048014938831329e-04
2.907563000917434692e-02
-8.074074983596801758e-03
-1.199874281883239746e-01
-8.161523379385471344e-03
5.068574845790863037e-02
-1.595291942358016968e-01
-2.196079045534133911e-01
-1.278626620769500732e-01
-1.136738583445549011e-01
-1.107324585318565369e-01
3.633833676576614380e-02
4.852499067783355713e-01
7.859908938407897949e-01
3.441637158393859863e-01
-2.490493804216384888e-01
-3.271939754486083984e-01
-2.303459346294403076e-01
-1.935860961675643921e-01
-1.339812129735946655e-01
-1.652956753969192505e-01
-2.256703674793243408e-01
-1.264645755290985107e-01
-1.251605749130249023e-01
-2.750736474990844727e-01
-1.367696225643157959e-01
2.578723430633544922e-02
-6.817730516195297241e-02
-3.984185680747032166e-02
8.693328127264976501e-03
-3.817768767476081848e-02
-1.771679706871509552e-02
1.380033046007156372e-02
1.071941927075386047e-01
1.618916541337966919e-01
1.081618666648864746e-01
1.494584679603576660e-01
2.255810499191284180e-01
2.028851360082626343e-01
1.830965280532836914e-01
2.217223346233367920e-01
1.890381127595901489e-01
1.027609631419181824e-01
6.586558371782302856e-02
3.670653700828552246e-02
6.613764166831970215e-02
5.171205475926399231e-02
-7.854809612035751343e-02
-1.558923348784446716e-02
1.034779623150825500e-01
-1.798712462186813354e-02
-6.649096310138702393e-02
-2.265673317015171051e-02
-1.494916677474975586e-01
-1.600107550621032715e-01
-1.532745268195867538e-02
-7.582126557826995850e-02
-1.499089449644088745e-01
-5.415178462862968445e-02
-5.788207799196243286e-02
-1.412876844406127930e-01
-7.952080667018890381e-02
1.564765814691781998e-03
-4.117705300450325012e-02
-8.559776842594146729e-02
-1.325040608644485474e-01
-1.231807470321655273e-01
2.033431641757488251e-02
-4.108098894357681274e-02
-2.064684182405471802e-01
-6.213920563459396362e-02
7.050366699695587158e-02
-4.565420001745223999e-02
-1.180216670036315918e-01
-5.625144392251968384e-02
-6.075399369001388550e-02
-1.237169131636619568e-01
1.888970583677291870e-01
7.553977370262145996e-01
7.957041859626770020e-01
3.311268389225006104e-01
1.074320916086435318e-02
-6.556963920593261719e-02
-1.219445168972015381e-01
-1.532045006752014160e-01
-8.108068257570266724e-02
2.848995663225650787e-02
-1.492006983608007431e-02
-2.227108329534530640e-01
-2.716278135776519775e-01
-7.734173536300659180e-02
2.662800624966621399e-02
-8.800108730792999268e-02
-1.838971674442291260e-01
-7.748096436262130737e-02
5.874099582433700562e-02
2.883151546120643616e-02
-2.750576473772525787e-02
-2.822046726942062378e-02
5.342257395386695862e-02
2.097735702991485596e-01
1.484340578317642212e-01
2.446579048410058022e-03
5.388161540031433105e-02
9.345158189535140991e-02
8.069560676813125610e-02
4.057238623499870300e-02
-7.147400639951229095e-03
2.843569591641426086e-02
5.013290047645568848e-02
-1.732505485415458679e-02
-2.016898989677429199e-01
-2.637382745742797852e-01
-1.277355104684829712e-01
-1.198811456561088562e-01
-9.931150823831558228e-02
3.974027559161186218e-02
4.394976794719696045e-02
2.331149019300937653e-02
7.677034288644790649e-02
-2.229274716228246689e-03
-9.572755545377731323e-02
8.204746991395950317e-02
2.538345158100128174e-01
1.134910807013511658e-01
-3.022227995097637177e-02
-1.506419200450181961e-02
-7.570049259811639786e-03
3.862170875072479248e-02
4.044996574521064758e-02
-4.061628505587577820e-02
-1.514563336968421936e-02
-6.445090472698211670e-02
-6.227442249655723572e-02
1.193350031971931458e-01
1.755682751536369324e-03
-8.307589590549468994e-02
1.227765828371047974e-01
7.357196509838104248e-02
-7.066103816032409668e-02
-8.593001961708068848e-02
-6.227318942546844482e-02
3.783250600099563599e-02
3.035717643797397614e-02
-2.827873267233371735e-02
-6.579364091157913208e-02
-1.488671749830245972e-01
-1.099513396620750427e-01
-6.967356801033020020e-02
-5.756486952304840088e-02
-4.119722172617912292e-02
-1.387443542480468750e-01
-9.565401077270507812e-02
-2.677589282393455505e-02
-9.360474348068237305e-02
-4.618693143129348755e-02
9.878221899271011353e-03
3.133504688739776611e-01
8.550174236297607422e-01
6.937139630317687988e-01
7.168242335319519043e-02
-1.010215952992439270e-01
-7.192533463239669800e-02
-1.067827194929122925e-01
-8.021304011344909668e-02
-5.907210335135459900e-02
-4.118713736534118652e-02
-4.908082261681556702e-02
-1.163648888468742371e-01
-1.618842184543609619e-01
-1.706766635179519653e-01
-1.060734018683433533e-01
-6.095113605260848999e-02
-1.422598510980606079e-01
-9.380131959915161133e-02
6.342051178216934204e-02
-1.618970744311809540e-02
-1.558351665735244751e-01
-7.713855057954788208e-02
2.641975320875644684e-02
-2.320061624050140381e-02
-6.713649630546569824e-02
1.167991943657398224e-02
1.026037707924842834e-01
1.493488997220993042e-01
1.326718330383300781e-01
1.279842704534530640e-01
1.695068776607513428e-01
3.019041754305362701e-02
-7.414223998785018921e-02
2.937998995184898376e-02
-2.378240972757339478e-02
-4.569030925631523132e-02
5.070105195045471191e-02
-5.740353465080261230e-02
-9.374499320983886719e-02
-2.166322432458400726e-02
-5.689675733447074890e-02
1.160981971770524979e-02
3.323885425925254822e-02
-8.697705715894699097e-02
1.021457463502883911e-02
1.066631376743316650e-01
-3.334622457623481750e-02
-6.251081824302673340e-02
7.034674286842346191e-03
-2.109167724847793579e-02
5.957309040240943432e-04
5.816394090652465820e-02
1.935085840523242950e-02
-2.245279960334300995e-02
1.649617962539196014e-02
4.084489122033119202e-02
-6.639423314481973648e-03
3.214690089225769043e-02
1.400565654039382935e-01
1.054737642407417297e-01
3.645502403378486633e-02
2.286899276077747345e-02
9.683486074209213257e-03
4.002155736088752747e-02
-3.972486034035682678e-02
-1.372218132019042969e-01
-4.969791695475578308e-02
-1.214302890002727509e-02
6.474438589066267014e-03
-5.455943197011947632e-02
-2.368244528770446777e-01
-3.957679867744445801e-02
1.960066407918930054e-01
2.508112043142318726e-02
-8.467642217874526978e-02
-1.004778668284416199e-01
-1.224871650338172913e-01
-6.391978263854980469e-02
-3.993961587548255920e-02
2.623830363154411316e-02
-2.394757792353630066e-02
-1.954681277275085449e-01
1.607925258576869965e-02
4.963368177413940430e-01
7.424387931823730469e-01
4.847141802310943604e-01
-1.032091155648231506e-01
-4.104363620281219482e-01
-3.646911084651947021e-01
-2.649559080600738525e-01
-8.462721109390258789e-02
4.087322205305099487e-02
-4.612106829881668091e-02
-9.988960623741149902e-02
-3.568527847528457642e-02
8.260843344032764435e-03
5.260135512799024582e-03
-8.260047435760498047e-02
-1.177239045500755310e-01
-7.671104371547698975e-02
-1.314281523227691650e-01
-1.251999940723180771e-02
1.887010335922241211e-01
5.911560729146003723e-02
-2.030120790004730225e-02
8.700744807720184326e-02
1.207534298300743103e-01
1.705566048622131348e-01
8.090388774871826172e-02
-3.464803844690322876e-02
1.434439122676849365e-01
2.145077884197235107e-01
8.892441540956497192e-02
1.164073050022125244e-01
7.312889397144317627e-02
-8.837892860174179077e-02
-5.696927011013031006e-02
-2.321520075201988220e-02
-1.237487792968750000e-01
-1.496429592370986938e-01
-1.170428171753883362e-01
-1.060283854603767395e-01
-7.927789539098739624e-02
-3.169454261660575867e-02
5.456225015223026276e-03
7.890554144978523254e-03
6.553808692842721939e-03
-7.732939906418323517e-03
-1.743594929575920105e-02
2.255893871188163757e-02
-1.402510679326951504e-03
-1.062200590968132019e-02
5.984396114945411682e-02
6.381940096616744995e-03
-1.328438520431518555e-02
1.483730413019657135e-02
-6.895278394222259521e-02
-1.414346297679003328e-05
7.714527845382690430e-02
-4.034212231636047363e-02
-1.134944111108779907e-01
-1.258028149604797363e-01
-4.141994938254356384e-02
5.577081441879272461e-02
-4.860833287239074707e-02
-9.759801626205444336e-02
-9.075426496565341949e-03
-2.744449861347675323e-02
-2.806367352604866028e-02
2.659935355186462402e-01
7.114923000335693359e-01
6.214921474456787109e-01
-4.873092845082283020e-02
-3.894379436969757080e-01
-2.887085080146789551e-01
-1.864376366138458252e-01
-7.432822138071060181e-02
-5.776870250701904297e-02
-7.624304294586181641e-02
-7.161672227084636688e-03
-4.215368628501892090e-02
-4.994619637727737427e-02
9.687780402600765228e-03
-9.309079498052597046e-03
-1.287962542846798897e-03
-5.260859429836273193e-02
-9.602931886911392212e-02
4.872218146920204163e-02
9.203799068927764893e-02
4.686173796653747559e-02
9.497306495904922485e-02
-4.478948190808296204e-02
-1.415364295244216919e-01
5.252630263566970825e-02
3.585047274827957153e-02
-5.000770092010498047e-02
1.070994287729263306e-01
1.189548969268798828e-01
1.780557329766452312e-03
-3.096011839807033539e-02
4.241609945893287659e-03
1.298860907554626465e-01
1.057478711009025574e-01
-1.100330501794815063e-01
-1.204786449670791626e-01
1.773249916732311249e-02
1.282680220901966095e-02
-1.713662594556808472e-02
-2.569456771016120911e-02
-7.545021176338195801e-02
-4.459878802299499512e-02
2.913739345967769623e-02
1.851874962449073792e-02
7.064077071845531464e-03
1.620989292860031128e-02
-4.305303096771240234e-02
-3.055426105856895447e-02
7.286721467971801758e-02
2.278207987546920776e-02
-6.061672419309616089e-02
-2.206728048622608185e-02
-2.421161346137523651e-02
1.078688167035579681e-02
9.329681843519210815e-02
-1.233849395066499710e-02
-9.270775318145751953e-02
3.835133090615272522e-02
5.590805411338806152e-02
-2.654206380248069763e-02
5.868658050894737244e-02
9.052916616201400757e-02
-7.052473723888397217e-02
-1.048443689942359924e-01
1.946364995092153549e-03
2.079255692660808563e-02
3.666480258107185364e-02
1.823534071445465088e-02
-7.634475082159042358e-02
-4.238792136311531067e-02
-1.759651117026805878e-02
-5.665896087884902954e-02
1.130805071443319321e-02
1.802723505534231663e-03
-4.039877653121948242e-02
3.901757672429084778e-02
3.773928061127662659e-02
-9.728616103529930115e-03
-8.449363522231578827e-03
-3.665525466203689575e-02
-5.205551162362098694e-02
-3.946721926331520081e-02
-2.946056984364986420e-02
-4.362595081329345703e-02
-9.666781872510910034e-02
-1.513636559247970581e-01
-9.658782742917537689e-03
5.067822337150573730e-01
8.257740736007690430e-01
4.218959212303161621e-01
-1.153901964426040649e-01
-2.504805922508239746e-01
-1.544008105993270874e-01
-7.019412517547607422e-02
-3.935290500521659851e-02
-3.609519824385643005e-02
-9.511388093233108521e-02
-9.582301229238510132e-02
-3.495562076568603516e-02
-9.775856137275695801e-02
-1.318882107734680176e-01
-6.936424970626831055e-02
-1.126771792769432068e-01
-1.586101800203323364e-01
-1.428499966859817505e-01
-1.734601855278015137e-01
-8.621273934841156006e-02
2.133725211024284363e-02
-2.692411839962005615e-02
2.166068181395530701e-02
5.375783517956733704e-02
-1.272621192038059235e-02
1.127425357699394226e-01
2.050318121910095215e-01
1.448363959789276123e-01
1.641301810741424561e-01
1.579906493425369263e-01
1.336874365806579590e-01
9.474417567253112793e-02
-4.955025762319564819e-02
-8.894352614879608154e-02
-4.703003913164138794e-02
-8.068534731864929199e-02
-7.553803920745849609e-02
-1.430479064583778381e-02
6.646506022661924362e-03
1.277024112641811371e-02
-1.034816168248653412e-02
-9.536789357662200928e-02
-4.664713516831398010e-02
1.034538000822067261e-01
9.712778031826019287e-02
5.781015008687973022e-02
3.117187693715095520e-02
-4.885480180382728577e-02
-1.118126697838306427e-02
3.001320362091064453e-02
-2.034082636237144470e-02
-2.000529691576957703e-02
-3.691963478922843933e-02
-5.882429331541061401e-02
-3.319615498185157776e-02
4.880325123667716980e-02
1.462028920650482178e-01
-1.073993090540170670e-02
-1.078866571187973022e-01
1.104523167014122009e-01
6.381425261497497559e-02
-6.759179383516311646e-02
3.178465366363525391e-02
-4.177587851881980896e-02
-1.038087159395217896e-01
-4.311599209904670715e-02
-8.125061541795730591e-02
-8.640663325786590576e-02
-1.059571802616119385e-01
-1.287726461887359619e-01
-9.328632801771163940e-02
-1.352055966854095459e-01
-1.283789128065109253e-01
1.704279035329818726e-01
6.765725016593933105e-01
7.031215429306030273e-01
9.264441579580307007e-02
-2.491437196731567383e-01
-2.291478216648101807e-01
-2.896635830402374268e-01
-2.216706871986389160e-01
-8.906792104244232178e-02
-1.072329133749008179e-01
-7.996091246604919434e-02
-8.717481046915054321e-03
-6.146053969860076904e-02
-8.096666634082794189e-02
1.542438846081495285e-02
4.407075420022010803e-02
7.830698788166046143e-02
1.170510873198509216e-01
2.590738609433174133e-02
7.479892112314701080e-03
6.578743457794189453e-02
6.490892916917800903e-02
7.336205244064331055e-02
4.080916568636894226e-02
4.006195440888404846e-02
1.640406399965286255e-01
1.647193431854248047e-01
3.745659440755844116e-02
4.657649621367454529e-02
1.064438596367835999e-01
5.701181665062904358e-02
2.257587201893329620e-02
1.203801948577165604e-02
-6.869769841432571411e-02
-9.968227148056030273e-02
-9.337344765663146973e-02
-1.200384348630905151e-01
-5.104647576808929443e-02
-2.747818361967802048e-04
-6.993488967418670654e-02
-9.930694848299026489e-02
-9.856180846691131592e-02
-9.003321081399917603e-02
-2.731128595769405365e-02
-4.163873381912708282e-03
-7.646153867244720459e-02
-1.090113669633865356e-01
-3.659002482891082764e-02
8.577972650527954102e-03
1.409660931676626205e-02
-6.031166762113571167e-03
-5.226799286901950836e-03
1.027895361185073853e-01
1.146840825676918030e-01
7.208591327071189880e-03
-2.804401889443397522e-02
6.174093112349510193e-03
7.705447077751159668e-02
-5.069920327514410019e-03
-1.433951705694198608e-01
8.655084529891610146e-04
8.490345627069473267e-02
-3.436058387160301208e-02
-6.940867006778717041e-02
-1.480525583028793335e-01
-1.293646246194839478e-01
-8.435684256255626678e-03
-8.120000362396240234e-02
-2.851779945194721222e-02
4.006959497928619385e-02
1.081977598369121552e-02
4.814762175083160400e-01
9.110224843025207520e-01
5.467348694801330566e-01
1.199675910174846649e-02
-2.532644569873809814e-01
-2.983018755912780762e-01
-1.001580059528350830e-01
-1.513525284826755524e-02
-1.168919578194618225e-01
-2.977128140628337860e-02
4.408860579133033752e-02
-1.089749932289123535e-01
-1.496206820011138916e-01
-5.523822084069252014e-02
-6.977350264787673950e-02
-1.281097233295440674e-01
-1.411686241626739502e-01
-1.467964947223663330e-01
-8.369489014148712158e-02
-2.415503934025764465e-02
-1.059946045279502869e-01
-1.099309846758842468e-01
5.068797618150711060e-02
1.068908721208572388e-01
3.528524935245513916e-02
3.415371105074882507e-02
1.220174431800842285e-01
1.482822895050048828e-01
6.806304305791854858e-02
-7.361054886132478714e-03
-2.126011997461318970e-02
-5.505986884236335754e-02
-8.504397422075271606e-02
6.366079207509756088e-03
2.383938757702708244e-03
-1.840443611145019531e-01
-1.561750918626785278e-01
3.293716534972190857e-02
4.389682039618492126e-02
1.378985680639743805e-02
4.733571037650108337e-02
7.324624806642532349e-02
1.235374510288238525e-01
1.247308701276779175e-01
6.234879046678543091e-02
5.429456382989883423e-02
6.842788308858871460e-02
7.902251929044723511e-02
4.042448848485946655e-02
-3.965638205409049988e-02
3.573297336697578430e-02
9.586036205291748047e-02
-3.183554112911224365e-02
-6.060471385717391968e-02
-1.381169445812702179e-02
-3.994395211338996887e-02
1.938028261065483093e-03
-1.770246028900146484e-02
-1.357621103525161743e-01
-3.871886804699897766e-02
6.017003580927848816e-02
-1.001463532447814941e-01
-1.291649937629699707e-01
-3.428322821855545044e-02
-1.013102382421493530e-01
-1.477381885051727295e-01
-5.529731139540672302e-02
3.329733312129974365e-01
8.267258405685424805e-01
6.130248904228210449e-01
-1.057239249348640442e-01
-3.644453287124633789e-01
-2.329453825950622559e-01
-2.187426835298538208e-01
-1.712475419044494629e-01
-5.337316915392875671e-02
-1.318860501050949097e-01
-1.748668253421783447e-01
-6.255879253149032593e-02
-4.857557266950607300e-02
-5.655287206172943115e-02
-7.567239552736282349e-02
-1.885326653718948364e-01
-1.433234661817550659e-01
-1.375924423336982727e-02
-1.214298829436302185e-01
-1.465904414653778076e-01
3.917381539940834045e-02
1.346528530120849609e-02
1.177769806236028671e-02
1.363992393016815186e-01
5.326375365257263184e-02
1.283925175666809082e-01
3.252480030059814453e-01
2.444290369749069214e-01
2.021000683307647705e-01
2.318623512983322144e-01
1.581408232450485229e-01
8.149132132530212402e-02
-1.102884393185377121e-02
5.232941731810569763e-02
1.500118374824523926e-01
-2.531500719487667084e-02
-8.258869498968124390e-02
1.191326533444225788e-03
-7.233639806509017944e-02
-7.724724709987640381e-02
-4.728751257061958313e-02
-7.081620395183563232e-02
-8.595538884401321411e-02
-1.389087885618209839e-01
-6.590034067630767822e-02
-8.648730814456939697e-03
-9.183551371097564697e-02
-1.614268869161605835e-02
-3.003752417862415314e-02
-1.699027866125106812e-01
-1.777261868119239807e-02
5.187711119651794434e-02
-9.727203100919723511e-02
-3.221030905842781067e-02
2.378700301051139832e-02
-3.355317562818527222e-02
7.016684114933013916e-02
6.784166395664215088e-02
-7.178155332803726196e-02
1.625289209187030792e-03
5.166130512952804565e-02
-6.206675991415977478e-02
-6.731424480676651001e-02
-6.198858469724655151e-02
-1.231091320514678955e-01
-5.616503953933715820e-02
1.594856753945350647e-02
-8.550085872411727905e-02
-1.502376329153776169e-02
4.590391218662261963e-01
7.272646427154541016e-01
4.078112840652465820e-01
-3.608087450265884399e-02
-2.602203786373138428e-01
-1.780916750431060791e-01
2.013522386550903320e-02
-4.782460629940032959e-02
-1.899570226669311523e-01
-1.518931686878204346e-01
-1.022118702530860901e-01
-1.092725917696952820e-01
-1.219601258635520935e-01
-1.098544299602508545e-01
-8.158115297555923462e-02
-6.603102385997772217e-02
-8.791714906692504883e-02
-1.423226594924926758e-01
-3.450949490070343018e-02
1.534009277820587158e-01
7.326976209878921509e-02
-7.622268050909042358e-02
-2.205230109393596649e-02
8.773257583379745483e-02
1.368511170148849487e-01
1.107008531689643860e-01
9.720934927463531494e-02
1.900556683540344238e-01
2.615909278392791748e-01
2.171060591936111450e-01
1.520188748836517334e-01
1.180024221539497375e-01
1.126679033041000366e-01
7.913509756326675415e-02
-6.430841982364654541e-02
-8.464477956295013428e-02
6.201678141951560974e-02
-4.108432307839393616e-02
-2.071117758750915527e-01
-1.066543608903884888e-01
-1.158162727952003479e-01
-2.396106272935867310e-01
-1.168840676546096802e-01
4.355661943554878235e-02
-5.558045208454132080e-02
-1.969140321016311646e-01
-1.234897673130035400e-01
-7.561481744050979614e-02
-1.211121976375579834e-01
-3.443564102053642273e-02
-2.716058492660522461e-02
-9.789467602968215942e-02
8.288909681141376495e-03
3.804634511470794678e-02
-7.077472656965255737e-02
-7.701085507869720459e-02
-5.002694576978683472e-02
-3.977230191230773926e-02
-1.593399979174137115e-02
-1.416564732789993286e-02
3.555142879486083984e-02
5.577356368303298950e-02
1.230022776871919632e-02
2.924984395503997803e-01
8.108036518096923828e-01
7.927417159080505371e-01
2.350635230541229248e-01
-1.346755623817443848e-01
-1.731009334325790405e-01
-8.931673318147659302e-02
-5.266804248094558716e-02
-1.619931608438491821e-01
-2.041172087192535400e-01
-1.423879265785217285e-01
-1.651643812656402588e-01
-1.899763941764831543e-01
-9.319506585597991943e-02
-2.600383758544921875e-02
-8.625523000955581665e-02
-1.701259016990661621e-01
-1.988243162631988525e-01
-1.162424311041831970e-01
1.887792721390724182e-02
7.994019240140914917e-02
4.960440844297409058e-02
1.023190561681985855e-02
2.491736225783824921e-02
2.539399079978466034e-02
2.651043981313705444e-02
1.107312142848968506e-01
1.730777919292449951e-01
7.912392169237136841e-02
3.792801871895790100e-02
1.823552846908569336e-01
1.668713688850402832e-01
6.170155480504035950e-03
-2.357817022129893303e-03
1.769022457301616669e-02
-2.830225415527820587e-02
1.725472137331962585e-02
1.307329982519149780e-01
5.032692477107048035e-02
-8.735854178667068481e-02
-1.885674707591533661e-02
-5.530294775962829590e-02
-1.946492642164230347e-01
-9.461329877376556396e-02
1.865510456264019012e-02
-2.473636344075202942e-02
-8.856942504644393921e-02
-1.219466552138328552e-01
-5.808811634778976440e-02
3.108722902834415436e-02
2.307280711829662323e-02
-5.149248614907264709e-02
-5.740137770771980286e-02
4.701269418001174927e-02
1.105777733027935028e-02
-1.424702554941177368e-01
-1.964371353387832642e-01
-1.965583413839340210e-01
-1.232848465442657471e-01
-1.179192289710044861e-01
-1.809380948543548584e-01
-1.065942198038101196e-01
1.999034732580184937e-02
4.892781674861907959e-01
9.968197345733642578e-01
6.250182390213012695e-01
2.263353765010833740e-02
-3.517620265483856201e-02
-5.350969266146421432e-03
-4.608545079827308655e-02
-6.676105409860610962e-02
-9.179662168025970459e-02
-7.211901992559432983e-02
-1.518747061491012573e-01
-2.101155817508697510e-01
-9.046845883131027222e-02
-8.238454908132553101e-02
-1.803642064332962036e-01
-1.464138776063919067e-01
-1.087910085916519165e-01
-1.474968791007995605e-01
-6.521688401699066162e-02
5.425791814923286438e-02
3.356334194540977478e-02
1.261191815137863159e-02
4.524328187108039856e-02
8.532052487134933472e-02
1.271881759166717529e-01
1.228367984294891357e-01
1.775135248899459839e-01
2.236894518136978149e-01
8.946403115987777710e-02
1.080710887908935547e-01
2.272491306066513062e-01
4.331362619996070862e-02
-8.843407779932022095e-02
-5.961005389690399170e-02
-1.191174462437629700e-01
-1.052000746130943298e-01
-1.256350129842758179e-01
-1.419948935508728027e-01
-7.533829659223556519e-03
-5.987072736024856567e-02
-1.157204583287239075e-01
-1.324061676859855652e-02
-1.165780797600746155e-01
-1.948665976524353027e-01
-3.190817683935165405e-02
2.568544633686542511e-02
-5.699653178453445435e-02
-3.028893843293190002e-02
1.929525285959243774e-02
-1.430138759315013885e-02
5.309037864208221436e-02
9.011802077293395996e-02
1.517266221344470978e-02
6.313994526863098145e-02
2.026818320155143738e-02
-8.311180025339126587e-02
2.558275498449802399e-02
3.666874766349792480e-02
-5.509729031473398209e-03
9.501992166042327881e-02
6.134897470474243164e-02
8.170511573553085327e-03
5.266311764717102051e-02
3.435822948813438416e-02
7.516407966613769531e-02
7.625540345907211304e-02
2.653206931427121162e-03
7.418227940797805786e-02
7.640951871871948242e-02
-1.909316889941692352e-02
1.473240461200475693e-02
3.635926544666290283e-02
-9.720328263938426971e-03
-1.852602511644363403e-02
2.472927048802375793e-02
7.909324020147323608e-02
1.994390506297349930e-03
-1.185353398323059082e-01
-3.446964919567108154e-02
6.435018032789230347e-02
-9.894088655710220337e-02
-1.847662776708602905e-01
3.092532046139240265e-02
5.345758423209190369e-02
-9.145312011241912842e-02
-6.698920577764511108e-02
-1.067243814468383789e-01
-7.978782057762145996e-02
5.455850064754486084e-02
2.938671596348285675e-02
2.576849795877933502e-02
-6.665635108947753906e-02
-1.528950482606887817e-01
7.062640041112899780e-02
1.263869851827621460e-01
-3.233733773231506348e-02
-7.550206035375595093e-02
-1.485259234905242920e-01
-1.214887648820877075e-01
-1.181734073907136917e-02
-3.877540305256843567e-02
-5.233201663941144943e-03
-7.660028059035539627e-03
1.218759417533874512e-01
6.731339693069458008e-01
7.219614982604980469e-01
5.955418571829795837e-02
-2.634117603302001953e-01
-2.408028095960617065e-01
-2.617644369602203369e-01
-1.523315608501434326e-01
1.116265729069709778e-02
1.279021892696619034e-02
-7.494987547397613525e-02
-6.400461494922637939e-02
-4.636800661683082581e-02
-7.897765934467315674e-02
-3.656160831451416016e-02
-6.406997889280319214e-02
-1.143933534622192383e-01
-7.409545034170150757e-02
-7.163789123296737671e-02
-2.655238099396228790e-02
4.505670815706253052e-02
1.096247136592864990e-01
1.753880232572555542e-01
8.134336024522781372e-02
6.199663504958152771e-02
1.638638377189636230e-01
3.374496102333068848e-02
5.797810386866331100e-03
1.824138611555099487e-01
7.000704854726791382e-02
-5.641897674649953842e-03
1.656672954559326172e-01
9.074079245328903198e-02
-7.529471069574356079e-02
-5.862183123826980591e-02
-3.728968650102615356e-02
-4.412552341818809509e-02
-5.451336503028869629e-02
-5.414914712309837341e-02
-2.461762167513370514e-02
-3.240361064672470093e-02
-8.141943812370300293e-02
-7.585584372282028198e-02
-2.050564624369144440e-02
-5.774790793657302856e-02
-1.549326181411743164e-01
-1.526893824338912964e-01
-7.391434162855148315e-02
-1.121225953102111816e-02
6.198310479521751404e-02
5.333828926086425781e-02
-1.208089366555213928e-01
-1.793890148401260376e-01
-4.905357211828231812e-02
5.685286223888397217e-02
2.987099066376686096e-02
-9.581831842660903931e-02
-2.347145229578018188e-02
1.262521445751190186e-01
8.467853814363479614e-02
8.841919898986816406e-02
1.171591505408287048e-01
1.071086376905441284e-01
8.577452600002288818e-02
5.957508110441267490e-04
6.217005848884582520e-02
1.513221561908721924e-01
5.261741951107978821e-02
5.851113703101873398e-03
4.467259347438812256e-02
-8.664081105962395668e-04
-6.743491441011428833e-02
-2.907556854188442230e-02
5.090732499957084656e-02
5.916624143719673157e-02
3.780476376414299011e-02
-1.536359312012791634e-03
-4.760830104351043701e-02
8.980938233435153961e-03
5.346418544650077820e-02
-1.797233335673809052e-02
5.040703807026147842e-03
-1.386600919067859650e-02
-1.920551061630249023e-01
-9.718767553567886353e-02
6.407105177640914917e-02
-6.313742697238922119e-02
-2.728667296469211578e-02
1.112469062209129333e-01
-9.261945378966629505e-04
-6.838019192218780518e-02
1.325672725215554237e-03
1.328716333955526352e-02
-2.186450175940990448e-02
-1.806588470935821533e-02
3.379461914300918579e-02
3.950013220310211182e-02
-2.056505763903260231e-03
-6.222274899482727051e-02
-1.043750494718551636e-01
-9.089986234903335571e-02
-9.112917631864547729e-02
-7.279214262962341309e-02
-8.682297915220260620e-02
-1.948973387479782104e-01
-1.521006077527999878e-01
2.692108973860740662e-04
-6.646346300840377808e-03
-3.931393101811408997e-02
5.808328744024038315e-03
-3.919455781579017639e-02
-9.053699672222137451e-02
1.939751952886581421e-01
7.237566113471984863e-01
8.045572638511657715e-01
2.213404178619384766e-01
-2.734878361225128174e-01
-2.595700621604919434e-01
-9.209363162517547607e-02
-1.911987923085689545e-02
-2.808684669435024261e-02
-2.919069863855838776e-02
-7.976516149938106537e-03
-2.665026485919952393e-02
-3.707197681069374084e-02
-3.557760640978813171e-02
-3.796717524528503418e-02
-4.061004146933555603e-02
-1.240493729710578918e-01
-1.910014599561691284e-01
-8.766523748636245728e-02
-2.334638498723506927e-03
-7.645459473133087158e-02
-7.917410880327224731e-02
3.953196108341217041e-02
9.500870853662490845e-02
1.355522722005844116e-01
1.827275454998016357e-01
1.757133156061172485e-01
1.670775860548019409e-01
1.571108400821685791e-01
2.107994556427001953e-01
2.811497747898101807e-01
1.810684204101562500e-01
-4.942804574966430664e-02
-2.868633866310119629e-01
-3.127384483814239502e-01
-1.596534699201583862e-01
-2.250711321830749512e-01
-3.420416414737701416e-01
-2.438795417547225952e-01
-1.793203949928283691e-01
-1.140802800655364990e-01
3.439929103478789330e-03
-5.732177942991256714e-02
-1.032819002866744995e-01
5.441870540380477905e-02
1.196925565600395203e-01
1.852344349026679993e-02
4.844471439719200134e-02
1.921073198318481445e-01
1.790196299552917480e-01
6.233526766300201416e-02
-1.808561384677886963e-02
-1.725635305047035217e-02
1.164048165082931519e-01
1.121283248066902161e-01
-9.940298646688461304e-02
-3.808222338557243347e-02
1.847381293773651123e-01
9.125508368015289307e-02
-2.154468372464179993e-02
6.503581255674362183e-02
2.328845858573913574e-02
-1.644975505769252777e-02
6.197414919734001160e-02
-2.024991437792778015e-02
-3.794958069920539856e-02
4.975350946187973022e-02
-4.568333923816680908e-02
-1.174685917794704437e-02
4.894512891769409180e-02
-1.908507347106933594e-01
-1.382410973310470581e-01
1.300548017024993896e-01
-2.592634968459606171e-02
-1.275062412023544312e-01
-1.659893617033958435e-02
-1.129047498106956482e-01
-7.053225487470626831e-02
3.901589810848236084e-01
8.264296054840087891e-01
6.003583669662475586e-01
-9.522629529237747192e-02
-3.381155729293823242e-01
-1.981165558099746704e-01
-2.810054123401641846e-01
-3.461034595966339111e-01
-2.068644613027572632e-01
-7.110010087490081787e-02
-1.146492827683687210e-02
-1.001796126365661621e-01
-1.428296864032745361e-01
-4.077085107564926147e-02
-3.818293660879135132e-02
-6.312082707881927490e-02
-4.335200041532516479e-02
-5.414554849267005920e-02
-1.864698901772499084e-02
-6.954843550920486450e-02
-2.183427512645721436e-01
-1.065367832779884338e-01
5.323094874620437622e-02
-6.664448976516723633e-02
-1.052268967032432556e-01
5.115333944559097290e-02
1.542069911956787109e-01
1.852181255817413330e-01
2.449619770050048828e-01
3.158010244369506836e-01
3.018310070037841797e-01
2.695137858390808105e-01
2.134833931922912598e-01
1.402705907821655273e-01
8.713518083095550537e-02
-4.880343750119209290e-02
-7.375483214855194092e-02
2.166406624019145966e-02
-1.821956969797611237e-02
-7.806549966335296631e-02
-1.083002611994743347e-01
-1.356169581413269043e-01
-7.073710113763809204e-02
3.251995891332626343e-03
1.085528917610645294e-02
1.251169107854366302e-02
-5.434040725231170654e-02
-1.785799264907836914e-01
-1.774036735296249390e-01
-1.288403868675231934e-01
-1.265173256397247314e-01
-1.309996992349624634e-01
-1.787761300802230835e-01
-1.924288272857666016e-01
-1.818377673625946045e-01
-1.979761272668838501e-01
3.254060819745063782e-02
5.917097330093383789e-01
8.463336229324340820e-01
3.933377265930175781e-01
-1.625179797410964966e-01
-3.118086755275726318e-01
-1.625754535198211670e-01
4.243274033069610596e-02
6.557459384202957153e-02
-1.115621533244848251e-02
-1.564322225749492645e-02
-3.158731013536453247e-02
-1.163815930485725403e-01
-1.636492162942886353e-01
-5.797448754310607910e-02
-9.658835828304290771e-03
-1.006569936871528625e-01
-1.306484546512365341e-02
6.031597033143043518e-02
-6.314242631196975708e-02
-3.679102286696434021e-02
1.563903130590915680e-02
-3.001424670219421387e-02
4.487525299191474915e-02
9.901019930839538574e-02
1.162471473217010498e-01
1.722314059734344482e-01
1.399081498384475708e-01
1.713045984506607056e-01
1.908050626516342163e-01
3.574357554316520691e-02
4.620776325464248657e-02
8.681046217679977417e-02
-9.208711981773376465e-02
-1.165988519787788391e-01
-2.436497248709201813e-02
-7.202973961830139160e-02
-1.121359616518020630e-01
-9.462685883045196533e-02
-1.014736741781234741e-01
-8.328530192375183105e-02
-4.189700633287429810e-02
-1.452294141054153442e-01
-2.049351930618286133e-01
-4.157051444053649902e-02
1.818837784230709076e-02
2.569801546633243561e-02
6.203999742865562439e-02
-2.805580943822860718e-02
2.178720757365226746e-02
5.397992953658103943e-02
-1.654085069894790649e-01
-1.394079625606536865e-01
7.198377698659896851e-02
4.510146006941795349e-02
-1.515375170856714249e-02
2.535002864897251129e-02
3.696724027395248413e-02
4.228804260492324829e-02
8.924801647663116455e-02
8.054785430431365967e-02
-1.090733893215656281e-02
-4.226060118526220322e-03
1.191062480211257935e-01
1.321852505207061768e-01
8.318495936691761017e-03
-4.085433203727006912e-03
1.208497881889343262e-01
6.307367980480194092e-02
-1.153614670038223267e-01
-5.250415951013565063e-02
3.796840459108352661e-02
-2.830789983272552490e-02
2.943775616586208344e-02
2.665182650089263916e-01
6.251518726348876953e-01
7.146621942520141602e-01
1.187539026141166687e-01
-4.006698429584503174e-01
-3.485622406005859375e-01
-2.818999290466308594e-01
-2.050713002681732178e-01
-1.066953018307685852e-01
-2.228934615850448608e-01
-2.105762064456939697e-01
-8.259233087301254272e-02
-1.861279755830764771e-01
-2.514630556106567383e-01
-9.333026409149169922e-02
-3.800249844789505005e-02
-1.037367060780525208e-01
-6.097067892551422119e-02
-4.170450940728187561e-02
-1.438181996345520020e-01
-1.386456936597824097e-01
5.208645761013031006e-02
1.148840412497520447e-01
-1.762877102009952068e-03
1.350462902337312698e-02
1.060839742422103882e-01
1.926224380731582642e-01
2.368821650743484497e-01
1.065296977758407593e-01
8.985233306884765625e-02
1.724126040935516357e-01
6.158175319433212280e-02
4.964538663625717163e-02
1.155188679695129395e-01
9.261448867619037628e-03
-4.828856885433197021e-02
-6.839126348495483398e-02
-5.841330438852310181e-02
7.229987531900405884e-02
9.194546379148960114e-03
-1.267217397689819336e-01
-2.267096191644668579e-02
6.393831968307495117e-02
7.244499772787094116e-02
8.314600586891174316e-02
4.255570843815803528e-02
6.140435114502906799e-02
1.278394758701324463e-01
9.551513195037841797e-02
6.904512643814086914e-02
1.326254010200500488e-01
4.000193625688552856e-02
-9.436797350645065308e-02
-7.601644843816757202e-03
3.879246767610311508e-03
-1.086681336164474487e-01
-1.565772891044616699e-01
-1.498284935951232910e-01
-8.091035485267639160e-02
-1.035333126783370972e-01
-1.610401570796966553e-01
-9.414483606815338135e-02
-6.710240244865417480e-02
-1.454276442527770996e-01
-2.028144001960754395e-01
-9.768386185169219971e-02
6.525139510631561279e-02
2.746509909629821777e-01
6.401790380477905273e-01
5.893415808677673340e-01
-4.998065158724784851e-02
-3.933284878730773926e-01
-2.669776380062103271e-01
-2.559919059276580811e-01
-2.205555438995361328e-01
-7.285526394844055176e-02
-2.187670022249221802e-01
-2.333027273416519165e-01
5.610539019107818604e-02
-6.146728061139583588e-03
-1.623536348342895508e-01
-3.646341711282730103e-02
-2.217752113938331604e-02
-8.232774585485458374e-02
-2.571316063404083252e-02
1.902252994477748871e-02
1.498112231492996216e-01
2.370854765176773071e-01
9.548316895961761475e-02
1.010105311870574951e-01
2.720744311809539795e-01
2.373515516519546509e-01
1.445000022649765015e-01
1.923863291740417480e-01
2.006536871194839478e-01
1.647009551525115967e-01
2.099842131137847900e-01
1.536249965429306030e-01
-1.760954596102237701e-02
1.003320049494504929e-02
7.073562592267990112e-02
-1.250022947788238525e-01
-1.679785102605819702e-01
3.072648867964744568e-02
-8.015917241573333740e-02
-2.149288654327392578e-01
-1.688165403902530670e-02
-5.965716019272804260e-02
-1.829372346401214600e-01
3.298167139291763306e-02
4.351786524057388306e-02
-1.172958463430404663e-01
-4.372256621718406677e-02
-3.279381245374679565e-02
-8.614169806241989136e-02
-1.969124563038349152e-02
-3.799902647733688354e-02
-1.002002134919166565e-01
-6.740490347146987915e-02
-7.457788288593292236e-02
-1.824116110801696777e-01
-2.753015160560607910e-01
-1.744138300418853760e-01
1.832813397049903870e-02
-7.674715667963027954e-02
-2.029113024473190308e-01
3.862083703279495239e-02
1.288120746612548828e-01
-5.555363371968269348e-02
6.049677729606628418e-02
2.163473218679428101e-01
8.106262236833572388e-02
5.831192806363105774e-02
2.009403854608535767e-01
1.997909843921661377e-01
5.828132107853889465e-02
5.355849396437406540e-03
1.255707889795303345e-01
1.737926602363586426e-01
2.546793781220912933e-02
-3.802872449159622192e-02
3.834509849548339844e-02
3.330131247639656067e-02
-8.470760658383369446e-03
-3.323710709810256958e-02
-6.506146490573883057e-02
-1.585266902111470699e-03
7.982110977172851562e-02
2.574401348829269409e-02
-4.557533562183380127e-02
-6.403755862265825272e-03
5.889030173420906067e-02
6.236016377806663513e-02
1.131821982562541962e-02
-5.576251819729804993e-02
-5.291125923395156860e-02
3.362333029508590698e-02
2.851857617497444153e-02
-9.082949161529541016e-02
-5.174656584858894348e-02
9.839098155498504639e-02
4.118363931775093079e-02
-5.840584263205528259e-02
1.758213154971599579e-02
4.283735528588294983e-02
-3.199623897671699524e-02
-5.460194125771522522e-02
-3.345948085188865662e-02
-2.720724418759346008e-02
-8.334511518478393555e-02
-1.087720096111297607e-01
-2.125728875398635864e-02
-4.914649203419685364e-02
-1.900483667850494385e-01
-1.648931801319122314e-01
-9.270653873682022095e-02
-7.503769546747207642e-02
-6.370840221643447876e-02
-1.251480728387832642e-01
-8.957031369209289551e-02
2.106886357069015503e-01
6.667822599411010742e-01
7.775519490242004395e-01
2.880617976188659668e-01
-1.302023082971572876e-01
-2.033218592405319214e-01
-2.081989645957946777e-01
-1.223381087183952332e-01
-9.002833813428878784e-02
-1.541314423084259033e-01
-1.844749599695205688e-01
-2.120155543088912964e-01
-2.047562748193740845e-01
-2.405288964509963989e-01
-2.239388823509216309e-01
-6.989011168479919434e-02
-8.769228309392929077e-02
-1.495636403560638428e-01
-4.845771193504333496e-02
4.066122323274612427e-02
1.410036087036132812e-01
1.769539862871170044e-01
1.451626121997833252e-01
2.530356347560882568e-01
3.212161958217620850e-01
2.601229548454284668e-01
2.375081181526184082e-01
2.346896082162857056e-01
2.244809120893478394e-01
2.392096966505050659e-01
2.452023476362228394e-01
1.724747419357299805e-01
1.102524176239967346e-01
1.512704789638519287e-01
9.245581179857254028e-02
-1.251973211765289307e-01
-2.837595343589782715e-01
-2.696818411350250244e-01
-1.522910594940185547e-01
-1.395656913518905640e-01
-2.841767370700836182e-01
-3.470057547092437744e-01
-2.085359692573547363e-01
-1.103861778974533081e-01
-2.199344784021377563e-01
-1.932967752218246460e-01
3.954684361815452576e-02
9.380863048136234283e-03
-1.103541925549507141e-01
-3.809011355042457581e-02
2.483896166086196899e-02
1.219633817672729492e-01
3.022739849984645844e-02
-1.898458153009414673e-01
-7.828786969184875488e-03
1.134383752942085266e-01
-3.666014969348907471e-02
-3.689995780587196350e-02
-5.321639403700828552e-02
-6.426412612199783325e-02
-8.845960348844528198e-02
-1.674872040748596191e-01
-1.495774649083614349e-02
6.631073355674743652e-02
-8.457511663436889648e-03
2.620953135192394257e-02
2.524544298648834229e-01
8.283391594886779785e-01
9.112055301666259766e-01
1.058415770530700684e-01
-2.637214660644531250e-01
-2.380183339118957520e-02
-1.287881284952163696e-02
-6.409922987222671509e-02
1.703503355383872986e-02
3.811463713645935059e-02
1.486409641802310944e-02
-5.565109103918075562e-02
-1.220764815807342529e-01
-9.085781127214431763e-02
-1.093607917428016663e-01
-1.617016941308975220e-01
-1.300522238016128540e-01
-1.578595340251922607e-01
-1.590138822793960571e-01
-4.055855795741081238e-02
-5.392662435770034790e-02
-1.259569525718688965e-01
-8.098358660936355591e-02
-4.467530548572540283e-02
1.636712998151779175e-02
1.332930922508239746e-01
1.378032714128494263e-01
1.423954516649246216e-01
1.858323812484741211e-01
-3.166317008435726166e-03
-3.129299730062484741e-02
2.843959629535675049e-01
1.601820737123489380e-01
-1.838259547948837280e-01
-1.155614480376243591e-01
-4.690004140138626099e-02
-8.930554986000061035e-02
-7.245004922151565552e-02
-1.058248206973075867e-01
-9.667868912220001221e-02
-5.647910013794898987e-02
-1.733699254691600800e-02
9.096712619066238403e-02
2.278544940054416656e-02
-1.890713870525360107e-01
-7.557726651430130005e-02
1.392402350902557373e-01
3.784084320068359375e-02
1.668136194348335266e-02
1.164379864931106567e-01
-4.092170298099517822e-02
-8.118817210197448730e-02
1.141846626996994019e-01
1.082229837775230408e-01
3.972362354397773743e-02
4.867194965481758118e-02
-1.285540405660867691e-02
-5.587758496403694153e-02
-1.073550954461097717e-01
-2.321325838565826416e-01
-2.552170455455780029e-01
-1.463264375925064087e-01
-9.610747545957565308e-02
-1.381677538156509399e-01
-1.046688407659530640e-01
1.044462844729423523e-01
5.572919249534606934e-01
9.117971658706665039e-01
5.214939713478088379e-01
-9.118632972240447998e-02
-9.838102757930755615e-02
1.050503179430961609e-02
-8.297990262508392334e-02
-1.151030957698822021e-01
-2.126763164997100830e-01
-1.667621284723281860e-01
1.160763502120971680e-01
5.640498921275138855e-02
-1.332480460405349731e-01
-6.156651675701141357e-02
-8.805081993341445923e-02
-9.551931917667388916e-02
4.230281338095664978e-02
-8.487129583954811096e-03
-8.612473309040069580e-02
-1.604289375245571136e-02
-4.453703761100769043e-03
-6.879672408103942871e-02
-3.988293558359146118e-02
7.890286296606063843e-02
1.229576542973518372e-01
8.084221929311752319e-02
3.757883235812187195e-02
5.445833131670951843e-02
1.108481884002685547e-01
1.260344684123992920e-02
-1.455019712448120117e-01
-9.817985445261001587e-02
-1.121153384447097778e-01
-2.942885458469390869e-01
-3.035520911216735840e-01
-2.880132198333740234e-01
-3.359773755073547363e-01
-2.049278020858764648e-01
-8.408538252115249634e-02
2.680660923942923546e-03
1.657752543687820435e-01
2.170959711074829102e-01
2.419390827417373657e-01
2.729633450508117676e-01
2.067357301712036133e-01
2.081101685762405396e-01
2.855384945869445801e-01
2.588650584220886230e-01
1.646495759487152100e-01
1.400606632232666016e-01
8.929435163736343384e-02
2.980882069095969200e-03
7.738031446933746338e-03
-7.561977952718734741e-02
-9.073837101459503174e-02
8.477658778429031372e-02
-6.408013403415679932e-02
-2.268997877836227417e-01
-2.280161716043949127e-03
4.358163848519325256e-02
-6.502771377563476562e-02
-7.864376157522201538e-02
-8.600798994302749634e-02
1.107314508408308029e-02
1.059792377054691315e-02
-7.052563130855560303e-02
-4.897951707243919373e-02
-1.654868423938751221e-01
-1.841870248317718506e-01
-5.515547469258308411e-03
-6.442913413047790527e-02
-1.435862630605697632e-01
-6.981687992811203003e-02
-6.819909811019897461e-02
-2.920485474169254303e-02
2.228300832211971283e-02
-4.254702106118202209e-02
-8.006369322538375854e-02
-7.105035474523901939e-04
2.276463955640792847e-01
6.481263637542724609e-01
8.199102282524108887e-01
3.216933012008666992e-01
-2.322087734937667847e-01
-3.188888430595397949e-01
-2.099791169166564941e-01
-1.447390466928482056e-01
-1.708535999059677124e-01
-1.357170045375823975e-01
-1.189214736223220825e-01
-2.263298779726028442e-01
-1.207571327686309814e-01
9.616407565772533417e-03
-9.248629957437515259e-02
-1.047276481986045837e-01
-6.479004025459289551e-02
-5.174535512924194336e-02
2.204105630517005920e-02
-2.598283253610134125e-02
-8.399429172277450562e-02
4.859792068600654602e-02
1.260457932949066162e-01
3.318889299407601357e-03
-5.345475673675537109e-02
8.637463301420211792e-02
1.711575239896774292e-01
1.615557521581649780e-01
1.802578121423721313e-01
1.680694967508316040e-01
1.981443464756011963e-01
1.826598346233367920e-01
4.274169728159904480e-02
4.953227937221527100e-02
1.005647033452987671e-01
5.620692297816276550e-02
2.181280404329299927e-02
-4.450887069106101990e-02
7.590501569211483002e-03
5.264489725232124329e-02
-1.495035439729690552e-01
-2.130364179611206055e-01
-1.462066024541854858e-01
-1.310158371925354004e-01
-5.213944241404533386e-02
-1.062258332967758179e-01
-1.195685639977455139e-01
-1.163127925246953964e-02
-1.556631829589605331e-02
5.560488998889923096e-02
4.085318371653556824e-02
-5.983905494213104248e-02
2.416097000241279602e-02
2.681653574109077454e-02
-1.677875779569149017e-02
-2.499249950051307678e-02
-1.258108168840408325e-01
-8.854003250598907471e-02
1.063123438507318497e-02
-5.128801614046096802e-02
-7.814139872789382935e-02
-2.014437923207879066e-03
2.550806477665901184e-02
-1.834069751203060150e-02
-3.485650289803743362e-03
6.025195494294166565e-02
2.382479421794414520e-02
-8.969243499450385571e-04
6.862461566925048828e-02
6.454875320196151733e-02
-2.610823512077331543e-02
-3.673694655299186707e-02
8.728438615798950195e-02
1.568884849548339844e-01
3.700780868530273438e-02
-7.239723205566406250e-02
7.149768061935901642e-03
1.009490713477134705e-01
1.006653532385826111e-01
9.249611198902130127e-02
5.467245937325060368e-04
-6.593968719244003296e-02
2.992838993668556213e-02
3.079702891409397125e-02
-4.914699122309684753e-03
6.683889031410217285e-02
6.021636724472045898e-02
6.162220612168312073e-02
2.971453219652175903e-02
-1.270713806152343750e-01
-7.709506899118423462e-02
6.075125932693481445e-02
-8.453786373138427734e-03
-4.130571335554122925e-02
-3.588762879371643066e-02
-1.205304116010665894e-01
-1.112326458096504211e-01
-1.872578635811805725e-02
4.913221299648284912e-02
-3.800750523805618286e-02
-1.870426386594772339e-01
-4.731241241097450256e-02
1.573942229151725769e-02
-1.584964990615844727e-01
-6.534968316555023193e-02
1.092359307222068310e-03
-1.388862431049346924e-01
-6.759514659643173218e-02
4.576857760548591614e-02
3.138992190361022949e-02
3.691853582859039307e-02
-1.523934025317430496e-02
3.886960446834564209e-02
5.284532904624938965e-01
8.508550524711608887e-01
3.525184988975524902e-01
-2.373622804880142212e-01
-2.745597958564758301e-01
-1.648488491773605347e-01
-1.414934247732162476e-01
-8.749744296073913574e-02
-7.862538099288940430e-02
-1.147270053625106812e-01
-8.068487048149108887e-02
-8.165269345045089722e-02
-9.937725216150283813e-02
-9.264283813536167145e-03
1.711118035018444061e-02
-2.292359434068202972e-02
-3.016720712184906006e-02
-3.678436204791069031e-02
4.861643537878990173e-02
7.559736818075180054e-02
-2.308713039383292198e-03
2.419313229620456696e-02
-3.259199857711791992e-02
-7.412276417016983032e-02
1.051013693213462830e-01
1.044404506683349609e-01
2.377476915717124939e-02
9.416038542985916138e-02
-1.579712703824043274e-02
-1.000192984938621521e-01
3.548406064510345459e-02
2.819552831351757050e-02
-5.449222773313522339e-02
-4.121946543455123901e-02
-8.271545171737670898e-02
-1.805208027362823486e-01
-1.624772697687149048e-01
-3.254728764295578003e-02
2.580247446894645691e-02
9.103401750326156616e-02
1.449387222528457642e-01
2.188678272068500519e-02
1.710747927427291870e-02
9.424904733896255493e-02
1.317922398447990417e-02
7.715960592031478882e-02
1.004378795623779297e-01
-1.427388340234756470e-01
-1.323778331279754639e-01
7.596162706613540649e-02
1.466252058744430542e-01
1.670168191194534302e-01
4.938360769301652908e-03
-1.223969012498855591e-01
6.591098010540008545e-02
1.495762914419174194e-01
7.098077982664108276e-02
3.877032920718193054e-02
-1.671962998807430267e-02
-1.086809279513545334e-04
4.492216184735298157e-02
4.306596517562866211e-02
8.255463093519210815e-02
2.387806586921215057e-02
-8.088485151529312134e-02
-8.512918837368488312e-03
5.364322289824485779e-02
-4.087196197360754013e-03
-5.003579426556825638e-03
-7.544464617967605591e-02
-2.287540584802627563e-01
-1.448646187782287598e-01
-2.266284450888633728e-02
-1.670363843441009521e-01
-2.569366991519927979e-01
-2.005740404129028320e-01
-2.124236524105072021e-01
-1.403050869703292847e-01
-2.336860448122024536e-02
-6.304135918617248535e-02
-9.375978261232376099e-02
-7.729209959506988525e-02
-9.153986722230911255e-02
-4.029811173677444458e-02
-2.148888446390628815e-02
-2.330569783225655556e-03
1.708110123872756958e-01
2.079625129699707031e-01
1.365885883569717407e-01
2.119716107845306396e-01
1.873664706945419312e-01
8.526918292045593262e-02
5.374578014016151428e-02
-8.227539248764514923e-03
2.617406547069549561e-01
8.033275604248046875e-01
7.357226610183715820e-01
1.585095971822738647e-01
-1.402474641799926758e-01
-1.625292003154754639e-01
-1.231811866164207458e-01
-4.762387275695800781e-02
-3.681829199194908142e-02
-5.111710727214813232e-02
-6.570485234260559082e-02
-1.172919049859046936e-01
-1.150661930441856384e-01
-1.113522574305534363e-01
-2.019654363393783569e-01
-2.199593335390090942e-01
-1.450572311878204346e-01
-1.551121026277542114e-01
-1.454236954450607300e-01
-1.338130235671997070e-01
-1.912988871335983276e-01
-7.858763635158538818e-02
2.072530478471890092e-04
-9.055545926094055176e-02
-3.036912903189659119e-02
9.341537021100521088e-03
-2.305348217487335205e-02
6.508851796388626099e-02
1.008369848132133484e-01
1.540883928537368774e-01
1.466649770736694336e-01
-1.980991102755069733e-02
3.924242034554481506e-02
5.735176429152488708e-02
-1.183488965034484863e-01
-5.130787193775177002e-02
-7.558220066130161285e-03
-7.272163033485412598e-02
2.127853594720363617e-02
-1.179539016447961330e-03
-1.016284748911857605e-01
-4.548257682472467422e-03
5.002870038151741028e-02
-4.283077269792556763e-02
-6.067388504743576050e-02
2.140186168253421783e-02
8.692007511854171753e-02
6.711289286613464355e-02
2.605507522821426392e-02
1.829073205590248108e-02
3.317295387387275696e-02
1.275888532400131226e-01
1.049465686082839966e-01
-2.926075831055641174e-02
1.102447956800460815e-01
2.216003835201263428e-01
5.816324800252914429e-02
8.213692344725131989e-03
-1.817820966243743896e-02
-3.477983176708221436e-02
3.556162118911743164e-01
7.977541089057922363e-01
6.059174537658691406e-01
-2.506615221500396729e-02
-3.629905581474304199e-01
-2.557259798049926758e-01
-1.584132313728332520e-01
-2.399498969316482544e-01
-2.902732193470001221e-01
-2.669416964054107666e-01
-2.970367372035980225e-01
-2.892327904701232910e-01
-1.062337830662727356e-01
-6.196182966232299805e-02
-2.327803522348403931e-01
-1.758076399564743042e-01
-5.408051609992980957e-02
-1.584718823432922363e-01
-1.642827391624450684e-01
-4.005705937743186951e-02
-1.996293850243091583e-02
-6.976691633462905884e-02
-5.045709200203418732e-03
1.594714969396591187e-01
1.596876978874206543e-01
1.243928968906402588e-01
2.328059077262878418e-01
2.632352411746978760e-01
1.936366260051727295e-01
1.605481207370758057e-01
1.877150833606719971e-01
1.714995354413986206e-01
5.073616281151771545e-03
-1.056731268763542175e-01
-2.900435216724872589e-02
2.336362004280090332e-02
-3.140800073742866516e-02
-1.167747154831886292e-01
-1.154569312930107117e-01
3.662906959652900696e-02
6.591922044754028320e-02
-6.143367663025856018e-02
-7.765760272741317749e-02
-1.056238114833831787e-01
-7.839960604906082153e-02
1.147536709904670715e-01
1.079145297408103943e-01
-5.672310665249824524e-02
-7.776829600334167480e-02
8.887792937457561493e-03
1.193248853087425232e-01
2.129832282662391663e-02
-2.082757949829101562e-01
-6.067479401826858521e-02
1.683998852968215942e-01
-5.717468913644552231e-03
-1.879601776599884033e-01
9.223251044750213623e-02
7.216223478317260742e-01
8.048976063728332520e-01
7.132477313280105591e-02
-3.660751581192016602e-01
-2.843821942806243896e-01
-1.952530294656753540e-01
-5.691869556903839111e-02
-8.704410493373870850e-02
-2.476766407489776611e-01
-1.257443726062774658e-01
3.906423225998878479e-02
-5.147212371230125427e-02
-1.778884828090667725e-01
-2.126543521881103516e-01
-1.990025043487548828e-01
-1.206139624118804932e-01
-9.695594757795333862e-02
-8.297514170408248901e-02
-8.145043626427650452e-03
-5.780034139752388000e-02
-1.059062182903289795e-01
-2.297945320606231689e-02
6.794848293066024780e-02
1.031197383999824524e-01
9.067577868700027466e-02
1.867195069789886475e-01
2.638926804065704346e-01
1.545304656028747559e-01
1.130013614892959595e-01
1.470353305339813232e-01
1.650205850601196289e-01
1.556021720170974731e-01
-1.535366661846637726e-02
-8.499701321125030518e-02
3.335820510983467102e-02
-3.652504831552505493e-02
-9.603325277566909790e-02
6.051469128578901291e-03
-4.099011048674583435e-02
-7.846669107675552368e-02
-2.166678896173834801e-03
2.491870708763599396e-02
5.525737628340721130e-02
-4.137253761291503906e-02
-1.420071870088577271e-01
4.454564303159713745e-02
7.085298001766204834e-02
-1.293448507785797119e-01
1.532615907490253448e-02
2.014919966459274292e-01
7.990467548370361328e-02
-2.805483713746070862e-02
-7.390504330396652222e-02
-6.225161254405975342e-02
-2.447884343564510345e-02
-7.098595798015594482e-02
-4.788424447178840637e-02
-5.754749756306409836e-03
-9.238687157630920410e-02
-1.819031834602355957e-01
-1.022013053297996521e-01
4.957827273756265640e-03
-4.811983555555343628e-02
-2.619568817317485809e-02
-1.645918004214763641e-02
-1.571173816919326782e-01
-8.831176161766052246e-02
1.085989400744438171e-01
4.751143753528594971e-01
8.737613558769226074e-01
4.800235629081726074e-01
-1.187045276165008545e-01
-1.949421912431716919e-01
-2.838203608989715576e-01
-2.278747856616973877e-01
-2.696124091744422913e-02
-1.013097018003463745e-01
-8.360177278518676758e-02
-1.728788949549198151e-02
-1.647205054759979248e-01
-1.928402185440063477e-01
-8.929702639579772949e-02
-6.280527263879776001e-02
-6.031324714422225952e-02
-8.306907862424850464e-02
-1.183812096714973450e-01
-5.694360658526420593e-02
2.235369198024272919e-02
-5.602062493562698364e-02
-1.577556878328323364e-01
-2.912755683064460754e-02
8.912856131792068481e-02
-1.164222136139869690e-02
6.023407727479934692e-02
2.378565520048141479e-01
1.597376167774200439e-01
1.682477146387100220e-01
2.781298160552978516e-01
1.343196928501129150e-01
2.634366787970066071e-02
1.176029741764068604e-01
1.291272789239883423e-01
9.512403607368469238e-02
1.118889078497886658e-01
2.827315777540206909e-02
-9.799624234437942505e-02
-1.554720103740692139e-01
-1.450279355049133301e-01
-1.198287401348352432e-02
-3.981249406933784485e-03
-1.332856267690658569e-01
-3.126750513911247253e-02
4.958135634660720825e-02
-7.009357959032058716e-02
-3.371073678135871887e-02
8.473066240549087524e-02
6.847059726715087891e-02
1.170133706182241440e-02
2.264566719532012939e-02
4.997300729155540466e-02
6.910693366080522537e-03
9.345582686364650726e-03
-4.154881834983825684e-02
-1.884770691394805908e-01
-6.276590377092361450e-02
5.036057531833648682e-02
-1.340371668338775635e-01
-1.691363751888275146e-01
-1.260015368461608887e-01
-1.449924707412719727e-01
-5.960943177342414856e-02
-5.295281112194061279e-02
-7.272534817457199097e-02
-2.800614759325981140e-02
-6.679787486791610718e-02
-6.322359293699264526e-02
-3.638518601655960083e-02
-9.344546496868133545e-02
-4.791479557752609253e-02
3.928608819842338562e-02
-4.763294477015733719e-03
-2.037151530385017395e-02
8.143243193626403809e-02
1.550549268722534180e-01
3.436518907546997070e-01
7.307571172714233398e-01
6.685622334480285645e-01
8.685632795095443726e-02
-2.096975743770599365e-01
-1.388794630765914917e-01
-9.730540215969085693e-03
3.319416195154190063e-02
-8.189555257558822632e-02
-1.200126931071281433e-01
-5.435532331466674805e-02
1.400756277143955231e-02
5.423149093985557556e-02
-7.429160922765731812e-02
-1.467505395412445068e-01
-5.828543752431869507e-02
-6.556187570095062256e-02
-1.540948599576950073e-01
-2.053128480911254883e-01
-1.597882807254791260e-01
-8.215355128049850464e-02
-3.932363167405128479e-02
-3.256080299615859985e-02
-8.594758063554763794e-02
-5.388105288147926331e-03
1.603928655385971069e-01
1.689311563968658447e-01
1.009650528430938721e-01
4.162810370326042175e-02
5.412641540169715881e-02
1.024233922362327576e-01
6.315556913614273071e-02
2.719494700431823730e-02
-2.106722630560398102e-02
-8.025477826595306396e-02
-2.263413742184638977e-02
-1.016220822930335999e-02
-7.050707191228866577e-02
-6.078080087900161743e-02
-7.062567770481109619e-02
-5.862398445606231689e-02
-7.158752996474504471e-03
-2.498313086107373238e-03
5.852897837758064270e-02
9.010451287031173706e-02
-2.343407832086086273e-02
-8.054430037736892700e-02
-6.539665907621383667e-02
-9.954154491424560547e-03
9.226193279027938843e-02
-8.045053109526634216e-03
-9.941146522760391235e-02
7.580862939357757568e-02
1.159137412905693054e-01
-2.622740529477596283e-02
-9.618121385574340820e-02
-8.343914151191711426e-02
-7.213667500764131546e-03
4.847519472241401672e-02
4.483101516962051392e-02
-3.897982416674494743e-03
-4.549619555473327637e-02
-1.143403537571430206e-02
2.113527618348598480e-03
-6.179063394665718079e-02
-1.274833083152770996e-01
-1.006463915109634399e-01
3.934571985155344009e-03
8.972179889678955078e-02
2.840121984481811523e-01
6.334670782089233398e-01
7.031344771385192871e-01
3.112448751926422119e-01
-8.826998621225357056e-02
-1.891874670982360840e-01
-1.599024236202239990e-01
-1.309308856725692749e-01
-7.813470065593719482e-02
-1.415126174688339233e-01
-2.859551310539245605e-01
-1.976216286420822144e-01
-6.585673242807388306e-02
-1.644706577062606812e-01
-1.705292314291000366e-01
-6.593212485313415527e-02
-1.147525086998939514e-01
-1.005923748016357422e-01
-2.858013845980167389e-02
-1.012120544910430908e-01
-1.063962355256080627e-01
-1.083963643759489059e-02
-4.439508169889450073e-02
-1.025965288281440735e-01
1.029064762406051159e-03
5.542142316699028015e-02
-5.801297258585691452e-03
7.285916060209274292e-02
1.594536751508712769e-01
1.512735337018966675e-01
1.735348403453826904e-01
1.287437230348587036e-01
7.792867720127105713e-02
5.938623473048210144e-02
-3.454188350588083267e-03
8.147554844617843628e-02
1.325014978647232056e-01
-3.937304764986038208e-02
-5.489636585116386414e-02
2.977315522730350494e-02
-1.343194581568241119e-02
-6.016651168465614319e-03
4.615929443389177322e-03
-7.478353101760149002e-03
3.667378798127174377e-02
5.533813685178756714e-02
3.325628861784934998e-02
-9.112988598644733429e-03
2.304370282217860222e-03
5.612251162528991699e-02
1.342511852271854877e-03
-2.995640970766544342e-02
2.857059426605701447e-02
1.054967008531093597e-02
2.444541081786155701e-03
1.973940432071685791e-02
-3.050791472196578979e-02
-4.144569858908653259e-02
-5.698119476437568665e-02
-1.051944270730018616e-01
-8.680464327335357666e-02
-3.977785259485244751e-02
-7.445947732776403427e-03
-4.907255526632070541e-03
-5.963704735040664673e-02
-1.184954196214675903e-01
-1.146114468574523926e-01
-1.068398505449295044e-01
-1.591157913208007812e-01
-1.397018879652023315e-01
-5.944461375474929810e-02
-5.334971100091934204e-02
-8.226297050714492798e-02
-1.237804815173149109e-01
8.181763440370559692e-02
6.648740172386169434e-01
8.307292461395263672e-01
3.226942420005798340e-01
-1.058116480708122253e-01
-2.663239538669586182e-01
-2.495679557323455811e-01
-8.186943829059600830e-02
-6.061357632279396057e-02
-6.422526389360427856e-02
-4.893326200544834137e-03
-5.042237788438796997e-02
-3.787254914641380310e-02
-4.348290152847766876e-03
-8.573208935558795929e-03
3.531593084335327148e-02
-3.541588410735130310e-02
-5.421508476138114929e-02
2.627489855512976646e-03
-4.781422391533851624e-02
4.704276472330093384e-02
7.383140176534652710e-02
-1.570845991373062134e-01
-5.911453813314437866e-02
1.707241982221603394e-01
1.074043810367584229e-01
9.050431847572326660e-02
8.966371417045593262e-02
3.086914308369159698e-02
1.417821496725082397e-01
1.701978296041488647e-01
1.939159631729125977e-02
-6.110552325844764709e-02
-2.122925035655498505e-02
-6.281791627407073975e-02
-1.837286949157714844e-01
-1.645506024360656738e-01
-1.165068820118904114e-01
-2.112329453229904175e-01
-2.400873005390167236e-01
-2.694506943225860596e-01
-1.642869412899017334e-01
