1.343919709324836731e-02
-6.835613748989999294e-04
-3.686237707734107971e-02
-2.098015323281288147e-02
1.896347291767597198e-02
6.205459311604499817e-02
6.982202827930450439e-02
4.162625968456268311e-02
1.799553446471691132e-02
-9.775774553418159485e-03
-1.520567107945680618e-02
-4.589943587779998779e-02
-1.062514856457710266e-01
-5.477643385529518127e-02
-4.125589877367019653e-02
-1.422120928764343262e-01
-9.587966650724411011e-02
-5.352151393890380859e-02
-1.437967568635940552e-01
-8.520980179309844971e-02
-5.486821755766868591e-02
8.856303989887237549e-03
5.599125027656555176e-01
8.490452766418457031e-01
2.246872782707214355e-01
-3.387386202812194824e-01
-2.619791328907012939e-01
-1.243495419621467590e-01
-1.222877949476242065e-01
-8.356992155313491821e-02
-8.653621375560760498e-02
-9.240411221981048584e-02
-1.070144176483154297e-01
-1.596535891294479370e-01
-8.835628628730773926e-02
-4.990522935986518860e-02
-8.486218750476837158e-02
-1.041099056601524353e-02
-3.713850677013397217e-02
-1.050608009099960327e-01
-1.605589315295219421e-02
-1.404319796711206436e-02
-4.150438308715820312e-02
6.026118621230125427e-02
1.041054651141166687e-01
1.131933405995368958e-01
1.778147667646408081e-01
1.919828802347183228e-01
1.621738374233245850e-01
2.012341916561126709e-01
2.643674015998840332e-01
2.268337607383728027e-01
1.360471397638320923e-01
8.515989780426025391e-02
6.259842310100793839e-03
-1.108582094311714172e-01
-1.325058490037918091e-01
-1.220895200967788696e-01
-1.448895335197448730e-01
-1.043060868978500366e-01
-1.218992620706558228e-01
-1.731393635272979736e-01
-9.946054220199584961e-02
-8.005394786596298218e-02
-9.267643839120864868e-02
-3.112450800836086273e-02
-3.731381893157958984e-02
-4.235930740833282471e-02
8.850184269249439240e-03
1.709237322211265564e-02
-1.071128435432910919e-02
-2.215848676860332489e-02
4.504106938838958740e-03
4.416954237967729568e-03
4.279788583517074585e-03
4.200287535786628723e-02
-4.886894021183252335e-03
-4.885136336088180542e-02
1.225571613758802414e-02
2.304822020232677460e-02
7.107318378984928131e-03
5.677165091037750244e-02
3.756750747561454773e-02
-1.802074722945690155e-02
2.364514768123626709e-02
2.593355998396873474e-02
-1.807645522058010101e-02
9.882347658276557922e-03
3.009851276874542236e-02
6.993990391492843628e-02
1.106975451111793518e-01
4.224129393696784973e-02
2.188330329954624176e-02
5.132859200239181519e-02
6.622332613915205002e-03
4.507746919989585876e-02
1.312009245157241821e-01
8.678600937128067017e-02
1.832732185721397400e-02
-4.539440385997295380e-03
-3.315204009413719177e-02
-7.431832700967788696e-02
-9.196300804615020752e-02
-7.296100258827209473e-02
-1.267899423837661743e-01
-1.598278433084487915e-01
-8.831644058227539062e-02
-9.641879796981811523e-02
-8.547271043062210083e-02
-6.758590042591094971e-02
1.116487849503755569e-02
5.314778089523315430e-01
7.391206622123718262e-01
4.931823164224624634e-02
-4.099414348602294922e-01
-2.323541790246963501e-01
-1.135374978184700012e-01
-9.948288649320602417e-02
-6.252329051494598389e-02
-8.586372435092926025e-02
-8.078125864267349243e-02
-6.935640424489974976e-02
-8.868212252855300903e-02
-7.942292094230651855e-02
-9.727974981069564819e-02
-7.728010416030883789e-02
-2.500197663903236389e-02
-7.066564261913299561e-02
-4.524752125144004822e-02
1.987828500568866730e-02
-1.554882992058992386e-02
3.443752229213714600e-02
7.410629838705062866e-02
5.442641675472259521e-02
1.584434509277343750e-01
2.077409923076629639e-01
1.731430590152740479e-01
2.076702415943145752e-01
2.134844809770584106e-01
2.029716670513153076e-01
1.992714405059814453e-01
1.341952830553054810e-01
7.302846759557723999e-02
7.177734747529029846e-03
-5.831601470708847046e-02
-5.567900463938713074e-02
-8.575375378131866455e-02
-1.587329208850860596e-01
-1.698189526796340942e-01
-1.404217332601547241e-01
-1.216074600815773010e-01
-1.215678453445434570e-01
-1.007116511464118958e-01
-6.151589751243591309e-02
-5.017933994531631470e-02
-4.334311559796333313e-02
-4.635379463434219360e-02
-6.110916286706924438e-02
-6.052726879715919495e-02
-5.818232148885726929e-02
-1.991101168096065521e-02
7.186145056039094925e-03
-2.755995094776153564e-02
-9.207045659422874451e-03
1.670661754906177521e-02
-1.462283916771411896e-02
7.728819269686937332e-03
1.188787538558244705e-02
-2.139489538967609406e-02
5.253761261701583862e-02
7.750174403190612793e-02
-2.238834043964743614e-03
4.551943764090538025e-02
1.036418899893760681e-01
3.941853344440460205e-02
2.203195169568061829e-02
4.007683321833610535e-02
3.377208486199378967e-02
3.649212792515754700e-02
1.686627231538295746e-02
2.155791223049163818e-02
6.767579913139343262e-02
4.484533891081809998e-02
-3.922488074749708176e-03
6.481093913316726685e-02
1.348378062248229980e-01
4.739860445261001587e-02
-1.485265884548425674e-02
2.397472970187664032e-02
-1.129045058041810989e-02
-5.199116468429565430e-02
-3.759614005684852600e-02
-5.670719966292381287e-02
-7.149111479520797729e-02
-8.116527646780014038e-02
-7.927805185317993164e-02
-8.221680670976638794e-02
-1.060970202088356018e-01
-2.333261445164680481e-02
-2.746777050197124481e-02
-3.128815814852714539e-02
4.373588860034942627e-01
6.441504955291748047e-01
3.020625002682209015e-02
-3.725439012050628662e-01
-2.205331176519393921e-01
-1.009744554758071899e-01
-9.429791569709777832e-02
-1.132298409938812256e-01
-1.017854660749435425e-01
-5.967471003532409668e-02
-8.869948238134384155e-02
-9.368252754211425781e-02
-3.230319172143936157e-02
-3.632973507046699524e-02
-9.564819931983947754e-02
-1.280279755592346191e-01
-1.182479336857795715e-01
-4.814551770687103271e-02
1.620406983420252800e-03
-1.262157317250967026e-02
4.697136208415031433e-02
1.198384612798690796e-01
1.015083268284797668e-01
1.079726144671440125e-01
1.481823027133941650e-01
1.715305447578430176e-01
1.898457854986190796e-01
2.233177870512008667e-01
2.439590841531753540e-01
1.851063817739486694e-01
1.485205739736557007e-01
1.168394684791564941e-01
-1.909534074366092682e-02
-8.632358908653259277e-02
-6.545102596282958984e-02
-9.983967244625091553e-02
-1.217908561229705811e-01
-8.432321995496749878e-02
-6.399840116500854492e-02
-8.248547464609146118e-02
-9.569262713193893433e-02
-1.009446978569030762e-01
-9.286874532699584961e-02
-5.643052235245704651e-02
-4.208578169345855713e-02
-4.595381021499633789e-02
-1.425550132989883423e-02
4.864696413278579712e-03
-3.765564039349555969e-02
-5.616043880581855774e-02
-2.137009054422378540e-02
-1.640602387487888336e-02
-1.481665577739477158e-02
-9.548906236886978149e-03
-3.525813668966293335e-02
5.107928533107042313e-03
4.097231477499008179e-02
-2.604989148676395416e-02
-2.947250567376613617e-02
8.524508215487003326e-03
-2.070582658052444458e-02
-2.149894600734114647e-03
3.627838194370269775e-02
6.638479419052600861e-03
5.632768385112285614e-03
3.642237186431884766e-02
2.692114934325218201e-02
1.242373045533895493e-02
-5.758040584623813629e-03
-1.733062043786048889e-02
2.788361720740795135e-02
7.268399000167846680e-02
5.488606542348861694e-02
3.359733894467353821e-02
7.691743224859237671e-02
1.128269359469413757e-01
9.644922614097595215e-02
9.996569901704788208e-02
9.008742123842239380e-02
1.455149333924055099e-02
-4.791770875453948975e-02
-4.789242148399353027e-02
-3.600316494703292847e-02
-2.472607418894767761e-02
-1.799791119992733002e-02
-6.471397727727890015e-02
-8.525279164314270020e-02
-5.449966341257095337e-02
-5.727547407150268555e-02
-6.662688404321670532e-02
-5.957512557506561279e-02
1.898819208145141602e-01
5.530656576156616211e-01
2.760873436927795410e-01
-3.125863671302795410e-01
-3.426061272621154785e-01
-1.224345639348030090e-01
-6.480084359645843506e-02
-6.423432379961013794e-02
-8.385995030403137207e-02
-8.690755069255828857e-02
-8.190540969371795654e-02
-1.050719097256660461e-01
-9.740646183490753174e-02
-7.026655226945877075e-02
-5.439738929271697998e-02
-4.816168174147605896e-02
-4.508660361170768738e-02
-2.192319836467504501e-03
-1.392461708746850491e-03
-5.445467680692672729e-02
-7.959100417792797089e-03
4.694533720612525940e-02
4.540789127349853516e-02
1.182377189397811890e-01
1.738234907388687134e-01
1.410561650991439819e-01
1.619285643100738525e-01
2.395210117101669312e-01
2.296702861785888672e-01
1.598718762397766113e-01
1.404788345098495483e-01
9.764368087053298950e-02
1.337653305381536484e-02
-5.314975231885910034e-02
-6.539460271596908569e-02
-1.251371297985315323e-02
-6.019863486289978027e-02
-1.469797194004058838e-01
-1.098237112164497375e-01
-1.017261147499084473e-01
-1.105099171400070190e-01
-8.110201358795166016e-02
-1.094257161021232605e-01
-8.121735602617263794e-02
8.580667898058891296e-03
8.204453624784946442e-03
-3.103542886674404144e-02
-4.141983762383460999e-02
-1.702041923999786377e-02
-1.632517017424106598e-02
-5.295190587639808655e-02
-1.215821970254182816e-02
-9.160740301012992859e-03
-5.920896679162979126e-02
2.256526146084070206e-03
2.110402472317218781e-02
-9.183593094348907471e-03
1.196746062487363815e-02
-3.146067610941827297e-04
2.689682133495807648e-02
3.034345619380474091e-02
-2.990101091563701630e-02
2.128200419247150421e-02
5.205832049250602722e-02
2.200359851121902466e-02
5.892421677708625793e-02
6.374152749776840210e-02
5.310814455151557922e-02
3.394659981131553650e-02
-2.977713756263256073e-02
-7.107867277227342129e-04
5.921452492475509644e-02
3.846335038542747498e-02
1.141780707985162735e-02
8.366256952285766602e-03
5.061207339167594910e-02
8.854312449693679810e-02
5.636345967650413513e-02
2.865183167159557343e-02
-8.121909573674201965e-03
-7.420942187309265137e-02
-9.132562577724456787e-02
-8.910047262907028198e-02
-9.415926784276962280e-02
-5.917726084589958191e-02
-3.462607786059379578e-02
-7.990047335624694824e-02
-5.293077230453491211e-02
4.132909700274467468e-02
-1.339500397443771362e-02
1.119525358080863953e-01
5.265501141548156738e-01
4.196327030658721924e-01
-1.480690985918045044e-01
-3.278183043003082275e-01
-1.798148602247238159e-01
-4.183718934655189514e-02
-6.715914933010935783e-04
-8.719903230667114258e-02
-1.035364940762519836e-01
-8.165875077247619629e-02
-1.265304535627365112e-01
-7.653199136257171631e-02
-7.522466592490673065e-03
-4.955977201461791992e-02
-7.466778904199600220e-02
-3.961433470249176025e-02
-4.596185311675071716e-02
-7.620427757501602173e-02
-5.026565492153167725e-02
-7.278757169842720032e-03
1.935578510165214539e-02
4.268026724457740784e-02
8.011586219072341919e-02
1.415577083826065063e-01
1.779696047306060791e-01
1.654594689607620239e-01
1.397441327571868896e-01
1.570274680852890015e-01
2.289967387914657593e-01
2.308693230152130127e-01
1.269129365682601929e-01
6.756740063428878784e-02
2.885513752698898315e-02
-8.105061948299407959e-02
-1.711394786834716797e-01
-1.721481084823608398e-01
-1.243969425559043884e-01
-1.010136082768440247e-01
-1.051885485649108887e-01
-1.077895537018775940e-01
-1.023295000195503235e-01
-5.392511561512947083e-02
-4.358344152569770813e-02
-7.876150310039520264e-02
-2.533129788935184479e-02
9.002412669360637665e-03
-2.105159498751163483e-02
-9.057914139702916145e-04
-7.247158791869878769e-03
-3.118507750332355499e-02
1.021496206521987915e-02
4.009824991226196289e-02
1.150621380656957626e-02
-9.639617986977100372e-03
3.534917160868644714e-02
3.460339829325675964e-02
-4.279722645878791809e-02
-1.527099870145320892e-02
3.618969395756721497e-02
2.800876274704933167e-03
1.948075369000434875e-02
2.996315807104110718e-02
9.983223862946033478e-03
3.870550543069839478e-02
2.142883278429508209e-02
5.071407184004783630e-03
5.057689547538757324e-02
4.663064703345298767e-02
-7.121561095118522644e-03
-1.994495093822479248e-02
2.359569072723388672e-02
1.480075065046548843e-02
-6.554357707500457764e-03
8.676726371049880981e-02
1.257458180189132690e-01
6.421451270580291748e-02
1.795907877385616302e-02
-6.179647520184516907e-02
-8.059453964233398438e-02
-4.065925255417823792e-02
-9.061918407678604126e-02
-9.851808845996856689e-02
-4.308897256851196289e-02
-4.375800490379333496e-02
-7.175387442111968994e-02
-1.099048629403114319e-01
-7.798182219266891479e-02
-3.982301801443099976e-02
4.738247394561767578e-02
5.111780762672424316e-01
7.760463953018188477e-01
2.277135848999023438e-01
-3.067095279693603516e-01
-2.848507463932037354e-01
-1.680819094181060791e-01
-1.253950595855712891e-01
-1.112316995859146118e-01
-1.320658773183822632e-01
-9.934343397617340088e-02
-6.079987809062004089e-02
-6.836289912462234497e-02
-5.969623848795890808e-02
-7.063356041908264160e-02
-1.328916251659393311e-01
-1.451644599437713623e-01
-9.365159273147583008e-02
-6.865166872739791870e-02
-3.517237305641174316e-02
1.882315054535865784e-02
2.104740217328071594e-02
5.247217044234275818e-02
1.189419031143188477e-01
1.164221540093421936e-01
1.330870836973190308e-01
1.909607499837875366e-01
2.128003537654876709e-01
2.292929291725158691e-01
2.247869819402694702e-01
1.811936199665069580e-01
1.349307000637054443e-01
7.055418938398361206e-02
-2.649934403598308563e-02
-6.828211992979049683e-02
-4.284029826521873474e-02
-1.026411354541778564e-01
-1.553437113761901855e-01
-9.019469469785690308e-02
-8.270346373319625854e-02
-1.133957654237747192e-01
-1.241892874240875244e-01
-1.226994097232818604e-01
-4.910728335380554199e-02
-3.322011232376098633e-02
-5.692536011338233948e-02
-2.802428323775529861e-03
-5.780706647783517838e-03
-4.957435280084609985e-02
-1.811615936458110809e-02
1.635057851672172546e-02
-6.142713595181703568e-03
-4.205517098307609558e-02
-1.863053999841213226e-02
1.955031976103782654e-02
1.866404525935649872e-02
3.195403516292572021e-02
2.060594968497753143e-02
1.056930981576442719e-02
4.578243568539619446e-02
1.723960041999816895e-02
-1.229258626699447632e-02
1.605853810906410217e-02
3.450936451554298401e-02
6.400898844003677368e-02
2.346399798989295959e-02
-4.446890577673912048e-02
1.421705703251063824e-03
1.979481801390647888e-02
-1.783645339310169220e-02
1.532415277324616909e-03
4.924883693456649780e-02
6.646443903446197510e-02
2.892294712364673615e-02
4.333062469959259033e-02
1.098008677363395691e-01
5.373657494783401489e-02
-3.009054996073246002e-02
-1.499917171895503998e-02
-1.810658536851406097e-02
-8.030806481838226318e-02
-9.434273093938827515e-02
-6.415530294179916382e-02
-1.162099987268447876e-01
-1.314558237791061401e-01
-6.113279238343238831e-02
-6.828263401985168457e-02
-5.195204168558120728e-02
-5.619790777564048767e-02
1.242133751511573792e-01
7.654004693031311035e-01
8.052654862403869629e-01
-5.115449056029319763e-02
-3.795245885848999023e-01
-1.168985515832901001e-01
-9.941879659891128540e-02
-1.580059379339218140e-01
-1.291233152151107788e-01
-1.394052356481552124e-01
-1.510101705789566040e-01
-1.321669816970825195e-01
-9.692226350307464600e-02
-1.116001233458518982e-01
-1.229742541909217834e-01
-9.967815130949020386e-02
-1.045135259628295898e-01
-7.590345293283462524e-02
-5.952247604727745056e-02
-4.070312157273292542e-02
4.272649437189102173e-02
4.980100691318511963e-02
5.536195263266563416e-02
1.044457778334617615e-01
8.879216760396957397e-02
1.605511009693145752e-01
2.626853883266448975e-01
2.185523211956024170e-01
1.957172453403472900e-01
2.538693845272064209e-01
2.529755830764770508e-01
1.427698433399200439e-01
1.635947637259960175e-02
-3.397561609745025635e-02
-5.849181860685348511e-02
-1.014041304588317871e-01
-1.502244621515274048e-01
-1.553727686405181885e-01
-1.289101541042327881e-01
-1.368712633848190308e-01
-1.085043549537658691e-01
-6.605578958988189697e-02
-9.079996496438980103e-02
-8.985634148120880127e-02
-5.655211582779884338e-02
-4.398668557405471802e-02
-3.106629475951194763e-02
-3.663589805364608765e-02
-4.332209005951881409e-02
-1.774812489748001099e-02
3.922810312360525131e-03
7.260492071509361267e-03
1.449000090360641479e-02
2.685417234897613525e-02
3.104909695684909821e-02
1.238160300999879837e-02
1.445033005438745022e-03
3.048867173492908478e-02
1.359371002763509750e-02
-4.720859695225954056e-03
6.613749265670776367e-02
7.077396661043167114e-02
3.374211862683296204e-02
5.704839527606964111e-02
3.009924106299877167e-02
-5.445616319775581360e-03
1.127811428159475327e-02
2.764068171381950378e-02
2.137218602001667023e-02
-2.282683923840522766e-02
-1.292788423597812653e-02
4.816297814249992371e-02
3.895879909396171570e-02
1.719375327229499817e-02
2.930543385446071625e-02
4.170829430222511292e-02
5.479156598448753357e-02
4.723451659083366394e-02
2.112146094441413879e-02
-3.163392096757888794e-02
-8.762798458337783813e-02
-8.519855141639709473e-02
-8.777724951505661011e-02
-1.161968857049942017e-01
-7.684553414583206177e-02
-5.482959374785423279e-02
-1.349537819623947144e-01
-9.853000938892364502e-02
4.423896316438913345e-03
-2.440857002511620522e-03
3.519238233566284180e-01
8.436859250068664551e-01
4.265521764755249023e-01
-3.318504691123962402e-01
-3.118802905082702637e-01
-6.706826388835906982e-02
-1.370814889669418335e-01
-1.295998543500900269e-01
-6.442238390445709229e-02
-1.332071870565414429e-01
-1.650084257125854492e-01
-1.383626461029052734e-01
-1.443552076816558838e-01
-1.355250179767608643e-01
-7.157725840806961060e-02
-5.895804613828659058e-02
-1.263654977083206177e-01
-8.516530692577362061e-02
9.925305843353271484e-03
-1.111543178558349609e-02
3.750491887331008911e-03
8.223293721675872803e-02
1.028627604246139526e-01
1.437391787767410278e-01
1.766746789216995239e-01
1.705590635538101196e-01
2.325631827116012573e-01
2.793130576610565186e-01
2.550213634967803955e-01
2.260666936635971069e-01
1.852176040410995483e-01
1.353584378957748413e-01
3.242623060941696167e-02
-9.795150160789489746e-02
-1.174358353018760681e-01
-9.728644788265228271e-02
-1.410720497369766235e-01
-1.663202047348022461e-01
-1.111661195755004883e-01
-5.222843214869499207e-02
-1.004138067364692688e-01
-1.458532214164733887e-01
-9.506448358297348022e-02
-7.366423308849334717e-02
-5.047916993498802185e-02
-2.286672592163085938e-03
-3.415830060839653015e-02
-5.491556972265243530e-02
-5.834570620208978653e-03
1.704615773633122444e-03
-3.684368729591369629e-02
-4.399246349930763245e-02
1.395750325173139572e-03
2.141193486750125885e-02
-1.153834629803895950e-02
-1.128219813108444214e-02
-1.145053561776876450e-02
-3.242176258936524391e-03
5.076580122113227844e-02
4.133527632802724838e-03
-5.660874396562576294e-02
2.226363494992256165e-02
6.775389611721038818e-02
1.487371884286403656e-02
-8.011568337678909302e-03
3.029671497642993927e-02
5.416024848818778992e-02
2.501511946320533752e-02
-8.392804302275180817e-03
-1.867401972413063049e-02
1.409307029098272324e-02
5.922851711511611938e-02
2.589153125882148743e-02
-2.606073208153247833e-02
2.795298770070075989e-02
1.210164204239845276e-01
1.137809902429580688e-01
7.167114317417144775e-02
7.788135856389999390e-02
5.791160091757774353e-02
1.295807305723428726e-02
-1.244051940739154816e-02
-5.044390261173248291e-02
-1.019742786884307861e-01
-6.517343968152999878e-02
8.505446836352348328e-03
-4.535949230194091797e-02
-8.114083111286163330e-02
-5.469627305865287781e-02
-9.501087665557861328e-02
-2.338078059256076813e-02
3.261080384254455566e-02
-4.695133492350578308e-02
3.057295978069305420e-01
6.935829520225524902e-01
1.858152300119400024e-01
-3.736832141876220703e-01
-2.544724941253662109e-01
-1.572032719850540161e-01
-1.775951683521270752e-01
-1.059167534112930298e-01
-1.211359053850173950e-01
-1.159287393093109131e-01
-9.354134649038314819e-02
-1.055624037981033325e-01
-4.279290512204170227e-02
-1.687648706138134003e-02
-6.281153112649917603e-02
-8.914802223443984985e-02
-8.194784075021743774e-02
-1.467442885041236877e-02
9.919696487486362457e-03
-1.334364339709281921e-02
5.285101383924484253e-02
7.278118282556533813e-02
4.395570978522300720e-02
1.183429658412933350e-01
1.603589206933975220e-01
1.361631900072097778e-01
1.493807733058929443e-01
1.874261498451232910e-01
2.242454588413238525e-01
2.225638329982757568e-01
1.803242713212966919e-01
1.058566868305206299e-01
-5.334033165127038956e-03
-5.812007561326026917e-02
-4.268863797187805176e-02
-8.265473693609237671e-02
-1.363304555416107178e-01
-1.138957589864730835e-01
-7.739534229040145874e-02
-8.525671064853668213e-02
-1.113267168402671814e-01
-1.018789783120155334e-01
-9.133678674697875977e-02
-1.048519238829612732e-01
-6.061872467398643494e-02
-3.665409609675407410e-02
-8.929260820150375366e-02
-3.042405284941196442e-02
6.806427985429763794e-02
1.609413325786590576e-02
-1.348250079900026321e-02
2.511949092149734497e-02
-2.436684630811214447e-02
-4.148221388459205627e-02
2.867089770734310150e-02
3.051415458321571350e-02
3.557004034519195557e-03
1.917476207017898560e-02
2.321852371096611023e-02
2.483511529862880707e-02
2.506527118384838104e-02
1.698293909430503845e-02
4.209021478891372681e-02
3.162185102701187134e-02
-3.179271146655082703e-02
-7.254044990986585617e-03
4.619858041405677795e-02
7.208074908703565598e-03
-1.356064109131693840e-03
4.243040829896926880e-02
2.503573894500732422e-02
4.709309432655572891e-03
2.797758765518665314e-02
1.734336651861667633e-02
-9.660465875640511513e-04
6.639201939105987549e-02
1.174457967281341553e-01
5.296254158020019531e-02
7.764790207147598267e-03
-5.786306224763393402e-03
-3.970436751842498779e-02
-6.012331694364547729e-02
-1.293660104274749756e-01
-1.183290630578994751e-01
-1.011853478848934174e-02
-4.990676045417785645e-02
-1.009778827428817749e-01
-8.548777550458908081e-02
-5.958725884556770325e-02
4.115604981780052185e-02
2.869396656751632690e-02
1.627966761589050293e-01
6.195662021636962891e-01
5.184795260429382324e-01
-1.729654669761657715e-01
-4.071980714797973633e-01
-1.633464694023132324e-01
-5.694783106446266174e-02
-1.075487136840820312e-01
-8.797277510166168213e-02
-2.726760320365428925e-02
-6.872814148664474487e-02
-1.282234787940979004e-01
-8.227175474166870117e-02
-6.280497461557388306e-02
-1.151444911956787109e-01
-1.165729314088821411e-01
-7.144547998905181885e-02
-6.301315128803253174e-02
-7.350997626781463623e-02
-4.932230804115533829e-03
7.673852890729904175e-02
6.407906860113143921e-02
5.693957582116127014e-02
8.536387979984283447e-02
1.060090735554695129e-01
1.441565454006195068e-01
1.853900253772735596e-01
2.337410897016525269e-01
2.458181381225585938e-01
1.783980429172515869e-01
1.259545683860778809e-01
1.177912354469299316e-01
5.508814007043838501e-02
-5.918096750974655151e-02
-8.824486285448074341e-02
-7.636690884828567505e-02
-1.215299218893051147e-01
-1.380394399166107178e-01
-1.367255747318267822e-01
-1.251634955406188965e-01
-7.115338742733001709e-02
-6.437881290912628174e-02
-5.521465092897415161e-02
-2.473694831132888794e-02
-3.858876973390579224e-02
-2.398768265265971422e-04
2.944646030664443970e-02
-2.681678906083106995e-02
-2.383733913302421570e-02
-2.117383992299437523e-03
-3.371654450893402100e-02
-1.728078536689281464e-02
1.017135661095380783e-02
-7.319449447095394135e-03
-2.533962950110435486e-02
-3.760702162981033325e-02
-1.915317215025424957e-02
1.803571917116641998e-02
1.987110823392868042e-02
2.309620194137096405e-02
3.339666500687599182e-02
6.156974006444215775e-03
4.921556101180613041e-04
2.197364158928394318e-02
-5.751068238168954849e-03
-1.201022416353225708e-02
2.964336797595024109e-02
-5.940617527812719345e-03
-6.469361484050750732e-02
-1.073024701327085495e-02
4.978321120142936707e-02
2.270571701228618622e-02
2.464105188846588135e-02
7.778609544038772583e-02
8.022035658359527588e-02
1.723399758338928223e-02
-1.660554297268390656e-02
2.619452588260173798e-02
3.008224256336688995e-02
-3.811252862215042114e-02
-5.942485108971595764e-02
-1.517110876739025116e-02
1.675333012826740742e-03
-2.181812003254890442e-02
-2.995315007865428925e-03
-1.872238703072071075e-02
-8.720991760492324829e-02
-2.033236809074878693e-02
2.781661041080951691e-02
1.071341037750244141e-01
5.302125811576843262e-01
6.162700653076171875e-01
3.817946650087833405e-03
-3.654071986675262451e-01
-2.071908712387084961e-01
-3.333742916584014893e-02
-1.032241061329841614e-02
-8.234706521034240723e-02
-1.210718080401420593e-01
-8.550335466861724854e-02
-7.624570280313491821e-02
-9.125287085771560669e-02
-1.162531524896621704e-01
-1.724011152982711792e-01
-2.003283053636550903e-01
-1.423373073339462280e-01
-8.680871874094009399e-02
-8.947595208883285522e-02
-5.798445269465446472e-02
-3.800736740231513977e-02
-3.026121109724044800e-02
2.618523314595222473e-02
1.635590940713882446e-02
3.277627751231193542e-02
1.455413401126861572e-01
1.777743101119995117e-01
1.537473499774932861e-01
1.798975318670272827e-01
2.299508601427078247e-01
2.067531794309616089e-01
1.451632082462310791e-01
1.376117616891860962e-01
6.227349862456321716e-02
-2.395867742598056793e-02
-6.544863805174827576e-03
-4.060972854495048523e-02
-7.499638199806213379e-02
-5.470650643110275269e-02
-9.421598166227340698e-02
-8.098629862070083618e-02
-2.308506146073341370e-02
-6.316039711236953735e-02
-8.616263419389724731e-02
-6.669021397829055786e-02
-8.017296344041824341e-02
-4.359670728445053101e-02
5.386108066886663437e-03
-1.690462790429592133e-02
-1.515850517898797989e-02
1.664121169596910477e-03
-1.846073940396308899e-02
1.184670813381671906e-02
2.843770384788513184e-02
-3.021877072751522064e-02
7.107420358806848526e-03
6.878134608268737793e-02
-1.210796297527849674e-03
-7.745150011032819748e-03
5.004590004682540894e-02
8.821988594718277454e-04
-3.528036549687385559e-02
6.195561029016971588e-03
1.041551772505044937e-02
-2.188020572066307068e-02
2.051901072263717651e-02
6.668560951948165894e-02
4.328696057200431824e-03
-3.163744509220123291e-02
-2.035925909876823425e-02
-3.925676271319389343e-02
-1.723140850663185120e-02
1.996944099664688110e-02
4.332984983921051025e-02
5.342202261090278625e-02
6.551838479936122894e-03
-1.986009441316127777e-02
-2.982324734330177307e-02
-5.165901407599449158e-02
-1.975719258189201355e-02
-1.978623308241367340e-02
-6.458101421594619751e-02
-3.362701088190078735e-02
-2.746184170246124268e-02
-8.238995820283889771e-02
-1.109451614320278168e-02
1.908815093338489532e-02
3.668744117021560669e-03
4.030905365943908691e-01
7.222047448158264160e-01
2.571652531623840332e-01
-3.064045011997222900e-01
-3.264055550098419189e-01
-1.264564990997314453e-01
-4.489217698574066162e-02
-1.033373996615409851e-01
-1.362860053777694702e-01
-5.907605960965156555e-02
-4.596562683582305908e-02
-1.110607385635375977e-01
-8.111599832773208618e-02
-4.401384666562080383e-02
-9.642805159091949463e-02
-1.048574149608612061e-01
-7.053552567958831787e-02
-6.293240934610366821e-02
-4.475590214133262634e-02
-3.952174633741378784e-02
-1.513539813458919525e-02
7.092323154211044312e-02
9.092786908149719238e-02
6.457690894603729248e-02
1.373690515756607056e-01
2.163593322038650513e-01
2.107437700033187866e-01
2.283132970333099365e-01
2.547136247158050537e-01
2.281409353017807007e-01
1.935837417840957642e-01
8.150964975357055664e-02
-5.324364453554153442e-02
-8.586914092302322388e-02
-1.169635131955146790e-01
-1.331598758697509766e-01
-1.205144375562667847e-01
-1.232650876045227051e-01
-1.237685531377792358e-01
-1.910412013530731201e-01
-1.864999681711196899e-01
-9.104129672050476074e-02
-1.012239456176757812e-01
-7.330170273780822754e-02
1.887653721496462822e-03
-6.362840067595243454e-03
-1.612620800733566284e-02
-4.161963611841201782e-02
-5.207110196352005005e-02
-2.506794873625040054e-03
2.116529457271099091e-02
3.696299344301223755e-02
3.561268746852874756e-02
9.559294208884239197e-03
2.592576481401920319e-02
2.161029912531375885e-02
1.291548646986484528e-02
6.245376169681549072e-02
7.267689704895019531e-02
5.976700037717819214e-02
7.617653906345367432e-02
5.609066039323806763e-02
1.813984289765357971e-02
6.432950962334871292e-03
1.709660887718200684e-02
2.326055616140365601e-02
8.152223192155361176e-03
3.994454070925712585e-02
7.757360488176345825e-02
5.766718834638595581e-02
6.218983605504035950e-02
4.422356933355331421e-02
-2.892599813640117645e-02
-7.417274266481399536e-02
-8.892731368541717529e-02
-6.817249208688735962e-02
-7.999495416879653931e-02
-1.337908506393432617e-01
-1.172679737210273743e-01
-1.204281821846961975e-01
-1.444138288497924805e-01
-4.618123918771743774e-02
-3.215159103274345398e-02
-2.511546574532985687e-02
5.051870942115783691e-01
1.000002264976501465e+00
4.865350127220153809e-01
-3.090387284755706787e-01
-3.623829483985900879e-01
-1.437231302261352539e-01
-1.513513475656509399e-01
-1.332001984119415283e-01
-1.020985618233680725e-01
-1.603509634733200073e-01
-1.441180706024169922e-01
-1.092973127961158752e-01
-1.191923469305038452e-01
-8.912287652492523193e-02
-1.061239391565322876e-01
-1.277481019496917725e-01
-5.225978046655654907e-02
-1.726327650249004364e-02
-3.886743262410163879e-02
-3.485076501965522766e-02
2.010004827752709389e-03
3.912067040801048279e-02
4.459129646420478821e-02
1.019527763128280640e-01
1.532686203718185425e-01
1.357991248369216919e-01
2.084926217794418335e-01
2.988872230052947998e-01
2.625388503074645996e-01
2.257043272256851196e-01
2.049275785684585571e-01
6.166495010256767273e-02
-8.736190944910049438e-02
-7.245288044214248657e-02
-5.825761333107948303e-02
-1.253652870655059814e-01
-1.283387690782546997e-01
-1.174076870083808899e-01
-1.464462727308273315e-01
-1.426593810319900513e-01
-1.283774375915527344e-01
-1.078005284070968628e-01
-7.246323674917221069e-02
-5.021147802472114563e-02
-2.006488479673862457e-02
-1.019199285656213760e-02
-7.972729392349720001e-03
3.580548986792564392e-02
4.167777672410011292e-02
2.897094003856182098e-02
6.437743455171585083e-02
5.323940888047218323e-02
5.402629263699054718e-03
2.308290684595704079e-03
-1.465593371540307999e-02
-1.560485735535621643e-02
3.548188135027885437e-02
2.562135830521583557e-02
5.006309598684310913e-03
2.137090079486370087e-02
-1.753940712660551071e-03
1.954545080661773682e-02
2.726993523538112640e-02
-2.385649271309375763e-02
4.741815477609634399e-02
7.512674480676651001e-02
-5.275962408632040024e-03
4.833976924419403076e-02
6.329257041215896606e-02
-3.677059710025787354e-02
-4.379468411207199097e-02
-5.146812275052070618e-02
-7.266213744878768921e-02
-4.613741487264633179e-02
-9.429191797971725464e-02
-1.196172684431076050e-01
-5.914089083671569824e-02
-1.037549972534179688e-01
-1.448327898979187012e-01
-2.833734638988971710e-02
-5.517852306365966797e-02
-1.027455204166471958e-03
6.497349739074707031e-01
9.773521423339843750e-01
2.564475238323211670e-01
-3.612690865993499756e-01
-2.256509959697723389e-01
-4.390580952167510986e-02
-9.517969936132431030e-02
-1.022807806730270386e-01
-8.198938518762588501e-02
-1.275734305381774902e-01
-1.343357861042022705e-01
-1.433446258306503296e-01
-1.620371788740158081e-01
-7.492639124393463135e-02
-6.360014528036117554e-02
-1.386783421039581299e-01
-8.392113447189331055e-02
-5.521542951464653015e-02
-8.495221287012100220e-02
-1.813443563878536224e-02
2.275124564766883850e-02
8.179728873074054718e-03
4.758404940366744995e-02
1.111931651830673218e-01
1.463755518198013306e-01
1.830890625715255737e-01
2.388804405927658081e-01
2.487779706716537476e-01
2.289752811193466187e-01
2.337663918733596802e-01
1.847895681858062744e-01
7.715917378664016724e-02
4.972824361175298691e-03
-7.788673043251037598e-02
-1.634434610605239868e-01
-1.501069068908691406e-01
-1.199702844023704529e-01
-1.275653392076492310e-01
-1.273448020219802856e-01
-1.261819303035736084e-01
-1.179587841033935547e-01
-1.096282750368118286e-01
-8.992614597082138062e-02
-7.582520693540573120e-02
-8.051405102014541626e-02
-2.203171700239181519e-02
1.906337589025497437e-02
-1.228348724544048309e-02
1.995368115603923798e-02
4.419438540935516357e-02
-3.085826523602008820e-03
1.010774355381727219e-02
5.324301123619079590e-02
3.176466003060340881e-02
-2.010053023695945740e-02
-1.976254954934120178e-02
3.504992648959159851e-02
5.385950207710266113e-02
3.389172255992889404e-02
2.431056834757328033e-02
1.194855850189924240e-02
1.055115368217229843e-02
6.654695421457290649e-02
1.012107580900192261e-01
6.214338168501853943e-02
8.015198260545730591e-02
1.018860563635826111e-01
6.858141277916729450e-04
-6.164324283599853516e-02
-1.822000928223133087e-02
-1.058883871883153915e-02
-5.700901523232460022e-02
-1.042956262826919556e-01
-8.940310031175613403e-02
-5.574696511030197144e-02
-1.173144355416297913e-01
-9.345780313014984131e-02
-8.798500522971153259e-03
-2.108785323798656464e-02
3.321803212165832520e-01
8.069381713867187500e-01
4.503478407859802246e-01
-2.320889234542846680e-01
-3.212645649909973145e-01
-1.269000768661499023e-01
-6.224118545651435852e-02
-9.560771286487579346e-02
-1.626871526241302490e-01
-1.712880581617355347e-01
-1.048125252127647400e-01
-8.193337172269821167e-02
-1.305016279220581055e-01
-1.325315833091735840e-01
-1.016998514533042908e-01
-1.137389615178108215e-01
-1.028332114219665527e-01
-7.664614170789718628e-02
-6.917597353458404541e-02
-4.565209895372390747e-02
-1.043449342250823975e-02
2.625960111618041992e-02
2.427606284618377686e-02
5.776230618357658386e-02
1.856013685464859009e-01
2.263021320104598999e-01
1.936000883579254150e-01
2.515757679939270020e-01
2.992355525493621826e-01
2.313742935657501221e-01
1.575021296739578247e-01
1.177010908722877502e-01
2.791340090334415436e-02
-7.033022493124008179e-02
-1.180396825075149536e-01
-1.347076892852783203e-01
-1.082820892333984375e-01
-9.806448966264724731e-02
-1.144877523183822632e-01
-6.743339449167251587e-02
-5.520895123481750488e-02
-1.103156358003616333e-01
-7.955119758844375610e-02
-5.044929310679435730e-02
-8.710335940122604370e-02
-3.441644087433815002e-02
2.446523495018482208e-02
-2.095264568924903870e-02
-4.278711229562759399e-02
-1.269982941448688507e-02
3.731331974267959595e-02
7.480019330978393555e-02
3.043148107826709747e-02
8.973237127065658569e-03
5.035804584622383118e-02
2.328122407197952271e-02
-1.655087247490882874e-02
-2.178459893912076950e-03
1.542689045891165733e-03
5.413143895566463470e-03
7.831424474716186523e-03
-5.651373881846666336e-03
1.129968557506799698e-02
6.984329968690872192e-02
7.843591272830963135e-02
1.271712128072977066e-03
-2.061402658000588417e-03
3.953767195343971252e-02
-2.910615876317024231e-02
-7.105155289173126221e-02
-5.175279453396797180e-02
-3.349177911877632141e-02
9.294012561440467834e-03
-6.509122997522354126e-02
-1.204397082328796387e-01
-5.535763129591941833e-02
-9.331586211919784546e-02
-4.942385479807853699e-02
1.659104600548744202e-02
3.335366398096084595e-02
4.974659085273742676e-01
7.451838254928588867e-01
4.257621988654136658e-02
-4.490922093391418457e-01
-1.680345386266708374e-01
-7.477398496121168137e-03
-1.168113797903060913e-01
-9.886327385902404785e-02
-4.530880972743034363e-02
-7.636850327253341675e-02
-1.031835004687309265e-01
-1.087155640125274658e-01
-8.940347284078598022e-02
-3.738438338041305542e-02
-3.014575131237506866e-02
-5.642238259315490723e-02
-6.111461296677589417e-02
-8.261711895465850830e-02
-5.455031245946884155e-02
6.780995428562164307e-02
1.130010038614273071e-01
6.328250467777252197e-02
7.812357693910598755e-02
1.717104166746139526e-01
2.214230895042419434e-01
1.841522306203842163e-01
2.068745195865631104e-01
2.375444024801254272e-01
1.655609160661697388e-01
1.724890917539596558e-01
1.583756059408187866e-01
-3.202550485730171204e-02
-1.414189189672470093e-01
-9.047235548496246338e-02
-9.084693342447280884e-02
-1.898875385522842407e-01
-2.148668766021728516e-01
-1.514082401990890503e-01
-1.456363052129745483e-01
-1.491405516862869263e-01
-1.315267980098724365e-01
-1.828321665525436401e-01
-1.938810050487518311e-01
-1.006052196025848389e-01
-5.108315497636795044e-02
-3.455036133527755737e-02
-7.917834445834159851e-03
-2.350096963346004486e-02
1.901818625628948212e-02
8.611775934696197510e-02
1.351839583367109299e-02
-1.431875023990869522e-02
9.483851492404937744e-02
1.020626202225685120e-01
3.035711310803890228e-02
1.019694749265909195e-02
-9.977435693144798279e-04
4.046228155493736267e-02
9.972292929887771606e-02
6.782434880733489990e-02
5.760528519749641418e-02
1.067990139126777649e-01
9.051600098609924316e-02
3.127282485365867615e-02
6.121206283569335938e-02
1.868756264448165894e-01
2.262044847011566162e-01
1.268453598022460938e-01
9.690820425748825073e-02
1.409208327531814575e-01
7.430182397365570068e-02
-2.217164076864719391e-02
-8.627324551343917847e-02
-1.902723014354705811e-01
-2.014540582895278931e-01
-1.307937949895858765e-01
-1.234855800867080688e-01
-1.339029967784881592e-01
-1.457027345895767212e-01
-1.419147253036499023e-01
-1.319739520549774170e-01
6.900344789028167725e-02
5.086995959281921387e-01
3.897030651569366455e-01
-2.472574412822723389e-01
-3.490417599678039551e-01
-1.071676388382911682e-01
-9.148872643709182739e-02
-7.812491059303283691e-02
-5.491203814744949341e-02
-9.112111479043960571e-02
-7.378795742988586426e-02
-8.163075149059295654e-02
-6.956560909748077393e-02
8.762727491557598114e-03
-3.942938521504402161e-03
-6.232618167996406555e-02
-6.338103860616683960e-02
-4.099923372268676758e-02
-2.002359181642532349e-02
-2.293868735432624817e-02
2.178601920604705811e-02
1.153733283281326294e-01
1.468008011579513550e-01
1.745352149009704590e-01
1.900755316019058228e-01
1.783484369516372681e-01
1.999773234128952026e-01
1.598039269447326660e-01
1.604801416397094727e-01
2.328481078147888184e-01
1.343976408243179321e-01
2.685652486979961395e-02
4.835433140397071838e-02
-1.930991560220718384e-02
-1.103104948997497559e-01
-1.015210002660751343e-01
-8.918753266334533691e-02
-1.089828982949256897e-01
-1.352887004613876343e-01
-1.498065143823623657e-01
-1.680158227682113647e-01
-1.283246725797653198e-01
-3.134241700172424316e-02
-5.609215423464775085e-02
-1.091170310974121094e-01
-3.669155389070510864e-02
5.150907672941684723e-03
-2.857296168804168701e-02
-3.558477014303207397e-02
-2.469680272042751312e-02
-2.706419117748737335e-02
-1.210177596658468246e-02
3.033320605754852295e-02
3.394128009676933289e-02
5.187239963561296463e-03
-2.114738523960113525e-02
-5.913885682821273804e-02
-3.979982808232307434e-02
3.783325478434562683e-02
5.654915049672126770e-02
-6.351586198434233665e-04
7.696820888668298721e-03
9.102504700422286987e-02
4.988351836800575256e-02
-2.787889726459980011e-02
2.337015420198440552e-02
6.697612255811691284e-02
7.740157842636108398e-02
9.580355137586593628e-02
8.430975675582885742e-02
1.202847510576248169e-01
1.558423638343811035e-01
3.079532831907272339e-02
-9.076094627380371094e-02
-2.393685095012187958e-02
1.095645409077405930e-02
-5.725631490349769592e-02
-4.379622638225555420e-02
-3.138416633009910583e-02
-3.839210420846939087e-02
1.607002131640911102e-02
3.659243695437908173e-03
-5.357782915234565735e-02
-3.700614720582962036e-02
2.054803520441055298e-01
5.220209956169128418e-01
2.422147393226623535e-01
-3.412765562534332275e-01
-3.519084751605987549e-01
-1.050842180848121643e-01
-8.737436681985855103e-02
-1.167285963892936707e-01
-1.110932305455207825e-01
-1.208717003464698792e-01
-1.758174747228622437e-01
-1.987321227788925171e-01
-8.161140978336334229e-02
-1.825252361595630646e-02
-8.994998782873153687e-02
-1.141239628195762634e-01
-7.066989690065383911e-02
-1.830084249377250671e-02
6.673916243016719818e-03
-5.243119318038225174e-03
2.656011842191219330e-03
6.663957238197326660e-02
1.359037756919860840e-01
1.415665000677108765e-01
1.703304201364517212e-01
2.550811469554901123e-01
2.407430708408355713e-01
1.870815902948379517e-01
2.488980293273925781e-01
2.552128434181213379e-01
1.311067342758178711e-01
7.701104879379272461e-02
3.978391736745834351e-02
-4.993841052055358887e-02
-7.434258610010147095e-02
-8.748317509889602661e-02
-8.503657579421997070e-02
-4.922064766287803650e-02
-1.062296330928802490e-01
-1.412570029497146606e-01
-7.930725067853927612e-02
-8.961475640535354614e-02
-1.279701888561248779e-01
-7.480946928262710571e-02
-3.509780019521713257e-02
-5.529566109180450439e-02
-2.954132482409477234e-02
-3.043569438159465790e-02
-8.466559648513793945e-02
-3.620095923542976379e-02
-2.982169762253761292e-02
-1.098846495151519775e-01
-7.557517290115356445e-02
-5.440005660057067871e-02
-5.353897437453269958e-02
3.647730499505996704e-02
1.850142329931259155e-02
-3.444980457425117493e-02
5.383826792240142822e-02
6.826938688755035400e-02
7.990248501300811768e-03
4.980728775262832642e-02
4.682399332523345947e-02
9.579678997397422791e-03
5.911966413259506226e-02
4.435017704963684082e-02
1.341277547180652618e-02
5.821709334850311279e-02
6.574086844921112061e-02
7.985936850309371948e-02
9.454239159822463989e-02
6.815562397241592407e-02
6.320680677890777588e-02
2.780330181121826172e-02
-1.416475418955087662e-02
5.318571813404560089e-03
8.079794235527515411e-03
-5.502996221184730530e-02
-9.061720222234725952e-02
-4.666060209274291992e-02
-7.931813597679138184e-02
-9.883424639701843262e-02
2.466761507093906403e-02
4.981825128197669983e-02
2.216484695672988892e-01
5.677174925804138184e-01
2.965503633022308350e-01
-3.085702359676361084e-01
-3.530591726303100586e-01
-1.135761737823486328e-01
-8.074823021888732910e-02
-9.492382407188415527e-02
-5.753925815224647522e-02
-7.499214261770248413e-02
-9.073915332555770874e-02
-7.872524857521057129e-02
-8.245163410902023315e-02
-6.479315459728240967e-02
-7.547093182802200317e-02
-9.012456983327865601e-02
-2.639065496623516083e-02
-4.042639955878257751e-02
-1.058312803506851196e-01
-2.288733236491680145e-02
5.295813083648681641e-02
4.474855214357376099e-02
8.678844571113586426e-02
9.218711405992507935e-02
8.829960227012634277e-02
1.662939488887786865e-01
1.356585472822189331e-01
5.909045785665512085e-02
1.433580368757247925e-01
1.865830570459365845e-01
1.126151308417320251e-01
7.284782081842422485e-02
2.034123055636882782e-02
-2.290472760796546936e-02
-2.772923558950424194e-02
-7.628529518842697144e-02
-9.375152736902236938e-02
-8.265762776136398315e-02
-1.037070676684379578e-01
-7.566731423139572144e-02
-6.213359162211418152e-02
-6.935796141624450684e-02
-1.655471278354525566e-03
4.580171313136816025e-03
-3.861955180764198303e-02
-7.127151824533939362e-03
1.934117288328707218e-03
-1.884635165333747864e-02
3.735488862730562687e-04
2.188682183623313904e-02
-1.317653222940862179e-03
-5.036469921469688416e-02
-4.119896516203880310e-02
3.160612890496850014e-03
-8.051441051065921783e-03
-1.099090790376067162e-03
4.404352977871894836e-02
2.939544804394245148e-02
-2.047763392329216003e-02
-5.780323967337608337e-02
-1.554507017135620117e-02
4.190359637141227722e-02
-2.293659187853336334e-02
5.338914343155920506e-04
8.789146691560745239e-02
-2.869789721444249153e-03
-2.187254466116428375e-02
8.618832379579544067e-02
7.939500361680984497e-02
4.360968247056007385e-02
5.393764376640319824e-02
4.101147502660751343e-02
-1.192831713706254959e-02
-4.377641528844833374e-02
-2.850653417408466339e-02
-4.708811268210411072e-02
-5.845035612583160400e-02
-4.536457359790802002e-02
-6.474976241588592529e-02
-7.398287206888198853e-02
-6.978701055049896240e-02
-3.147335723042488098e-02
-3.720046952366828918e-02
3.377015516161918640e-02
5.040786862373352051e-01
7.398829460144042969e-01
1.809028238058090210e-01
-3.325100839138031006e-01
-2.990608215332031250e-01
-1.442634165287017822e-01
-8.177110552787780762e-02
-1.037774085998535156e-01
-1.175883784890174866e-01
-6.519539654254913330e-02
-6.195250898599624634e-02
-6.472881883382797241e-02
-4.517199099063873291e-02
-9.966620057821273804e-02
-1.350480765104293823e-01
-8.883820474147796631e-02
-2.985353954136371613e-02
-5.079634487628936768e-03
-4.105140641331672668e-02
-5.531357228755950928e-02
-6.510826293379068375e-03
1.950778253376483917e-02
3.071179613471031189e-02
7.066897302865982056e-02
1.000058203935623169e-01
1.426820755004882812e-01
1.964414417743682861e-01
1.799553781747817993e-01
1.775652021169662476e-01
1.844396889209747314e-01
1.139950081706047058e-01
9.027414023876190186e-02
4.149898141622543335e-02
-8.158890902996063232e-02
-8.993170410394668579e-02
-8.067135512828826904e-02
-1.263968646526336670e-01
-1.208219975233078003e-01
-1.075918152928352356e-01
-7.547685503959655762e-02
-2.770826965570449829e-02
-4.096991941332817078e-02
-3.874853998422622681e-02
-1.302533783018589020e-02
-2.291470579802989960e-02
2.112104371190071106e-02
6.777614355087280273e-02
7.032530847936868668e-03
-2.669581025838851929e-02
2.143189869821071625e-02
2.322338707745075226e-02
-2.833684906363487244e-02
-2.028630487620830536e-02
1.163519360125064850e-02
-8.277102373540401459e-03
9.150233119726181030e-03
1.408128440380096436e-02
-7.323846220970153809e-02
-9.986671805381774902e-02
-3.366799652576446533e-02
1.091301161795854568e-02
3.057489357888698578e-02
5.327095091342926025e-02
5.177052691578865051e-02
1.264230906963348389e-02
-3.554830700159072876e-02
-5.241960287094116211e-02
-3.540949895977973938e-03
5.683849751949310303e-02
5.454613640904426575e-02
7.195772230625152588e-02
1.061750948429107666e-01
2.260356582701206207e-02
-5.896158888936042786e-02
-3.763656690716743469e-02
-4.042225703597068787e-02
-6.952821463346481323e-02
-8.613182604312896729e-02
-6.997117400169372559e-02
-5.381280556321144104e-02
-1.019884124398231506e-01
-6.869869679212570190e-02
-2.528545632958412170e-02
5.715757235884666443e-02
5.694892406463623047e-01
8.610904812812805176e-01
2.097594738006591797e-01
-3.728866577148437500e-01
-2.156617492437362671e-01
-7.972884178161621094e-02
-1.471809595823287964e-01
-8.074165880680084229e-02
-8.941213786602020264e-02
-1.539656668901443481e-01
-6.989851593971252441e-02
-4.999775439500808716e-02
-9.948150813579559326e-02
-7.126901298761367798e-02
-9.431245177984237671e-02
-1.345571726560592651e-01
-7.830983400344848633e-02
-6.183395534753799438e-02
-8.630354702472686768e-02
-2.279141917824745178e-02
2.051021903753280640e-02
3.096659667789936066e-03
5.811947584152221680e-02
9.603629261255264282e-02
7.275488227605819702e-02
1.520365327596664429e-01
2.236309498548507690e-01
1.614856123924255371e-01
1.680283099412918091e-01
2.351157665252685547e-01
1.384281665086746216e-01
-4.361095838248729706e-03
-1.976027153432369232e-02
-3.227638453245162964e-02
-8.986098319292068481e-02
-1.147534027695655823e-01
-1.031944081187248230e-01
-6.267355382442474365e-02
-7.102789729833602905e-02
-1.128255277872085571e-01
-4.557451978325843811e-02
-6.267068441957235336e-03
-6.963048130273818970e-02
-4.638774320483207703e-02
-1.255674194544553757e-02
-3.379819169640541077e-02
6.658675149083137512e-03
-9.777386439964175224e-04
-5.965593084692955017e-02
3.769581671804189682e-03
2.539808675646781921e-02
-3.222147375345230103e-02
5.842608585953712463e-02
7.387350499629974365e-02
-5.045109987258911133e-02
4.471668042242527008e-03
4.531273245811462402e-02
-2.537635155022144318e-02
2.926126867532730103e-02
4.449851065874099731e-02
-1.036031823605298996e-02
1.577376574277877808e-02
1.759719848632812500e-02
1.486452389508485794e-02
1.917565055191516876e-02
-6.862579844892024994e-03
2.506264485418796539e-02
4.581608623266220093e-02
3.680218756198883057e-02
5.300737917423248291e-02
2.776919864118099213e-02
7.314535323530435562e-03
-1.412061695009469986e-02
-7.801324129104614258e-02
-8.047872781753540039e-02
-6.465890258550643921e-02
-8.200207352638244629e-02
-5.568108335137367249e-02
-2.389360591769218445e-02
-6.810416281223297119e-02
-9.600044041872024536e-02
-1.826391369104385376e-02
-3.484728559851646423e-02
8.491553366184234619e-02
6.226803064346313477e-01
6.433038711547851562e-01
-5.045263469219207764e-02
-2.900083661079406738e-01
-1.039208322763442993e-01
-7.963318377733230591e-02
-6.991805881261825562e-02
-6.758105754852294922e-02
-1.206367239356040955e-01
-1.290701776742935181e-01
-1.179146990180015564e-01
-1.102805137634277344e-01
-1.054787039756774902e-01
-8.697606623172760010e-02
-4.881960898637771606e-02
-3.732372447848320007e-02
-3.406225889921188354e-02
-1.281288918107748032e-02
-2.924586646258831024e-02
-2.700115181505680084e-02
4.806181788444519043e-02
5.695184320211410522e-02
2.552460506558418274e-02
8.743446320295333862e-02
1.380380690097808838e-01
1.530485302209854126e-01
2.080649286508560181e-01
2.211718410253524780e-01
1.855746954679489136e-01
1.377121657133102417e-01
6.718759983777999878e-02
2.408477850258350372e-02
-3.278051316738128662e-02
-1.218620091676712036e-01
-1.320374459028244019e-01
-1.010295376181602478e-01
-1.177091822028160095e-01
-1.136865094304084778e-01
-7.587482035160064697e-02
-9.428388625383377075e-02
-1.092237457633018494e-01
-5.006774142384529114e-02
-3.369656950235366821e-02
-6.226602196693420410e-02
-2.939705923199653625e-02
1.629541511647403240e-03
7.823848165571689606e-03
5.607267096638679504e-02
6.077898666262626648e-02
-4.002210218459367752e-03
-7.823502644896507263e-03
2.474538236856460571e-02
-1.618522964417934418e-02
-5.389544740319252014e-02
-7.365430239588022232e-03
1.956280088052153587e-03
-5.927379708737134933e-03
8.481605350971221924e-02
9.003101289272308350e-02
-3.810490714386105537e-03
3.915010485798120499e-03
1.952356286346912384e-02
2.377627603709697723e-02
5.662595480680465698e-02
1.133652683347463608e-02
2.042490430176258087e-02
8.307705074548721313e-02
5.382858216762542725e-02
6.146970763802528381e-02
4.926239699125289917e-02
-5.022216588258743286e-03
1.705958694219589233e-02
1.557116117328405380e-02
2.994647249579429626e-02
-5.953973159193992615e-03
-1.240496560931205750e-01
-4.500174149870872498e-02
1.748924114508554339e-04
-1.375319510698318481e-01
-8.670054376125335693e-02
-6.231875345110893250e-02
-1.840103119611740112e-01
-6.676352024078369141e-02
-1.278814300894737244e-02
-6.502413749694824219e-02
3.174017071723937988e-01
5.717943310737609863e-01
1.269920319318771362e-01
-3.169166445732116699e-01
-2.614530324935913086e-01
-4.021945223212242126e-02
1.961283385753631592e-03
-6.093472614884376526e-02
-8.353043347597122192e-02
-6.745140254497528076e-02
-1.808013767004013062e-02
-2.455966733396053314e-02
-7.390245050191879272e-02
-4.294952750205993652e-02
-1.507917419075965881e-02
-2.357702516019344330e-02
-7.959180511534214020e-03
9.897601557895541191e-04
3.536333888769149780e-02
6.897925585508346558e-02
5.483044683933258057e-02
4.148182272911071777e-02
2.950808405876159668e-02
6.566184014081954956e-02
1.244582980871200562e-01
1.257584691047668457e-01
1.497331857681274414e-01
1.779865324497222900e-01
1.688188761472702026e-01
1.877246797084808350e-01
1.186272352933883667e-01
-3.933535516262054443e-02
-6.722018122673034668e-02
-7.841686159372329712e-02
-1.775235384702682495e-01
-1.477970331907272339e-01
-7.015421241521835327e-02
-1.099713072180747986e-01
-1.082304939627647400e-01
-8.258282393217086792e-02
-1.282045841217041016e-01
-9.604808688163757324e-02
-2.308029867708683014e-02
-4.882458224892616272e-02
-6.034541502594947815e-02
-3.265750408172607422e-02
-2.378916554152965546e-02
1.974768750369548798e-02
3.210057038813829422e-03
-4.647576808929443359e-02
4.289751872420310974e-02
8.282849937677383423e-02
2.228451194241642952e-03
1.315172109752893448e-02
2.760212309658527374e-02
-1.329579483717679977e-02
2.333738468587398529e-02
2.322440594434738159e-02
-2.686776965856552124e-02
3.086919896304607391e-02
5.640323087573051453e-02
1.797974295914173126e-02
4.597465693950653076e-02
5.012199282646179199e-02
4.606950283050537109e-02
4.979255795478820801e-02
1.949411630630493164e-02
3.892074897885322571e-02
2.439550124108791351e-02
-2.123456913977861404e-03
5.309962853789329529e-02
4.545314982533454895e-02
5.256519466638565063e-02
9.132730215787887573e-02
-4.871877375990152359e-03
-3.952464088797569275e-02
-8.385605178773403168e-03
-8.529347181320190430e-02
-7.015711814165115356e-02
9.917595889419317245e-04
-5.284718051552772522e-02
-7.117412239313125610e-02
-5.002881959080696106e-02
-8.998714387416839600e-02
-4.980614781379699707e-02
-9.742717258632183075e-03
-3.362769633531570435e-02
2.531022727489471436e-01
5.510271787643432617e-01
1.673554778099060059e-01
-3.495540916919708252e-01
-2.936222255229949951e-01
-5.819906294345855713e-02
-6.397649645805358887e-02
-1.353748887777328491e-01
-7.751759886741638184e-02
-4.689203947782516479e-02
-7.814029604196548462e-02
-3.528277948498725891e-02
-6.440056860446929932e-02
-1.093739867210388184e-01
-2.584486827254295349e-02
-1.915198005735874176e-02
-3.699662163853645325e-02
-1.943839155137538910e-02
-5.085097625851631165e-02
1.375205814838409424e-02
4.460997134447097778e-02
8.744113147258758545e-03
1.252723932266235352e-01
1.925636976957321167e-01
1.436843872070312500e-01
1.495959162712097168e-01
1.610251367092132568e-01
1.791607439517974854e-01
1.813312172889709473e-01
1.335116624832153320e-01
1.265949159860610962e-01
9.638287127017974854e-02
2.240229956805706024e-02
-2.355795912444591522e-02
-1.101084798574447632e-01
-1.516832411289215088e-01
-9.690936654806137085e-02
-9.962219744920730591e-02
-9.692235291004180908e-02
-8.457835763692855835e-02
-1.330553442239761353e-01
-7.495880126953125000e-02
1.867994084022939205e-03
-4.080767184495925903e-02
-6.628609448671340942e-02
-1.038577035069465637e-01
-1.071683466434478760e-01
-2.905515611928422004e-05
2.128835767507553101e-02
-2.659071050584316254e-02
-2.491155825555324554e-02
8.836892433464527130e-03
3.680630773305892944e-02
-1.724128052592277527e-02
-2.694969438016414642e-02
1.738264597952365875e-02
-3.162337467074394226e-02
3.927888814359903336e-03
4.028026759624481201e-02
-6.303030252456665039e-02
-2.236233092844486237e-02
3.785683959722518921e-02
-3.206423297524452209e-02
1.895614340901374817e-02
8.434912562370300293e-02
3.998135030269622803e-02
4.201539978384971619e-02
5.337021872401237488e-02
1.938244886696338654e-02
3.386114537715911865e-02
7.955574244260787964e-02
7.000002264976501465e-02
6.758999824523925781e-02
1.100939884781837463e-01
9.276106208562850952e-02
4.676982387900352478e-02
5.014168471097946167e-02
1.307322736829519272e-02
-7.611308246850967407e-02
-6.883654743432998657e-02
3.902217140421271324e-03
-3.607788681983947754e-02
-8.083520829677581787e-02
-1.809625141322612762e-02
-4.875147715210914612e-02
-5.539132282137870789e-02
6.733681261539459229e-02
-3.754565492272377014e-03
1.012169495224952698e-01
5.004844069480895996e-01
2.356227189302444458e-01
-3.611742854118347168e-01
-3.291057348251342773e-01
-1.252221763134002686e-01
-1.130643561482429504e-01
-8.511175215244293213e-02
-1.074323207139968872e-01
-1.463670879602432251e-01
-1.125951781868934631e-01
-6.635461747646331787e-02
-5.010134726762771606e-02
-8.010133355855941772e-02
-9.488677978515625000e-02
-5.648678913712501526e-02
-2.854501269757747650e-02
-1.109996344894170761e-02
1.114994939416646957e-02
1.430383138358592987e-02
3.741008043289184570e-02
7.276754081249237061e-02
7.915315032005310059e-02
1.138652786612510681e-01
1.416185796260833740e-01
1.195922270417213440e-01
1.707368195056915283e-01
2.329535782337188721e-01
1.868119984865188599e-01
1.695545166730880737e-01
1.760206818580627441e-01
1.009080484509468079e-01
3.659885749220848083e-02
-1.892711967229843140e-02
-1.088907271623611450e-01
-1.345479637384414673e-01
-1.071143224835395813e-01
-1.096705198287963867e-01
-1.006754711270332336e-01
-4.406101629137992859e-02
-1.457639411091804504e-02
-4.241868853569030762e-02
-6.839448958635330200e-02
-8.394046127796173096e-02
-7.586842030286788940e-02
-4.774904996156692505e-02
-5.858525261282920837e-02
-2.422676794230937958e-02
2.751381136476993561e-02
-2.377931028604507446e-02
-1.975260116159915924e-02
1.957719959318637848e-02
-7.410064339637756348e-03
2.771455422043800354e-02
1.711569726467132568e-02
-4.830548912286758423e-02
-1.041157264262437820e-02
-1.234805770218372345e-02
-3.453278914093971252e-02
1.220062002539634705e-02
8.211412467062473297e-03
8.522903546690940857e-03
1.414452772587537766e-02
-2.289577573537826538e-02
1.197742484509944916e-02
4.501989111304283142e-02
-1.688362844288349152e-02
-4.354364052414894104e-02
1.504436507821083069e-02
5.693293362855911255e-02
4.857270047068595886e-02
6.742621213197708130e-02
8.982054144144058228e-02
6.406925618648529053e-02
4.533658549189567566e-02
-4.088150337338447571e-03
-6.364696472883224487e-02
-4.188812896609306335e-02
-2.542990446090698242e-02
-7.581452373415231705e-03
5.733513273298740387e-03
-5.052122846245765686e-02
-6.106064841151237488e-02
-9.100186824798583984e-02
-1.078064292669296265e-01
-2.814088715240359306e-03
4.614350572228431702e-02
2.879770696163177490e-01
6.652634143829345703e-01
4.060720205307006836e-01
-2.154327780008316040e-01
-3.498614430427551270e-01
-1.642229855060577393e-01
-1.019067615270614624e-01
-1.091071069240570068e-01
-8.444193005561828613e-02
-6.651654094457626343e-02
-6.720327585935592651e-02
-5.901116505265235901e-02
-6.678240746259689331e-02
-9.816092252731323242e-02
-7.702554762363433838e-02
-3.937158733606338501e-02
-7.479837536811828613e-02
-1.058022454380989075e-01
-5.189245566725730896e-02
-1.011414360255002975e-02
-1.243733987212181091e-02
3.903673961758613586e-02
7.098264992237091064e-02
5.911099910736083984e-02
1.236072331666946411e-01
1.614584028720855713e-01
1.280233263969421387e-01
1.667177677154541016e-01
2.056851834058761597e-01
1.425329744815826416e-01
9.564228355884552002e-02
9.811457991600036621e-02
3.097138367593288422e-02
-4.934495687484741211e-02
-5.324184149503707886e-02
-9.248561412096023560e-02
-1.376889944076538086e-01
-1.131726130843162537e-01
-1.297370046377182007e-01
-1.116886585950851440e-01
-2.136902324855327606e-02
-5.404786765575408936e-02
-1.054042354226112366e-01
-4.953869059681892395e-02
-2.854409813880920410e-02
-3.189518675208091736e-02
-2.429711446166038513e-02
-1.742963679134845734e-02
3.276323527097702026e-02
6.318500638008117676e-02
4.300512745976448059e-02
-2.684705192223191261e-03
-3.046272695064544678e-02
5.696581210941076279e-03
7.450316101312637329e-03
-3.403422655537724495e-03
3.806937485933303833e-02
2.207300066947937012e-02
6.206139922142028809e-03
5.974490568041801453e-02
6.267880648374557495e-02
9.924578480422496796e-04
-1.023269607685506344e-03
7.262829691171646118e-02
5.462288111448287964e-02
-2.696898998692631721e-03
6.224094703793525696e-02
4.719052836298942566e-02
-6.961658596992492676e-02
-1.469915360212326050e-02
1.022443547844886780e-01
8.730113506317138672e-02
4.143974557518959045e-02
6.527571473270654678e-03
-3.249127417802810669e-02
-4.759474843740463257e-02
-6.183832511305809021e-02
-1.102036312222480774e-01
-1.402090191841125488e-01
-7.204794138669967651e-02
-6.576369702816009521e-02
-1.494521200656890869e-01
-1.356607675552368164e-01
-1.048736274242401123e-01
-4.342830926179885864e-02
-1.481622830033302307e-02
-3.312356537207961082e-03
4.763513207435607910e-01
8.339670300483703613e-01
2.690512537956237793e-01
-3.007205724716186523e-01
-2.442324012517929077e-01
-1.259027719497680664e-01
-1.252817660570144653e-01
-5.485795065760612488e-02
1.169055933132767677e-03
-7.363414019346237183e-02
-1.362803429365158081e-01
-8.072479069232940674e-02
-5.894794687628746033e-02
-9.212161600589752197e-02
-7.725264877080917358e-02
-5.798453837633132935e-02
-4.296463355422019958e-02
-2.775528468191623688e-02
-5.112523213028907776e-02
-3.294175490736961365e-02
4.434596002101898193e-02
8.033958822488784790e-02
8.092106878757476807e-02
1.074105724692344666e-01
1.440437436103820801e-01
1.668222546577453613e-01
1.813319176435470581e-01
1.815143823623657227e-01
1.845315694808959961e-01
1.781260520219802856e-01
1.269887685775756836e-01
5.412524938583374023e-02
-3.783242404460906982e-02
-1.141268163919448853e-01
-1.219388619065284729e-01
-1.482308804988861084e-01
-1.657886803150177002e-01
-9.766733646392822266e-02
-1.275662779808044434e-01
-1.986631006002426147e-01
-9.499926865100860596e-02
-8.534990251064300537e-03
-6.314163655042648315e-02
-7.942416518926620483e-02
-2.970012370496988297e-03
2.876969985663890839e-02
-3.113796189427375793e-02
-2.711601555347442627e-02
3.106893040239810944e-02
6.406193599104881287e-03
1.847180351614952087e-02
9.437095373868942261e-02
6.689330935478210449e-02
-1.414023339748382568e-03
-5.364620592445135117e-03
6.530603393912315369e-03
1.196331530809402466e-02
1.675891131162643433e-02
8.038217201828956604e-03
-1.966233924031257629e-02
-3.239828720688819885e-02
9.023399092257022858e-03
7.022999972105026245e-02
5.374107137322425842e-02
4.193617030978202820e-03
4.179774597287178040e-02
4.829500243067741394e-02
7.486240006983280182e-03
4.572772234678268433e-02
2.987090498208999634e-02
-1.509315520524978638e-02
5.411084741353988647e-02
6.233894824981689453e-02
3.284880891442298889e-02
8.971710503101348877e-02
5.430501699447631836e-02
-3.442341834306716919e-02
-5.371697992086410522e-02
-6.696602702140808105e-02
-6.385049223899841309e-02
-9.401059895753860474e-02
-1.269854605197906494e-01
-7.289181649684906006e-02
-6.722626835107803345e-02
-1.088655889034271240e-01
-7.000754028558731079e-02
-4.738150537014007568e-02
-5.694316700100898743e-02
2.188005745410919189e-01
6.613649129867553711e-01
4.861854612827301025e-01
-1.850825399160385132e-01
-3.589699566364288330e-01
-9.200780838727951050e-02
-4.697388038039207458e-02
-1.273442506790161133e-01
-8.863698691129684448e-02
-8.359934389591217041e-02
-1.393757164478302002e-01
-1.324833184480667114e-01
-9.538002312183380127e-02
-6.723489612340927124e-02
-3.668921068310737610e-02
-3.503156453371047974e-02
-4.742082208395004272e-02
-4.950990900397300720e-02
-5.519320815801620483e-02
-2.906428836286067963e-02
1.941489987075328827e-02
5.191060900688171387e-02
1.147991642355918884e-01
1.681787967681884766e-01
1.412208229303359985e-01
1.518759280443191528e-01
2.198981195688247681e-01
1.933826357126235962e-01
1.763998121023178101e-01
2.251272797584533691e-01
1.553884297609329224e-01
9.940798580646514893e-02
7.887096703052520752e-02
-7.139073312282562256e-02
-1.136188954114913940e-01
-8.704581856727600098e-02
-1.717013120651245117e-01
-1.442017406225204468e-01
-9.976749122142791748e-02
-1.526901870965957642e-01
-9.176962077617645264e-02
-2.746318466961383820e-02
-8.821289241313934326e-02
-1.100697070360183716e-01
-6.617527455091476440e-02
-4.868334531784057617e-02
-5.654583498835563660e-02
-4.705241695046424866e-02
-1.079527661204338074e-02
1.720337010920047760e-02
1.849781349301338196e-02
-1.558433193713426590e-02
-4.217280074954032898e-02
1.902649924159049988e-02
3.559528291225433350e-02
-4.734420031309127808e-02
-1.408347859978675842e-02
4.739511013031005859e-02
1.983398833544924855e-04
1.773133501410484314e-02
3.940395265817642212e-02
-1.796172559261322021e-02
4.564163740724325180e-03
7.565160840749740601e-02
7.319439202547073364e-02
2.159233763813972473e-02
2.524058148264884949e-02
5.037328973412513733e-02
-1.248262473382055759e-03
-9.025806561112403870e-03
1.217551343142986298e-02
-1.623365445993840694e-03
6.264076381921768188e-02
8.636998385190963745e-02
5.741452425718307495e-02
1.080047339200973511e-01
8.284956216812133789e-02
2.187827229499816895e-02
3.909781202673912048e-02
8.151390939019620419e-04
-2.657171897590160370e-02
-2.487937919795513153e-02
-5.651197209954261780e-02
-1.667028479278087616e-02
-2.931347489356994629e-02
-1.030168086290359497e-01
-9.375697374343872070e-02
-1.417248100042343140e-01
-1.083589121699333191e-01
2.070304937660694122e-02
-2.194156683981418610e-02
2.220356464385986328e-01
6.001303195953369141e-01
2.100652307271957397e-01
-3.517227172851562500e-01
-2.946965992450714111e-01
-9.267935156822204590e-02
-3.666889667510986328e-02
-6.085312739014625549e-02
-1.313169002532958984e-01
-1.151120290160179138e-01
-8.298149704933166504e-02
-8.021408319473266602e-02
-5.106821656227111816e-02
-7.763925939798355103e-02
-8.834728598594665527e-02
-3.498425707221031189e-02
-3.388391062617301941e-02
-4.246887564659118652e-02
-3.183324635028839111e-02
-2.810815721750259399e-02
3.972472040913999081e-04
1.619032211601734161e-02
4.022663459181785583e-02
1.172172501683235168e-01
1.776065528392791748e-01
2.096161693334579468e-01
2.411458492279052734e-01
2.525025606155395508e-01
2.308943420648574829e-01
1.972482353448867798e-01
1.825186759233474731e-01
1.284369528293609619e-01
1.758283376693725586e-02
-4.261846095323562622e-02
-6.419640779495239258e-02
-1.169441267848014832e-01
-1.459863036870956421e-01
-1.348550319671630859e-01
-1.279317885637283325e-01
-1.181276291608810425e-01
-1.107692569494247437e-01
-9.367045760154724121e-02
-5.634730309247970581e-02
-6.118355318903923035e-02
-6.647446751594543457e-02
-1.009806152433156967e-02
-5.158971063792705536e-03
-7.576439529657363892e-02
-6.521172076463699341e-02
4.013327881693840027e-03
-8.268318139016628265e-03
-2.245208621025085449e-02
2.419147640466690063e-02
1.658490858972072601e-02
-5.528805404901504517e-02
-4.888985678553581238e-02
3.709591180086135864e-02
1.714467629790306091e-02
-3.551296889781951904e-02
1.771310809999704361e-03
-1.253616716712713242e-02
7.498181425034999847e-03
8.742383867502212524e-02
4.897222295403480530e-02
2.717441134154796600e-02
3.364367038011550903e-02
-2.650177851319313049e-02
1.113776490092277527e-02
7.213649153709411621e-02
9.954170323908329010e-03
-6.850135046988725662e-03
3.527672216296195984e-02
1.754535920917987823e-02
3.141796216368675232e-02
8.724291622638702393e-02
9.071877598762512207e-02
5.094299092888832092e-02
1.972993835806846619e-02
5.365018919110298157e-02
7.120642811059951782e-02
1.613464765250682831e-02
-1.004358753561973572e-03
-2.226793952286243439e-02
-6.860779970884323120e-02
-6.263761967420578003e-02
-6.782495230436325073e-02
-6.002473086118698120e-02
-1.138360705226659775e-02
-4.212455078959465027e-02
-1.215058788657188416e-01
-6.651946902275085449e-02
1.149620022624731064e-02
-7.210155576467514038e-02
1.318188011646270752e-01
6.019608974456787109e-01
3.761082589626312256e-01
-2.849640846252441406e-01
-3.573891520500183105e-01
-1.088066473603248596e-01
-3.878147900104522705e-02
-4.752711206674575806e-02
-1.153065711259841919e-01
-1.501637548208236694e-01
-9.751804172992706299e-02
-9.074162691831588745e-02
-7.128991931676864624e-02
-5.798879265785217285e-02
-1.093811616301536560e-01
-7.760489732027053833e-02
-2.172961458563804626e-02
-5.542932078242301941e-02
-3.458449617028236389e-02
3.310379013419151306e-02
1.085186563432216644e-02
2.140403538942337036e-02
1.148012652993202209e-01
1.186118647456169128e-01
1.058958619832992554e-01
1.722842454910278320e-01
1.987337619066238403e-01
2.298390865325927734e-01
2.639287114143371582e-01
2.212939709424972534e-01
1.808031201362609863e-01
1.140064373612403870e-01
3.879030421376228333e-02
1.231752918101847172e-03
-8.645743876695632935e-02
-1.344139128923416138e-01
-1.157543957233428955e-01
-1.490003466606140137e-01
-1.592388451099395752e-01
-9.887150675058364868e-02
-7.058040052652359009e-02
-1.111847087740898132e-01
-1.435431092977523804e-01
-8.636356890201568604e-02
7.725513074547052383e-03
1.148367673158645630e-02
-3.900885954499244690e-02
-3.207592666149139404e-02
-2.155169844627380371e-02
-3.861351683735847473e-02
-2.526598982512950897e-02
-2.620846033096313477e-03
5.697277374565601349e-03
-1.860579662024974823e-02
-3.767674788832664490e-02
1.028468646109104156e-02
1.961304247379302979e-02
-2.606548555195331573e-02
-1.627773791551589966e-02
2.372692897915840149e-02
3.166640549898147583e-02
-7.936682552099227905e-03
-3.011184930801391602e-02
5.060946103185415268e-03
1.426421664655208588e-02
2.965338528156280518e-02
7.183645665645599365e-02
3.990109637379646301e-02
4.088282585144042969e-02
9.103857725858688354e-02
3.365633636713027954e-02
1.308640558272600174e-02
6.752418726682662964e-02
2.916536480188369751e-02
-2.355753257870674133e-02
-1.098666060715913773e-02
2.832480892539024353e-02
5.927504599094390869e-02
5.476856604218482971e-02
5.029307678341865540e-02
6.827376037836074829e-02
7.678197324275970459e-02
3.631837293505668640e-02
-4.176132753491401672e-02
-7.525886595249176025e-02
-5.869580432772636414e-02
-6.712032109498977661e-02
-7.331507652997970581e-02
-4.565878212451934814e-02
-3.579812496900558472e-02
-7.146163284778594971e-02
-1.074066907167434692e-01
-4.222085699439048767e-02
-7.930113933980464935e-03
-1.089681778103113174e-02
3.315838277339935303e-01
5.672668814659118652e-01
6.857582926750183105e-02
-3.973721265792846680e-01
-2.854482829570770264e-01
-1.227136999368667603e-01
-8.046723902225494385e-02
-5.055742338299751282e-02
-8.609178662300109863e-02
-6.748407334089279175e-02
-2.460413239896297455e-02
-8.133053779602050781e-02
-6.063618138432502747e-02
1.929355785250663757e-02
-4.326686263084411621e-02
-1.158128753304481506e-01
-5.333666130900382996e-02
1.259389612823724747e-02
-8.245971985161304474e-03
-1.350949052721261978e-03
5.625046417117118835e-02
5.041652917861938477e-02
5.283414572477340698e-02
1.305151879787445068e-01
1.634083390235900879e-01
1.460500210523605347e-01
1.617937684059143066e-01
1.945218592882156372e-01
2.064555883407592773e-01
1.921264231204986572e-01
1.473441123962402344e-01
7.002498209476470947e-02
-2.798885339871048927e-03
-6.313380599021911621e-02
-9.681048244237899780e-02
-6.641305983066558838e-02
-7.795796543359756470e-02
-1.382693350315093994e-01
-1.251968741416931152e-01
-9.659187495708465576e-02
-1.257238835096359253e-01
-1.615090668201446533e-01
-1.020076870918273926e-01
-1.452991506084799767e-03
-2.138228714466094971e-02
-7.054160535335540771e-02
-1.609504595398902893e-02
1.472363155335187912e-02
-4.165671020746231079e-02
-8.491530083119869232e-03
5.396699160337448120e-02
-2.568646147847175598e-02
-4.864061251282691956e-02
2.395467460155487061e-02
3.831940412055701017e-04
-1.802704669535160065e-02
3.750709444284439087e-02
3.986058756709098816e-02
2.207052195444703102e-03
7.489337003789842129e-04
1.604778505861759186e-02
4.357191920280456543e-02
7.499291747808456421e-02
4.225471615791320801e-02
-9.908563457429409027e-03
3.572931513190269470e-03
2.222251892089843750e-02
6.463501602411270142e-03
5.692410748451948166e-03
1.952135376632213593e-02
2.638477459549903870e-02
8.323599584400653839e-03
-3.409634158015251160e-02
-6.492783315479755402e-03
3.987741842865943909e-02
-2.474954584613442421e-03
2.183678932487964630e-02
7.126830518245697021e-02
2.413483336567878723e-02
4.182557761669158936e-02
5.424202233552932739e-02
1.307383459061384201e-02
-2.270014811074361205e-04
-5.208556354045867920e-02
-2.821948751807212830e-02
-1.396008953452110291e-02
-1.024567186832427979e-01
-7.476422190666198730e-02
-4.005100578069686890e-02
-6.652201712131500244e-02
-7.584014534950256348e-02
-9.506583958864212036e-02
-2.603641338646411896e-02
-7.596241775900125504e-03
5.381506681442260742e-02
4.811505675315856934e-01
6.223397254943847656e-01
6.586430966854095459e-02
-3.393651247024536133e-01
-2.454432100057601929e-01
-8.530940115451812744e-02
-4.796925187110900879e-02
-1.204854100942611694e-01
-1.385843008756637573e-01
-6.905572861433029175e-02
-4.399403557181358337e-02
-2.045680582523345947e-02
-5.902274325489997864e-02
-1.164131909608840942e-01
-6.856200098991394043e-02
-5.649609118700027466e-02
-6.089321896433830261e-02
-3.455704450607299805e-02
-4.955035448074340820e-02
-1.070193015038967133e-02
5.616680532693862915e-02
5.210436135530471802e-02
6.186630204319953918e-02
1.066620424389839172e-01
1.349882632493972778e-01
1.490408927202224731e-01
1.521337181329727173e-01
1.762779802083969116e-01
2.489301413297653198e-01
2.398290932178497314e-01
9.405783563852310181e-02
2.801062352955341339e-02
1.503751892596483231e-02
-8.758139610290527344e-02
-1.200276687741279602e-01
-1.239679530262947083e-01
-1.577503830194473267e-01
-6.606107950210571289e-02
-4.115296900272369385e-02
-1.299040168523788452e-01
-1.183899044990539551e-01
-1.012731119990348816e-01
-6.591611355543136597e-02
-4.088381305336952209e-03
-1.461190544068813324e-02
1.591966114938259125e-02
7.883031852543354034e-03
-6.431716680526733398e-02
-2.565029636025428772e-02
2.098848856985569000e-02
2.368075773119926453e-02
2.506962744519114494e-03
-3.906482085585594177e-02
2.906060032546520233e-02
5.442246794700622559e-02
-4.249953478574752808e-02
-4.562693834304809570e-02
-1.026221085339784622e-02
3.257326781749725342e-03
4.860364645719528198e-02
4.802155494689941406e-02
7.548737805336713791e-03
1.215072162449359894e-02
3.758376091718673706e-02
2.256169356405735016e-02
3.294778289273381233e-03
-5.473576951771974564e-03
1.125152036547660828e-02
6.932993978261947632e-02
5.257839336991310120e-02
7.204683497548103333e-03
6.577380932867527008e-03
-1.314811408519744873e-02
8.821004070341587067e-03
2.392272278666496277e-02
1.020093262195587158e-02
4.880727827548980713e-02
3.506097197532653809e-02
6.402274593710899353e-03
5.903352424502372742e-02
7.486984878778457642e-02
2.097630128264427185e-02
-4.276253283023834229e-02
-8.832290768623352051e-02
-6.421693414449691772e-02
-2.797156944870948792e-02
-8.448613435029983521e-02
-1.279793977737426758e-01
-7.823909819126129150e-02
-7.876419275999069214e-02
-1.431853026151657104e-01
-1.082233488559722900e-01
-5.249381810426712036e-02
1.629566657356917858e-03
4.138686656951904297e-01
8.513570427894592285e-01
4.764223396778106689e-01
-2.324809730052947998e-01
-3.384391665458679199e-01
-1.566379219293594360e-01
-1.488883793354034424e-01
-1.384088844060897827e-01
-1.024131551384925842e-01
-1.228625848889350891e-01
-1.037767156958580017e-01
-6.839580088853836060e-02
-1.157246753573417664e-01
-1.317271441221237183e-01
-7.814934104681015015e-02
-1.058333739638328552e-01
-1.064091473817825317e-01
-2.687144652009010315e-02
-3.014010004699230194e-02
-1.849319785833358765e-02
1.833240874111652374e-02
-1.001707371324300766e-02
5.539560690522193909e-02
1.464853882789611816e-01
1.477987468242645264e-01
2.183977663516998291e-01
2.569232583045959473e-01
2.112914621829986572e-01
2.652024328708648682e-01
2.582578361034393311e-01
1.661300063133239746e-01
1.504626870155334473e-01
6.291875243186950684e-02
-7.153275609016418457e-02
-1.045425683259963989e-01
-9.550802409648895264e-02
-1.234076246619224548e-01
-1.818406879901885986e-01
-1.752180159091949463e-01
-1.163885742425918579e-01
-1.040950864553451538e-01
-1.076746955513954163e-01
-8.419279009103775024e-02
-5.823485925793647766e-02
-4.618467763066291809e-02
-3.745220229029655457e-02
-2.775335125625133514e-02
-2.109487354755401611e-02
-1.582440547645092010e-02
-1.828136667609214783e-02
-2.517302054911851883e-03
1.463872566819190979e-02
8.315838873386383057e-03
2.736195363104343414e-02
3.591906512156128883e-03
-6.436500698328018188e-02
-5.737822502851486206e-02
-2.199105732142925262e-02
2.702131122350692749e-02
4.896003380417823792e-02
-1.427009422332048416e-02
7.934945635497570038e-03
7.363789528608322144e-02
3.090809285640716553e-02
-1.371395494788885117e-02
4.759320057928562164e-03
6.875980645418167114e-02
9.464687854051589966e-02
4.327836260199546814e-02
1.845109090209007263e-02
1.862923242151737213e-02
3.312207013368606567e-02
5.356656387448310852e-02
-5.338215269148349762e-03
-2.372205071151256561e-02
5.624609440565109253e-02
1.884423382580280304e-02
-4.782664182130247355e-04
1.157571300864219666e-01
5.461066216230392456e-02
-4.068506509065628052e-02
3.021722845733165741e-02
-7.611436303704977036e-03
-8.564911782741546631e-02
-5.013449117541313171e-02
-7.390668243169784546e-02
-1.028396487236022949e-01
-3.929640725255012512e-02
-6.096850335597991943e-02
-1.371998786926269531e-01
-1.261682063341140747e-01
-8.415184170007705688e-02
-6.247293204069137573e-02
-1.190491020679473877e-01
3.661479055881500244e-02
6.407887935638427734e-01
8.486443758010864258e-01
1.905440688133239746e-01
-3.648657500743865967e-01
-2.696621716022491455e-01
-7.441259920597076416e-02
-1.036839038133621216e-01
-1.176210269331932068e-01
-5.526695773005485535e-02
-6.696595996618270874e-02
-8.236610144376754761e-02
-4.646398127079010010e-02
-8.774138987064361572e-02
-1.452321708202362061e-01
-1.031801030039787292e-01
-9.793590754270553589e-02
-1.109251081943511963e-01
-4.256717115640640259e-02
-3.523261472582817078e-02
-1.606548391282558441e-02
7.967327535152435303e-02
4.847816005349159241e-02
2.056580781936645508e-02
1.040149405598640442e-01
1.326523572206497192e-01
1.614224910736083984e-01
1.999726742506027222e-01
1.872871965169906616e-01
2.009121924638748169e-01
1.917635351419448853e-01
1.138514205813407898e-01
4.905887320637702942e-02
2.297323010861873627e-02
-2.056019753217697144e-02
-1.094973832368850708e-01
-1.505099236965179443e-01
-1.059744879603385925e-01
-1.025616675615310669e-01
-1.624862700700759888e-01
-1.754121333360671997e-01
-1.101270169019699097e-01
-2.552890963852405548e-02
7.296267431229352951e-03
-1.384584512561559677e-02
-3.227045014500617981e-02
-2.445506490767002106e-02
-2.595045417547225952e-02
-3.249076381325721741e-02
2.524371817708015442e-02
4.964728280901908875e-02
-1.291924994438886642e-02
1.007306203246116638e-02
5.324956029653549194e-02
2.247734554111957550e-02
2.115345373749732971e-02
4.220782313495874405e-03
1.855972222983837128e-02
6.193117424845695496e-02
-2.050394006073474884e-02
-2.069542370736598969e-02
9.628792852163314819e-02
3.834127634763717651e-02
-3.708985075354576111e-02
2.167909592390060425e-02
3.686584532260894775e-02
3.158865869045257568e-02
3.768468648195266724e-02
-1.721277832984924316e-02
-8.742255158722400665e-03
6.099054962396621704e-02
2.434020396322011948e-03
-7.802136987447738647e-02
-4.440686851739883423e-02
-3.920938819646835327e-02
-5.587895959615707397e-02
-1.665849797427654266e-02
-1.895805448293685913e-02
-3.621416911482810974e-02
