1.337559055536985397e-02
6.877398490905761719e-02
4.271842539310455322e-02
7.160254567861557007e-02
9.519299119710922241e-02
1.084426119923591614e-01
1.589107662439346313e-01
1.796779632568359375e-01
1.511303335428237915e-01
1.153409481048583984e-01
9.710925817489624023e-02
1.435310840606689453e-01
1.561379879713058472e-01
9.052250534296035767e-02
1.030479148030281067e-01
1.785649806261062622e-01
1.918445974588394165e-01
1.805081218481063843e-01
1.605435162782669067e-01
1.561819612979888916e-01
1.894933581352233887e-01
1.948963105678558350e-01
2.067569047212600708e-01
2.623331844806671143e-01
1.929087340831756592e-01
-3.214874491095542908e-02
-1.823499202728271484e-01
-2.570505440235137939e-01
-3.753367662429809570e-01
-4.419748187065124512e-01
-5.461626052856445312e-01
-7.478579282760620117e-01
-8.660640716552734375e-01
-8.367015719413757324e-01
-5.615447759628295898e-01
-1.659386008977890015e-01
2.365346066653728485e-02
1.476630568504333496e-01
2.378100007772445679e-01
1.424433588981628418e-01
1.365271955728530884e-01
2.175927609205245972e-01
1.692628562450408936e-01
1.650066971778869629e-01
1.785552650690078735e-01
1.259393095970153809e-01
1.667769998311996460e-01
2.031586617231369019e-01
1.607096046209335327e-01
1.937138736248016357e-01
2.586910724639892578e-01
2.566545903682708740e-01
2.356186807155609131e-01
2.592132687568664551e-01
2.752594053745269775e-01
2.334569096565246582e-01
2.144365608692169189e-01
1.867941766977310181e-01
7.471499592065811157e-02
5.806952249258756638e-04
-2.914161235094070435e-02
-1.127349659800529480e-01
-1.503279805183410645e-01
-1.168504729866981506e-01
-1.402363777160644531e-01
-1.931793987751007080e-01
-1.860647201538085938e-01
-1.604961454868316650e-01
-1.880823224782943726e-01
-1.869858056306838989e-01
-1.304187774658203125e-01
-1.535740643739700317e-01
-1.695860773324966431e-01
-1.205616220831871033e-01
-1.601604968309402466e-01
-1.557166278362274170e-01
-5.148782208561897278e-02
-7.185123860836029053e-02
-1.317732930183410645e-01
-7.235558331012725830e-02
-1.005080621689558029e-02
-2.196274884045124054e-02
-3.074319288134574890e-02
-6.751331035047769547e-03
-4.809711594134569168e-03
2.076814649626612663e-03
3.482278063893318176e-02
6.511144340038299561e-02
1.000092402100563049e-01
1.149838045239448547e-01
1.396277695894241333e-01
1.775434464216232300e-01
1.489111483097076416e-01
1.211077943444252014e-01
1.433357745409011841e-01
1.704218834638595581e-01
1.991968899965286255e-01
1.987669020891189575e-01
1.987987011671066284e-01
2.351084649562835693e-01
2.401592731475830078e-01
2.260428220033645630e-01
2.266195267438888550e-01
2.381875216960906982e-01
2.613595426082611084e-01
1.683428734540939331e-01
-3.993546962738037109e-02
-1.475017964839935303e-01
-2.311253547668457031e-01
-3.919687271118164062e-01
-4.563491642475128174e-01
-5.380213260650634766e-01
-7.713555693626403809e-01
-8.613610863685607910e-01
-7.052664756774902344e-01
-4.540178775787353516e-01
-1.335818171501159668e-01
1.071324571967124939e-01
1.452210396528244019e-01
1.523610502481460571e-01
1.995658874511718750e-01
1.941394209861755371e-01
1.658195853233337402e-01
1.849792003631591797e-01
1.999647170305252075e-01
1.515796929597854614e-01
1.162676885724067688e-01
1.544338464736938477e-01
1.938395053148269653e-01
2.058138102293014526e-01
2.089782208204269409e-01
1.986571699380874634e-01
2.225270867347717285e-01
2.542175054550170898e-01
2.304342240095138550e-01
2.285576909780502319e-01
2.255100458860397339e-01
1.740343123674392700e-01
1.456160545349121094e-01
4.860348999500274658e-02
-9.503268450498580933e-02
-1.086548715829849243e-01
-1.208508685231208801e-01
-1.872625797986984253e-01
-1.724385172128677368e-01
-1.734128147363662720e-01
-1.968774646520614624e-01
-1.522690802812576294e-01
-1.711976975202560425e-01
-1.916289031505584717e-01
-1.270405203104019165e-01
-1.667480468750000000e-01
-2.146076261997222900e-01
-1.259374916553497314e-01
-1.006525754928588867e-01
-1.333159655332565308e-01
-8.572942018508911133e-02
-5.664181336760520935e-02
-9.149090200662612915e-02
-8.577437698841094971e-02
-1.642741449177265167e-02
1.508129388093948364e-02
-2.050711214542388916e-02
-2.370704151690006256e-02
1.886102929711341858e-02
3.352334350347518921e-02
2.702862769365310669e-02
4.824839159846305847e-02
9.932374954223632812e-02
1.280902326107025146e-01
1.067207977175712585e-01
1.275034844875335693e-01
1.802943795919418335e-01
1.454294025897979736e-01
1.116352081298828125e-01
1.373157352209091187e-01
1.535112410783767700e-01
1.928778141736984253e-01
2.113812267780303955e-01
1.858460307121276855e-01
2.036853134632110596e-01
2.101101279258728027e-01
2.063278257846832275e-01
2.545948922634124756e-01
2.557232081890106201e-01
2.542082071304321289e-01
2.566200792789459229e-01
6.749687343835830688e-02
-1.528182476758956909e-01
-2.523944973945617676e-01
-3.805597722530364990e-01
-4.611022174358367920e-01
-5.389497876167297363e-01
-7.604615092277526855e-01
-8.986410498619079590e-01
-8.105649948120117188e-01
-5.576683282852172852e-01
-2.419269382953643799e-01
-1.274723908863961697e-03
1.681053787469863892e-01
2.372671812772750854e-01
1.874545663595199585e-01
1.726024895906448364e-01
2.114983946084976196e-01
1.939227581024169922e-01
1.376311033964157104e-01
1.502116024494171143e-01
2.088917344808578491e-01
1.682322621345520020e-01
9.856093674898147583e-02
1.621252596378326416e-01
2.270489633083343506e-01
2.018160372972488403e-01
2.247508019208908081e-01
2.433606386184692383e-01
2.125114351511001587e-01
2.532959580421447754e-01
2.668211162090301514e-01
1.953702569007873535e-01
1.517651379108428955e-01
1.075005456805229187e-01
3.364330157637596130e-02
-5.390330031514167786e-02
-1.200458109378814697e-01
-1.391197592020034790e-01
-1.625139415264129639e-01
-1.445196419954299927e-01
-1.186181828379631042e-01
-1.847571581602096558e-01
-2.056977748870849609e-01
-1.713366806507110596e-01
-2.009919881820678711e-01
-1.872264593839645386e-01
-1.151522770524024963e-01
-1.174387037754058838e-01
-1.640628278255462646e-01
-1.641354262828826904e-01
-1.237856000661849976e-01
-1.007160395383834839e-01
-1.042226254940032959e-01
-9.190628677606582642e-02
-5.955867096781730652e-02
-3.915632888674736023e-02
-3.472759947180747986e-02
-2.944180369377136230e-02
-9.438843466341495514e-03
2.205173857510089874e-02
2.977168932557106018e-02
1.953749172389507294e-02
5.340974405407905579e-02
1.154444664716720581e-01
1.445047706365585327e-01
1.404721140861511230e-01
1.293766051530838013e-01
1.395767033100128174e-01
1.567950397729873657e-01
1.382616162300109863e-01
1.205760166049003601e-01
1.560283601284027100e-01
2.107675224542617798e-01
2.346760183572769165e-01
2.469268143177032471e-01
2.485176026821136475e-01
2.141935378313064575e-01
2.169211804866790771e-01
2.606863081455230713e-01
2.622905969619750977e-01
2.665498554706573486e-01
1.996779739856719971e-01
-8.447885513305664062e-03
-1.550771594047546387e-01
-2.767108082771301270e-01
-4.414801597595214844e-01
-4.890804290771484375e-01
-5.930123925209045410e-01
-8.336312770843505859e-01
-9.357671737670898438e-01
-8.008629083633422852e-01
-4.797368049621582031e-01
-1.575582921504974365e-01
2.340163849294185638e-02
1.450252681970596313e-01
2.002070844173431396e-01
1.897202581167221069e-01
2.132306247949600220e-01
2.375178486108779907e-01
2.095610052347183228e-01
1.765939742326736450e-01
1.732188016176223755e-01
1.702857315540313721e-01
1.604110747575759888e-01
1.758916527032852173e-01
1.904100924730300903e-01
2.108267396688461304e-01
2.508047223091125488e-01
2.421319335699081421e-01
2.359950393438339233e-01
2.739155888557434082e-01
2.642661929130554199e-01
2.258074730634689331e-01
1.975938230752944946e-01
1.413448601961135864e-01
6.027873978018760681e-02
-2.262189984321594238e-02
-7.273940742015838623e-02
-1.042874380946159363e-01
-1.782264113426208496e-01
-2.049085795879364014e-01
-1.552177518606185913e-01
-1.874292939901351929e-01
-2.276887446641921997e-01
-1.740955263376235962e-01
-1.803569048643112183e-01
-2.123994678258895874e-01
-1.540727019309997559e-01
-1.189794763922691345e-01
-1.456610113382339478e-01
-1.567708253860473633e-01
-1.298459917306900024e-01
-7.552427798509597778e-02
-7.350218296051025391e-02
-1.298704296350479126e-01
-1.022261083126068115e-01
-2.401348203420639038e-02
-4.558194428682327271e-02
-6.587019562721252441e-02
5.278821568936109543e-03
4.760108143091201782e-02
3.050753846764564514e-02
2.282498218119144440e-02
4.408783093094825745e-02
5.472418665885925293e-02
5.495711788535118103e-02
1.103370636701583862e-01
1.509594023227691650e-01
1.266976743936538696e-01
1.543950587511062622e-01
1.927216202020645142e-01
1.550649553537368774e-01
1.428660303354263306e-01
1.525656431913375854e-01
1.366089135408401489e-01
1.846239864826202393e-01
2.382187396287918091e-01
2.267886400222778320e-01
2.410937845706939697e-01
2.631172537803649902e-01
2.462547272443771362e-01
2.441072016954421997e-01
2.872540056705474854e-01
2.520671784877777100e-01
4.095881432294845581e-02
-1.464302986860275269e-01
-2.550922036170959473e-01
-4.060937166213989258e-01
-4.702850580215454102e-01
-5.208215713500976562e-01
-7.056753039360046387e-01
-8.529030084609985352e-01
-8.855268359184265137e-01
-6.972363591194152832e-01
-2.954607307910919189e-01
-2.388640493154525757e-02
9.222526848316192627e-02
2.115958929061889648e-01
2.514405548572540283e-01
2.019568085670471191e-01
2.069849818944931030e-01
2.507620751857757568e-01
1.827560514211654663e-01
1.121908053755760193e-01
1.684939414262771606e-01
1.782005727291107178e-01
1.357340216636657715e-01
1.710388511419296265e-01
2.258366346359252930e-01
2.359651476144790649e-01
1.938181966543197632e-01
1.935877948999404907e-01
2.533878386020660400e-01
2.303690910339355469e-01
1.960675716400146484e-01
2.110159844160079956e-01
1.641620695590972900e-01
1.013152450323104858e-01
4.486204683780670166e-02
-5.165337026119232178e-02
-1.043184846639633179e-01
-9.362129122018814087e-02
-1.183001995086669922e-01
-1.715071946382522583e-01
-1.586499363183975220e-01
-1.343786418437957764e-01
-1.760518401861190796e-01
-1.744376868009567261e-01
-1.151779294013977051e-01
-1.247835308313369751e-01
-1.551850140094757080e-01
-1.146257966756820679e-01
-9.474673867225646973e-02
-1.369741261005401611e-01
-1.158077120780944824e-01
-7.339686155319213867e-02
-1.311076879501342773e-01
-1.396112889051437378e-01
-4.418875277042388916e-02
-2.198303490877151489e-02
-5.347019061446189880e-02
-2.377146854996681213e-02
1.551908068358898163e-02
3.706884803250432014e-03
-1.552957575768232346e-02
-1.514187455177307129e-02
2.118009375408291817e-03
3.544901683926582336e-02
5.759815871715545654e-02
9.636789560317993164e-02
1.378209739923477173e-01
1.072890833020210266e-01
8.909360319375991821e-02
1.185860037803649902e-01
1.052316129207611084e-01
1.035474911332130432e-01
1.351736634969711304e-01
1.453718692064285278e-01
1.784283369779586792e-01
2.191382050514221191e-01
2.178099304437637329e-01
2.083608955144882202e-01
2.432893663644790649e-01
2.722421884536743164e-01
2.253503948450088501e-01
2.468027174472808838e-01
2.827604711055755615e-01
6.590507924556732178e-02
-1.534152776002883911e-01
-1.706929057836532593e-01
-2.605570554733276367e-01
-3.890354037284851074e-01
-4.574602842330932617e-01
-6.385997533798217773e-01
-8.554987311363220215e-01
-8.351988196372985840e-01
-5.527899861335754395e-01
-2.477221190929412842e-01
-1.351802889257669449e-02
1.429062634706497192e-01
1.505897343158721924e-01
1.606499552726745605e-01
2.190907895565032959e-01
1.801094859838485718e-01
1.350784748792648315e-01
1.430733203887939453e-01
1.374093443155288696e-01
1.370689868927001953e-01
1.373654454946517944e-01
1.408373415470123291e-01
1.575564444065093994e-01
1.804381012916564941e-01
1.860486268997192383e-01
1.471455395221710205e-01
1.801631599664688110e-01
2.730620801448822021e-01
2.500808238983154297e-01
1.986353248357772827e-01
2.071189880371093750e-01
1.597626209259033203e-01
6.646894663572311401e-02
-5.516155157238245010e-03
-5.777739733457565308e-02
-7.284904271364212036e-02
-7.727255672216415405e-02
-1.228651553392410278e-01
-1.673952937126159668e-01
-1.539505869150161743e-01
-1.515089422464370728e-01
-1.832471936941146851e-01
-1.508326977491378784e-01
-1.163634210824966431e-01
-1.628924757242202759e-01
-1.605018824338912964e-01
-9.625340998172760010e-02
-1.020307689905166626e-01
-1.244109570980072021e-01
-1.112046465277671814e-01
-1.342777162790298462e-01
-1.264753341674804688e-01
-5.433267727494239807e-02
-2.844260074198246002e-02
-1.426515448838472366e-02
9.490316733717918396e-03
-3.706609457731246948e-02
-5.053270980715751648e-02
2.135420218110084534e-02
2.353235892951488495e-02
-2.322580199688673019e-03
5.610938742756843567e-02
8.430301398038864136e-02
7.147205621004104614e-02
1.100818142294883728e-01
1.344051063060760498e-01
1.223192438483238220e-01
1.368953138589859009e-01
1.691152900457382202e-01
1.488149613142013550e-01
7.585015147924423218e-02
7.875165343284606934e-02
1.638483703136444092e-01
2.006396949291229248e-01
1.972327381372451782e-01
2.129691094160079956e-01
2.160874307155609131e-01
2.099948674440383911e-01
2.210493683815002441e-01
2.104196697473526001e-01
2.068816572427749634e-01
1.977849006652832031e-01
5.738114565610885620e-02
-1.189979389309883118e-01
-2.175799608230590820e-01
-3.199579417705535889e-01
-4.057923853397369385e-01
-5.151698589324951172e-01
-7.154452204704284668e-01
-8.507722616195678711e-01
-8.252357840538024902e-01
-6.315346956253051758e-01
-3.184689581394195557e-01
-2.524063922464847565e-02
1.652909666299819946e-01
2.103558480739593506e-01
2.029975205659866333e-01
2.156472504138946533e-01
1.784637570381164551e-01
1.838784962892532349e-01
2.363246828317642212e-01
1.899436116218566895e-01
1.497489362955093384e-01
1.916525661945343018e-01
1.834057867527008057e-01
1.475725471973419189e-01
1.946150660514831543e-01
2.477974593639373779e-01
2.262979596853256226e-01
1.952395588159561157e-01
2.067301422357559204e-01
2.349441945552825928e-01
2.431577593088150024e-01
2.176401168107986450e-01
1.702647954225540161e-01
1.116167008876800537e-01
4.627227783203125000e-02
-3.748613968491554260e-02
-1.279628723859786987e-01
-1.320992559194564819e-01
-1.200820207595825195e-01
-1.962211728096008301e-01
-1.919108629226684570e-01
-1.489237099885940552e-01
-2.183742970228195190e-01
-2.111382484436035156e-01
-1.390822380781173706e-01
-1.676507741212844849e-01
-1.844279617071151733e-01
-1.618636548519134521e-01
-1.571678072214126587e-01
-1.344170421361923218e-01
-9.518462419509887695e-02
-6.176340207457542419e-02
-9.789839386940002441e-02
-1.341829299926757812e-01
-5.517673119902610779e-02
-2.355484478175640106e-02
-4.400349408388137817e-02
1.474883407354354858e-02
1.795192249119281769e-02
-8.873430080711841583e-03
2.918450348079204559e-02
3.154521808028221130e-02
4.969014972448348999e-02
8.490578830242156982e-02
6.224121898412704468e-02
9.713250398635864258e-02
1.546542644500732422e-01
1.458713710308074951e-01
1.497230529785156250e-01
1.271630674600601196e-01
9.579644352197647095e-02
1.536016911268234253e-01
1.598443388938903809e-01
1.179414317011833191e-01
1.957256048917770386e-01
2.424273043870925903e-01
2.013183683156967163e-01
2.264642268419265747e-01
2.439515143632888794e-01
2.250072360038757324e-01
2.187488079071044922e-01
2.112719863653182983e-01
2.445205152034759521e-01
1.674111634492874146e-01
-7.623436301946640015e-02
-2.458266317844390869e-01
-3.629250824451446533e-01
-4.768552780151367188e-01
-5.117558836936950684e-01
-6.436294913291931152e-01
-8.791280388832092285e-01
-9.186958670616149902e-01
-6.779353618621826172e-01
-3.499980270862579346e-01
-8.889549225568771362e-02
1.037499532103538513e-01
1.906872242689132690e-01
1.951161623001098633e-01
2.372638136148452759e-01
2.646147608757019043e-01
2.279796600341796875e-01
1.751169264316558838e-01
1.297577470541000366e-01
1.564151644706726074e-01
1.885255128145217896e-01
1.741820722818374634e-01
2.156804203987121582e-01
2.242664843797683716e-01
1.883134394884109497e-01
2.315455377101898193e-01
2.553101181983947754e-01
2.290096879005432129e-01
2.457179874181747437e-01
2.640258967876434326e-01
2.248345166444778442e-01
1.649145931005477905e-01
1.084167212247848511e-01
4.273179918527603149e-02
-2.022921666502952576e-02
-8.946258574724197388e-02
-1.476712822914123535e-01
-1.501162201166152954e-01
-1.627508848905563354e-01
-2.079619616270065308e-01
-1.891694515943527222e-01
-1.716772019863128662e-01
-2.122943103313446045e-01
-2.004753947257995605e-01
-1.713685393333435059e-01
-1.743743121623992920e-01
-1.738466322422027588e-01
-1.755320727825164795e-01
-1.401130855083465576e-01
-9.258360415697097778e-02
-8.240488171577453613e-02
-8.389169722795486450e-02
-7.934231311082839966e-02
-5.780278891324996948e-02
-6.051215529441833496e-02
-4.721119627356529236e-02
2.168386243283748627e-02
1.728523895144462585e-02
-1.099091954529285431e-02
2.961191348731517792e-02
3.719826415181159973e-02
3.431373462080955505e-02
5.870462581515312195e-02
5.833343788981437683e-02
1.120569109916687012e-01
1.943287551403045654e-01
1.539397090673446655e-01
9.867249429225921631e-02
1.275645494461059570e-01
1.296820491552352905e-01
1.199176013469696045e-01
1.428797245025634766e-01
1.585329771041870117e-01
1.735589504241943359e-01
1.947450488805770874e-01
2.186696976423263550e-01
2.124219387769699097e-01
1.981259137392044067e-01
2.447924017906188965e-01
2.502452135086059570e-01
2.116073518991470337e-01
2.700325250625610352e-01
2.714172303676605225e-01
9.282512962818145752e-02
-8.784358203411102295e-02
-2.514194250106811523e-01
-4.139101207256317139e-01
-4.612469673156738281e-01
-5.444536209106445312e-01
-7.833524942398071289e-01
-9.647164344787597656e-01
-9.402716755867004395e-01
-7.077133655548095703e-01
-3.535226583480834961e-01
-4.492723196744918823e-02
1.029828116297721863e-01
1.350244581699371338e-01
2.032105624675750732e-01
2.439206391572952271e-01
1.905473768711090088e-01
1.953239142894744873e-01
2.086213976144790649e-01
1.894339472055435181e-01
2.293381989002227783e-01
2.229683548212051392e-01
1.929264366626739502e-01
2.353589534759521484e-01
2.305927425622940063e-01
2.210996896028518677e-01
2.790888249874114990e-01
2.737430334091186523e-01
2.529826164245605469e-01
2.856919169425964355e-01
2.787024378776550293e-01
2.479102611541748047e-01
2.111086100339889526e-01
1.321708410978317261e-01
4.738579690456390381e-02
-1.728417165577411652e-02
-8.782204240560531616e-02
-1.503826081752777100e-01
-1.553914546966552734e-01
-1.642638742923736572e-01
-1.981920450925827026e-01
-1.815224438905715942e-01
-1.969721168279647827e-01
-2.382250428199768066e-01
-2.012608796358108521e-01
-1.908779889345169067e-01
-1.966751813888549805e-01
-1.362903565168380737e-01
-1.287497878074645996e-01
-1.695207953453063965e-01
-1.527454406023025513e-01
-1.194029673933982849e-01
-1.047136783599853516e-01
-8.909986913204193115e-02
-8.171436935663223267e-02
-7.564528286457061768e-02
-4.848353564739227295e-02
-1.105239614844322205e-02
-1.823232858441770077e-03
-3.206058219075202942e-02
-3.359425812959671021e-02
1.535061467438936234e-02
3.997787460684776306e-02
5.271431803703308105e-02
6.909317523241043091e-02
5.679139122366905212e-02
1.026320308446884155e-01
1.737635433673858643e-01
1.447134166955947876e-01
1.331482231616973877e-01
1.911694854497909546e-01
1.860400140285491943e-01
1.281796693801879883e-01
1.240611150860786438e-01
1.756560355424880981e-01
2.018572390079498291e-01
2.161693423986434937e-01
2.457112669944763184e-01
2.233987301588058472e-01
2.134936153888702393e-01
2.384966462850570679e-01
1.877291053533554077e-01
1.902923583984375000e-01
2.869335114955902100e-01
1.792088299989700317e-01
-7.409619539976119995e-02
-1.640270799398422241e-01
-2.471434324979782104e-01
-4.298031330108642578e-01
-5.061571598052978516e-01
-5.942611098289489746e-01
-7.906761765480041504e-01
-8.838768005371093750e-01
-7.937467098236083984e-01
-4.848492145538330078e-01
-1.091738864779472351e-01
6.299450993537902832e-02
1.409286856651306152e-01
1.975758075714111328e-01
2.075926214456558228e-01
2.317462861537933350e-01
1.900149285793304443e-01
1.712839156389236450e-01
2.093103379011154175e-01
1.339882612228393555e-01
9.627550095319747925e-02
1.595165431499481201e-01
1.652027666568756104e-01
1.782438755035400391e-01
2.036167383193969727e-01
1.954574286937713623e-01
2.128790915012359619e-01
2.095532715320587158e-01
2.225775122642517090e-01
2.651753425598144531e-01
1.977914869785308838e-01
1.157836392521858215e-01
1.076629385352134705e-01
7.179161906242370605e-02
1.807516627013683319e-02
-2.962744422256946564e-02
-7.589473575353622437e-02
-1.077059954404830933e-01
-1.337110400199890137e-01
-1.310133337974548340e-01
-1.214752644300460815e-01
-1.596517562866210938e-01
-1.838052272796630859e-01
-1.315735429525375366e-01
-1.170122027397155762e-01
-1.696265488862991333e-01
-1.375338286161422729e-01
-9.368855506181716919e-02
-1.483314335346221924e-01
-1.636869311332702637e-01
-1.105767339468002319e-01
-6.564276665449142456e-02
-7.423774152994155884e-02
-1.137759536504745483e-01
-6.966791301965713501e-02
-3.449550643563270569e-02
-6.906738132238388062e-02
-3.162385150790214539e-02
6.795888300985097885e-03
-2.052265219390392303e-03
2.626952901482582092e-02
3.848564997315406799e-02
3.758916258811950684e-02
7.282491773366928101e-02
1.052528619766235352e-01
1.127942204475402832e-01
1.110026761889457703e-01
1.224915608763694763e-01
1.402261853218078613e-01
1.529579609632492065e-01
1.512139141559600830e-01
1.412882655858993530e-01
1.583445519208908081e-01
1.647488325834274292e-01
1.644406914710998535e-01
1.955923140048980713e-01
1.826752275228500366e-01
1.673350036144256592e-01
2.270515263080596924e-01
2.293146699666976929e-01
1.737778186798095703e-01
2.055521309375762939e-01
1.759544461965560913e-01
-3.234677389264106750e-02
-1.781675070524215698e-01
-2.244969159364700317e-01
-3.254640102386474609e-01
-4.296399056911468506e-01
-5.425506234169006348e-01
-7.224359512329101562e-01
-8.682076334953308105e-01
-7.725299596786499023e-01
-4.487779140472412109e-01
-1.854849904775619507e-01
9.344661608338356018e-03
2.056741565465927124e-01
2.432643324136734009e-01
1.739246994256973267e-01
1.853020191192626953e-01
2.179713100194931030e-01
1.546073257923126221e-01
1.366359591484069824e-01
1.884369999170303345e-01
1.445799469947814941e-01
1.535896509885787964e-01
2.324407547712326050e-01
1.815895885229110718e-01
1.625418514013290405e-01
2.157141268253326416e-01
2.088211923837661743e-01
2.501673996448516846e-01
2.876971662044525146e-01
2.643500566482543945e-01
2.595913708209991455e-01
1.680221259593963623e-01
8.149068057537078857e-02
9.755871444940567017e-02
1.197932194918394089e-02
-9.231206029653549194e-02
-9.376583993434906006e-02
-1.393687278032302856e-01
-1.913482397794723511e-01
-1.873991787433624268e-01
-1.912364661693572998e-01
-1.879902929067611694e-01
-1.967694014310836792e-01
-2.196212261915206909e-01
-1.773755550384521484e-01
-1.422898918390274048e-01
-1.765257865190505981e-01
-1.561193168163299561e-01
-1.150094866752624512e-01
-1.327498406171798706e-01
-1.062294170260429382e-01
-8.927404135465621948e-02
-1.326228827238082886e-01
-9.314562380313873291e-02
-2.544850297272205353e-02
-3.871693834662437439e-02
-3.965328633785247803e-02
-3.948495723307132721e-03
6.483189645223319530e-04
1.300096628256142139e-03
3.262483701109886169e-02
5.023967102169990540e-02
5.787388235330581665e-02
1.018026098608970642e-01
1.492619216442108154e-01
1.818355172872543335e-01
1.825684607028961182e-01
1.357448995113372803e-01
1.538157165050506592e-01
2.140612900257110596e-01
1.630377173423767090e-01
1.141572445631027222e-01
1.748454421758651733e-01
2.087660878896713257e-01
2.163617014884948730e-01
2.426940053701400757e-01
2.005026191473007202e-01
1.560489237308502197e-01
1.838250905275344849e-01
1.924461573362350464e-01
2.023619562387466431e-01
2.307900935411453247e-01
1.067091524600982666e-01
-1.319057792425155640e-01
-2.504557967185974121e-01
-2.917501032352447510e-01
-3.850371241569519043e-01
-5.051383376121520996e-01
-6.492939591407775879e-01
-8.167603611946105957e-01
-9.022694230079650879e-01
-7.470148205757141113e-01
-4.069357514381408691e-01
-8.089529722929000854e-02
1.491766422986984253e-01
2.052225172519683838e-01
1.777176409959793091e-01
2.099507749080657959e-01
2.109297215938568115e-01
1.754106134176254272e-01
1.756374388933181763e-01
1.995526850223541260e-01
2.084715664386749268e-01
1.843905597925186157e-01
1.969692409038543701e-01
2.206708490848541260e-01
1.951749920845031738e-01
2.068381011486053467e-01
2.283597737550735474e-01
2.093384861946105957e-01
2.364459484815597534e-01
2.588829994201660156e-01
2.307369112968444824e-01
2.173201143741607666e-01
1.737206280231475830e-01
9.775934368371963501e-02
3.688436746597290039e-02
-4.546258971095085144e-02
-8.824464678764343262e-02
-7.350374013185501099e-02
-1.517418026924133301e-01
-2.381088435649871826e-01
-1.654187291860580444e-01
-1.306426674127578735e-01
-2.084529697895050049e-01
-1.819016635417938232e-01
-1.356296092271804810e-01
-1.905789077281951904e-01
-1.943821460008621216e-01
-1.502383500337600708e-01
-1.352842301130294800e-01
-1.273721605539321899e-01
-1.259960979223251343e-01
-1.046411544084548950e-01
-8.902665972709655762e-02
-8.765882253646850586e-02
-5.070834979414939880e-02
-4.083899408578872681e-02
-7.283100485801696777e-02
-6.137312576174736023e-02
-2.083192579448223114e-02
-9.778748266398906708e-03
1.872824691236019135e-02
6.362453848123550415e-02
4.661511257290840149e-02
6.036046892404556274e-02
1.192142367362976074e-01
1.253201812505722046e-01
1.527640968561172485e-01
1.590815633535385132e-01
1.171725541353225708e-01
1.541172713041305542e-01
1.825074851512908936e-01
1.493736654520034790e-01
1.396467685699462891e-01
1.560513973236083984e-01
2.017752230167388916e-01
2.170199900865554810e-01
2.014409303665161133e-01
2.217549234628677368e-01
2.255635410547256470e-01
2.344194352626800537e-01
2.421249300241470337e-01
2.340883314609527588e-01
2.528964281082153320e-01
1.052658334374427795e-01
-1.552780419588088989e-01
-2.734727561473846436e-01
-3.988421261310577393e-01
-5.225449204444885254e-01
-5.694494247436523438e-01
-7.370463013648986816e-01
-8.835889697074890137e-01
-8.346305489540100098e-01
-6.458746194839477539e-01
-3.001133799552917480e-01
1.307620387524366379e-02
1.366712749004364014e-01
2.216232568025588989e-01
2.610239088535308838e-01
2.094061374664306641e-01
2.046860009431838989e-01
2.140312939882278442e-01
1.846325397491455078e-01
2.065474390983581543e-01
1.989911496639251709e-01
1.460926383733749390e-01
1.771127432584762573e-01
2.041150033473968506e-01
1.818966567516326904e-01
2.094258069992065430e-01
2.414581924676895142e-01
2.286374866962432861e-01
2.153647094964981079e-01
2.282340824604034424e-01
2.612881958484649658e-01
2.652534544467926025e-01
1.915604323148727417e-01
7.399673014879226685e-02
-8.849372155964374542e-03
-4.908476024866104126e-02
-8.596274256706237793e-02
-1.237797960638999939e-01
-1.661435067653656006e-01
-1.888398379087448120e-01
-1.673197299242019653e-01
-1.625179499387741089e-01
-1.855212748050689697e-01
-1.910927593708038330e-01
-1.886409223079681396e-01
-1.869134604930877686e-01
-1.811399757862091064e-01
-1.689120829105377197e-01
-1.603323966264724731e-01
-1.534845530986785889e-01
-1.360017657279968262e-01
-1.208914592862129211e-01
-1.080354601144790649e-01
-9.895849972963333130e-02
-7.211530208587646484e-02
-1.840826123952865601e-02
-1.327835489064455032e-02
-3.414156287908554077e-02
3.784956061281263828e-04
1.219236850738525391e-02
-1.389352511614561081e-02
2.251735143363475800e-02
6.031085550785064697e-02
5.729341134428977966e-02
1.148897930979728699e-01
1.851922720670700073e-01
1.804900765419006348e-01
1.669789105653762817e-01
1.690923720598220825e-01
1.826220452785491943e-01
1.963842809200286865e-01
1.507390886545181274e-01
1.479493677616119385e-01
2.115304023027420044e-01
2.022178471088409424e-01
2.324479073286056519e-01
2.896302342414855957e-01
2.252557277679443359e-01
2.380700409412384033e-01
2.908487915992736816e-01
2.202702164649963379e-01
2.223875522613525391e-01
1.674447655677795410e-01
-7.949800789356231689e-02
-2.283737361431121826e-01
-3.081160187721252441e-01
-4.530310034751892090e-01
-5.661460757255554199e-01
-7.053201794624328613e-01
-9.132995605468750000e-01
-9.778453111648559570e-01
-7.602817416191101074e-01
-4.202735424041748047e-01
-1.132959201931953430e-01
1.195592582225799561e-01
1.872940212488174438e-01
1.698355674743652344e-01
2.066484391689300537e-01
2.247584760189056396e-01
2.244529724121093750e-01
2.202600538730621338e-01
1.777224987745285034e-01
1.948398649692535400e-01
2.130007296800613403e-01
1.697009354829788208e-01
1.931818425655364990e-01
2.316065877676010132e-01
2.278485149145126343e-01
2.374410927295684814e-01
2.484337091445922852e-01
2.596055269241333008e-01
2.438407987356185913e-01
2.196138054132461548e-01
2.267549633979797363e-01
1.898058652877807617e-01
1.135281920433044434e-01
4.708789661526679993e-02
-2.239476889371871948e-02
-6.888993829488754272e-02
-1.081128716468811035e-01
-1.594524979591369629e-01
-1.804286837577819824e-01
-1.707458049058914185e-01
-1.707607805728912354e-01
-2.044786512851715088e-01
-2.072041183710098267e-01
-1.674781739711761475e-01
-1.765814125537872314e-01
-1.886924505233764648e-01
-1.517411619424819946e-01
-1.215085759758949280e-01
-1.274242699146270752e-01
-1.561508327722549438e-01
-1.323902904987335205e-01
-6.509786844253540039e-02
-6.963866204023361206e-02
-8.053496479988098145e-02
-3.119751624763011932e-02
-3.114354610443115234e-02
-3.291877359151840210e-02
3.193162381649017334e-03
-2.894581109285354614e-02
-3.347455710172653198e-02
4.068699479103088379e-02
6.070901826024055481e-02
6.141721457242965698e-02
9.079971164464950562e-02
1.021596193313598633e-01
1.318607777357101440e-01
1.758034378290176392e-01
1.853993833065032959e-01
1.634667068719863892e-01
1.170005947351455688e-01
1.066551581025123596e-01
1.384084969758987427e-01
1.520653963088989258e-01
2.051527649164199829e-01
2.613167166709899902e-01
2.138978391885757446e-01
1.937002241611480713e-01
2.666439116001129150e-01
2.649713754653930664e-01
2.040152698755264282e-01
2.384483665227890015e-01
2.269058376550674438e-01
9.305923245847225189e-03
-1.897571533918380737e-01
-2.519598305225372314e-01
-3.432904481887817383e-01
-4.546983838081359863e-01
-5.460838079452514648e-01
-7.024340629577636719e-01
-8.645200729370117188e-01
-8.434293270111083984e-01
-5.870549082756042480e-01
-2.746753990650177002e-01
-2.697868645191192627e-02
1.700194627046585083e-01
2.625566422939300537e-01
2.424205094575881958e-01
1.961376965045928955e-01
1.748977154493331909e-01
1.794362664222717285e-01
1.936801075935363770e-01
1.885365098714828491e-01
1.652020663022994995e-01
1.735229343175888062e-01
1.950324475765228271e-01
1.665490865707397461e-01
1.384475082159042358e-01
1.855813264846801758e-01
2.455181628465652466e-01
2.569363415241241455e-01
2.396152317523956299e-01
2.136202901601791382e-01
2.185750454664230347e-01
2.174353599548339844e-01
1.602911055088043213e-01
1.042254269123077393e-01
2.953309752047061920e-02
-6.817508488893508911e-02
-1.292124390602111816e-01
-1.578182280063629150e-01
-1.419729292392730713e-01
-1.446726471185684204e-01
-1.951738148927688599e-01
-1.943994313478469849e-01
-1.778337061405181885e-01
-1.761373579502105713e-01
-1.637330502271652222e-01
-1.836742013692855835e-01
-1.670540869235992432e-01
-1.082811057567596436e-01
-1.297006160020828247e-01
-1.615582853555679321e-01
-1.127873212099075317e-01
-8.591099083423614502e-02
-9.722869843244552612e-02
-3.288152068853378296e-02
1.313510257750749588e-02
-3.364655748009681702e-02
-2.384637854993343353e-02
-1.423212233930826187e-02
-3.703245520591735840e-02
1.578184403479099274e-02
9.653306566178798676e-03
-2.066984772682189941e-02
5.119265988469123840e-02
5.810283869504928589e-02
4.326305538415908813e-02
1.230960860848426819e-01
1.487426459789276123e-01
1.328168958425521851e-01
1.482821255922317505e-01
1.298445016145706177e-01
1.146422997117042542e-01
1.450587511062622070e-01
1.717790365219116211e-01
1.746891438961029053e-01
1.822648346424102783e-01
2.033247351646423340e-01
2.083319872617721558e-01
2.090786546468734741e-01
2.337871640920639038e-01
2.518123984336853027e-01
2.518639266490936279e-01
2.625413537025451660e-01
1.916788667440414429e-01
-1.616781391203403473e-02
-1.420952975749969482e-01
-1.713611632585525513e-01
-3.224924206733703613e-01
-4.615411758422851562e-01
-5.331897735595703125e-01
-7.232260107994079590e-01
-8.915728926658630371e-01
-8.144429922103881836e-01
-5.245118141174316406e-01
-2.136155813932418823e-01
1.980124041438102722e-02
1.725298613309860229e-01
1.740947812795639038e-01
1.519912481307983398e-01
1.983042210340499878e-01
1.536122560501098633e-01
1.226220950484275818e-01
1.956894397735595703e-01
1.769918799400329590e-01
1.225859224796295166e-01
1.512286067008972168e-01
1.552291512489318848e-01
1.449182033538818359e-01
1.622764915227890015e-01
1.740978509187698364e-01
2.167870104312896729e-01
2.406940162181854248e-01
2.117800861597061157e-01
2.262511700391769409e-01
2.523366510868072510e-01
2.113557308912277222e-01
1.622819751501083374e-01
1.235871911048889160e-01
1.940473541617393494e-02
-8.078163117170333862e-02
-9.745644032955169678e-02
-1.235136985778808594e-01
-1.231279224157333374e-01
-8.745857328176498413e-02
-1.393956691026687622e-01
-1.748395711183547974e-01
-1.367646455764770508e-01
-1.461668610572814941e-01
-1.822105646133422852e-01
-1.725685447454452515e-01
-1.495230793952941895e-01
-1.374373286962509155e-01
-1.077175140380859375e-01
-9.364289045333862305e-02
-9.219840914011001587e-02
-4.982830211520195007e-02
-2.347970195114612579e-02
-3.959991037845611572e-02
-5.469674989581108093e-02
-7.698109745979309082e-02
-1.017175465822219849e-01
-9.345992654561996460e-02
-5.144681036472320557e-02
-3.428218886256217957e-02
-5.460665747523307800e-02
-1.685798540711402893e-02
4.081921651959419250e-02
2.065705135464668274e-02
3.411383554339408875e-02
1.135305166244506836e-01
1.416372060775756836e-01
1.421380341053009033e-01
1.537271738052368164e-01
1.709432005882263184e-01
1.919104456901550293e-01
1.523122340440750122e-01
1.259534209966659546e-01
1.989393532276153564e-01
2.438408285379409790e-01
2.169629037380218506e-01
2.138756811618804932e-01
2.693145573139190674e-01
3.130884170532226562e-01
2.842358648777008057e-01
2.601009607315063477e-01
2.799199521541595459e-01
2.032045423984527588e-01
-3.472863137722015381e-02
-2.389167547225952148e-01
-3.260831534862518311e-01
-4.286795854568481445e-01
-5.135326385498046875e-01
-6.120400428771972656e-01
-8.049670457839965820e-01
-9.135724306106567383e-01
-8.362945914268493652e-01
-5.673645138740539551e-01
-2.144468873739242554e-01
2.196907997131347656e-02
1.769318133592605591e-01
2.510846853256225586e-01
2.478542029857635498e-01
2.680642008781433105e-01
2.410803884267807007e-01
2.025697082281112671e-01
2.042568027973175049e-01
1.725695431232452393e-01
1.671568751335144043e-01
1.975248157978057861e-01
2.213809788227081299e-01
2.182455211877822876e-01
1.773313134908676147e-01
2.204483002424240112e-01
2.938865125179290771e-01
2.387005388736724854e-01
2.017613649368286133e-01
2.457177937030792236e-01
2.456483095884323120e-01
2.254920154809951782e-01
1.638021022081375122e-01
4.964670538902282715e-02
-2.246904745697975159e-02
-7.258038222789764404e-02
-1.388682126998901367e-01
-2.087672799825668335e-01
-2.035397589206695557e-01
-1.331504583358764648e-01
-1.575386673212051392e-01
-1.968578547239303589e-01
-1.807896643877029419e-01
-1.861954480409622192e-01
-1.467960625886917114e-01
-1.392510533332824707e-01
-2.039715647697448730e-01
-2.015399932861328125e-01
-1.535313874483108521e-01
-1.083660721778869629e-01
-1.169460788369178772e-01
-1.509910821914672852e-01
-8.853962272405624390e-02
-6.315258890390396118e-02
-1.242916360497474670e-01
-8.704987168312072754e-02
-3.798730298876762390e-02
-5.883790180087089539e-02
-4.074259195476770401e-03
5.197208002209663391e-02
3.325055539608001709e-02
5.399452522397041321e-02
6.797529757022857666e-02
8.193490654230117798e-02
1.582456231117248535e-01
1.824581474065780640e-01
1.847438365221023560e-01
1.854335814714431763e-01
1.403390020132064819e-01
1.694130748510360718e-01
1.830362975597381592e-01
1.071630343794822693e-01
1.495393216609954834e-01
2.453999817371368408e-01
2.236686199903488159e-01
2.038799524307250977e-01
2.556154429912567139e-01
2.791530787944793701e-01
2.501409947872161865e-01
2.501459121704101562e-01
2.822818458080291748e-01
2.621147334575653076e-01
1.313285976648330688e-01
-9.333544969558715820e-02
-2.763813436031341553e-01
-3.698071241378784180e-01
-4.347481727600097656e-01
-5.152616500854492188e-01
-7.339891791343688965e-01
-9.749537706375122070e-01
-9.584340453147888184e-01
-7.346952557563781738e-01
-4.151548147201538086e-01
-7.107271254062652588e-02
1.229251250624656677e-01
1.658745110034942627e-01
1.930283308029174805e-01
2.025976330041885376e-01
1.909800022840499878e-01
2.355943769216537476e-01
2.566191852092742920e-01
1.974664628505706787e-01
1.940752118825912476e-01
2.287421971559524536e-01
2.077168077230453491e-01
1.985422223806381226e-01
2.220549732446670532e-01
2.035599648952484131e-01
1.808832883834838867e-01
2.244496494531631470e-01
2.602352797985076904e-01
2.601542472839355469e-01
2.637114524841308594e-01
2.107174545526504517e-01
1.424196064472198486e-01
1.212006434798240662e-01
5.672691762447357178e-02
-3.923548758029937744e-02
-9.960877895355224609e-02
-1.315243244171142578e-01
-1.531336903572082520e-01
-1.893249154090881348e-01
-2.034350484609603882e-01
-1.798139661550521851e-01
-1.824941486120223999e-01
-1.899140626192092896e-01
-1.567511111497879028e-01
-1.525717526674270630e-01
-1.795492768287658691e-01
-1.682470589876174927e-01
-1.547832638025283813e-01
-1.399494260549545288e-01
-9.261446446180343628e-02
-8.901645988225936890e-02
-1.308641582727432251e-01
-9.054616838693618774e-02
-9.941622614860534668e-03
-4.157426953315734863e-02
-5.158365890383720398e-02
4.311952367424964905e-02
1.961410976946353912e-02
-5.388583242893218994e-02
7.533707655966281891e-03
6.668376922607421875e-02
5.481079593300819397e-02
5.166503787040710449e-02
8.436014503240585327e-02
1.044022515416145325e-01
1.043516322970390320e-01
1.448149234056472778e-01
1.468085944652557373e-01
1.261665374040603638e-01
1.639087051153182983e-01
1.282100230455398560e-01
1.128148660063743591e-01
2.110992372035980225e-01
2.044458687305450439e-01
1.794940233230590820e-01
2.464403510093688965e-01
2.494033277034759521e-01
2.651236057281494141e-01
3.101047873497009277e-01
2.750228643417358398e-01
2.516558468341827393e-01
1.678986549377441406e-01
-3.945034369826316833e-02
-1.931062191724777222e-01
-3.150608241558074951e-01
-4.348013401031494141e-01
-5.007033944129943848e-01
-6.317979097366333008e-01
-8.051230907440185547e-01
-8.863889575004577637e-01
-7.974551320075988770e-01
-4.804184734821319580e-01
-1.256735622882843018e-01
6.302531808614730835e-02
1.609026193618774414e-01
2.232533842325210571e-01
2.331109642982482910e-01
2.563857734203338623e-01
2.464147210121154785e-01
1.360311955213546753e-01
1.161687970161437988e-01
1.920606195926666260e-01
1.572955399751663208e-01
1.251890063285827637e-01
1.842290461063385010e-01
1.873628199100494385e-01
1.568167656660079956e-01
2.045762091875076294e-01
2.626446187496185303e-01
2.773252129554748535e-01
2.996222078800201416e-01
2.797539234161376953e-01
2.212356626987457275e-01
1.740505099296569824e-01
8.367437124252319336e-02
1.944441720843315125e-02
-8.785524987615644932e-04
-6.270033866167068481e-02
-8.488694578409194946e-02
-9.134744107723236084e-02
-1.622027307748794556e-01
-2.082957327365875244e-01
-2.020398527383804321e-01
-1.748826205730438232e-01
-1.778455674648284912e-01
-2.121020555496215820e-01
-1.774331629276275635e-01
-1.316125094890594482e-01
-1.559508293867111206e-01
-1.555361151695251465e-01
-1.249161511659622192e-01
-1.392320245504379272e-01
-1.325221806764602661e-01
-8.690727502107620239e-02
-9.538193792104721069e-02
-9.975060820579528809e-02
-3.193417564034461975e-02
9.470682591199874878e-03
-4.552847705781459808e-03
2.664280822500586510e-03
1.748211495578289032e-02
2.856035949662327766e-03
1.734495349228382111e-02
5.919927358627319336e-02
6.531840562820434570e-02
9.325351566076278687e-02
1.450782120227813721e-01
1.382204592227935791e-01
1.239128187298774719e-01
1.306719481945037842e-01
1.234117075800895691e-01
1.341483741998672485e-01
1.397302001714706421e-01
1.148941442370414734e-01
1.462333500385284424e-01
2.164211869239807129e-01
2.167128920555114746e-01
1.879291832447052002e-01
2.076225429773330688e-01
2.522262632846832275e-01
2.580767571926116943e-01
2.457715719938278198e-01
2.756804525852203369e-01
1.970150023698806763e-01
-3.790167346596717834e-02
-1.965899318456649780e-01
-2.722527682781219482e-01
-3.543387949466705322e-01
-4.563663899898529053e-01
-6.515305042266845703e-01
-8.153312206268310547e-01
-8.242950439453125000e-01
-7.198072671890258789e-01
-4.543528258800506592e-01
-1.045204028487205505e-01
1.046530529856681824e-01
1.520647853612899780e-01
1.600118279457092285e-01
1.911922544240951538e-01
2.215433865785598755e-01
1.627638936042785645e-01
1.045520454645156860e-01
1.525915861129760742e-01
1.623256355524063110e-01
1.621383279561996460e-01
1.816280037164688110e-01
1.390528827905654907e-01
1.896364837884902954e-01
2.495433688163757324e-01
1.912555247545242310e-01
2.217585891485214233e-01
2.850257754325866699e-01
2.573327720165252686e-01
2.626987993717193604e-01
2.671263515949249268e-01
1.879851967096328735e-01
1.122260466217994690e-01
6.259500235319137573e-02
-3.051380626857280731e-02
-1.175046265125274658e-01
-1.316140741109848022e-01
-1.548480242490768433e-01
-1.897172778844833374e-01
-1.734525710344314575e-01
-1.681867688894271851e-01
-1.870374083518981934e-01
-2.043195366859436035e-01
-2.086428403854370117e-01
-1.690443456172943115e-01
-1.448931097984313965e-01
-1.508283615112304688e-01
-1.404119729995727539e-01
-1.302220672369003296e-01
-1.156324520707130432e-01
-1.095466241240501404e-01
-1.150684878230094910e-01
-8.776244521141052246e-02
-4.476139694452285767e-02
-2.867469564080238342e-02
-3.057814575731754303e-02
-5.797158461064100266e-03
2.404860965907573700e-02
2.005411498248577118e-02
2.502922900021076202e-02
4.685363546013832092e-02
5.179667100310325623e-02
5.539269000291824341e-02
9.044861048460006714e-02
1.259140521287918091e-01
1.274411678314208984e-01
1.409239917993545532e-01
1.664544045925140381e-01
1.416605710983276367e-01
1.247834041714668274e-01
1.532265096902847290e-01
1.618545353412628174e-01
2.072679698467254639e-01
2.584077715873718262e-01
2.074016332626342773e-01
1.659170985221862793e-01
2.144024074077606201e-01
2.700456976890563965e-01
2.608221173286437988e-01
2.457303106784820557e-01
2.202515155076980591e-01
4.796102270483970642e-02
-1.277900338172912598e-01
-2.245259881019592285e-01
-3.774260580539703369e-01
-4.452067613601684570e-01
-4.984272718429565430e-01
-7.385907173156738281e-01
-9.028217196464538574e-01
-8.109049797058105469e-01
-5.635092854499816895e-01
-2.540063261985778809e-01
2.390197291970252991e-02
1.690769940614700317e-01
1.738938987255096436e-01
1.913305819034576416e-01
2.187500298023223877e-01
1.756494790315628052e-01
1.530396193265914917e-01
1.211483031511306763e-01
1.273059099912643433e-01
2.093507498502731323e-01
1.668706387281417847e-01
1.373694986104965210e-01
2.038560360670089722e-01
1.891619712114334106e-01
2.405970543622970581e-01
2.956372499465942383e-01
2.021013349294662476e-01
2.156143784523010254e-01
2.932140827178955078e-01
2.468005269765853882e-01
1.936109662055969238e-01
1.476816982030868530e-01
1.031663119792938232e-01
6.797166913747787476e-02
-7.454156875610351562e-02
-1.765736192464828491e-01
-1.406430304050445557e-01
-1.771917790174484253e-01
-1.987673789262771606e-01
-1.487587839365005493e-01
-1.904142498970031738e-01
-2.007206082344055176e-01
-1.771650910377502441e-01
-2.069284021854400635e-01
-1.728753149509429932e-01
-1.614866703748703003e-01
-1.771551817655563354e-01
-1.081546023488044739e-01
-1.020973995327949524e-01
-1.386151164770126343e-01
-9.940774738788604736e-02
-7.945100218057632446e-02
-9.645688533782958984e-02
-6.499624252319335938e-02
-6.386626046150922775e-03
-1.459999196231365204e-02
-3.422002121806144714e-02
1.423109974712133408e-02
3.456873446702957153e-02
2.145037613809108734e-02
3.886791691184043884e-02
7.191032171249389648e-02
1.436199992895126343e-01
1.825001239776611328e-01
1.437231600284576416e-01
1.499789655208587646e-01
1.802239269018173218e-01
1.583472639322280884e-01
1.225955039262771606e-01
1.269102245569229126e-01
1.954388469457626343e-01
2.136242389678955078e-01
1.577631682157516479e-01
2.003097832202911377e-01
2.724012136459350586e-01
2.453507930040359497e-01
2.150991261005401611e-01
2.128761112689971924e-01
2.466552108526229858e-01
2.430943399667739868e-01
4.891335964202880859e-02
-1.316398680210113525e-01
-1.758694201707839966e-01
-3.185008168220520020e-01
-4.757096469402313232e-01
-5.248566269874572754e-01
-6.979394555091857910e-01
-9.234574437141418457e-01
-8.812909126281738281e-01
-6.222996115684509277e-01
-3.051860928535461426e-01
-7.627060636878013611e-03
1.409410983324050903e-01
2.129411548376083374e-01
2.629465758800506592e-01
1.871075779199600220e-01
1.352291405200958252e-01
1.988137364387512207e-01
1.965003311634063721e-01
1.504707336425781250e-01
1.761590391397476196e-01
1.841350346803665161e-01
1.615208387374877930e-01
1.894786953926086426e-01
1.854160577058792114e-01
1.709985285997390747e-01
2.428231090307235718e-01
2.474481165409088135e-01
2.272218465805053711e-01
3.155104815959930420e-01
2.847703099250793457e-01
1.703608632087707520e-01
1.442212164402008057e-01
6.435319036245346069e-02
3.249025670811533928e-03
4.811651073396205902e-03
-7.572979480028152466e-02
-1.427582353353500366e-01
-1.590276956558227539e-01
-1.714690178632736206e-01
-1.747575253248214722e-01
-1.948503851890563965e-01
-1.748163402080535889e-01
-1.559170782566070557e-01
-2.080683857202529907e-01
-2.121486067771911621e-01
-1.514461934566497803e-01
-1.379423886537551880e-01
-1.635109782218933105e-01
-1.451062858104705811e-01
-1.151313558220863342e-01
-1.267917603254318237e-01
-9.882234036922454834e-02
-6.980006396770477295e-02
-7.728432118892669678e-02
-1.352446712553501129e-02
1.256601233035326004e-02
-2.906786836683750153e-02
-1.202072855085134506e-02
-3.537063254043459892e-03
1.662270538508892059e-02
5.170294642448425293e-02
3.623696044087409973e-02
7.834015041589736938e-02
1.351997256278991699e-01
1.329546719789505005e-01
1.515700072050094604e-01
1.639905273914337158e-01
1.638038307428359985e-01
1.699227839708328247e-01
1.469115912914276123e-01
1.397670805454254150e-01
1.612333953380584717e-01
1.946948915719985962e-01
2.450438439846038818e-01
2.541064023971557617e-01
2.331307828426361084e-01
2.373080551624298096e-01
2.416345477104187012e-01
2.412678748369216919e-01
2.563238143920898438e-01
2.097599655389785767e-01
3.595057129859924316e-02
-1.194971427321434021e-01
-2.325930744409561157e-01
-4.121458530426025391e-01
-4.920784831047058105e-01
-5.372465848922729492e-01
-7.847485542297363281e-01
-9.645882248878479004e-01
-8.565216064453125000e-01
-5.888659954071044922e-01
-2.831007242202758789e-01
-2.750949002802371979e-02
1.492218822240829468e-01
2.113471031188964844e-01
2.194712758064270020e-01
2.628492712974548340e-01
2.467854171991348267e-01
2.126051485538482666e-01
2.215819954872131348e-01
1.999369114637374878e-01
2.001768648624420166e-01
1.973854601383209229e-01
1.600929498672485352e-01
1.799981892108917236e-01
2.096323966979980469e-01
2.141304761171340942e-01
2.194788306951522827e-01
2.260335236787796021e-01
2.347459048032760620e-01
2.204487174749374390e-01
2.337823957204818726e-01
2.182109355926513672e-01
1.042762398719787598e-01
5.110888555645942688e-02
3.315105661749839783e-02
-4.899813979864120483e-02
-1.080116257071495056e-01
-1.369276791810989380e-01
-1.519961208105087280e-01
-1.844398528337478638e-01
-2.436303943395614624e-01
-2.175041437149047852e-01
-1.476345509290695190e-01
-1.554244309663772583e-01
-1.986728161573410034e-01
-1.738359332084655762e-01
-1.142707690596580505e-01
-1.464937031269073486e-01
-1.708139181137084961e-01
-9.532790631055831909e-02
-7.795857638120651245e-02
-1.023958101868629456e-01
-9.108270704746246338e-02
-9.802719205617904663e-02
-6.869043409824371338e-02
-2.620018459856510162e-02
-2.560284733772277832e-02
-1.372104790061712265e-02
-2.130465582013130188e-02
-1.986882649362087250e-02
1.017823908478021622e-02
1.936434209346771240e-02
6.266020238399505615e-02
1.011134162545204163e-01
1.008182093501091003e-01
1.539459079504013062e-01
1.833831220865249634e-01
1.356095224618911743e-01
1.443163454532623291e-01
1.752679198980331421e-01
1.526798903942108154e-01
1.763345748186111450e-01
2.145400643348693848e-01
1.717906445264816284e-01
1.846613734960556030e-01
3.045026063919067383e-01
2.957639992237091064e-01
2.101864069700241089e-01
2.804615497589111328e-01
2.853690683841705322e-01
1.992122679948806763e-01
2.155750542879104614e-01
6.745228916406631470e-02
-2.061809301376342773e-01
-3.065749406814575195e-01
-3.744531273841857910e-01
-4.775674641132354736e-01
-5.842921137809753418e-01
-7.879533767700195312e-01
-9.797794818878173828e-01
-9.265670180320739746e-01
-6.050117015838623047e-01
-2.254272252321243286e-01
4.136791452765464783e-02
1.758231669664382935e-01
2.119880020618438721e-01
2.086739391088485718e-01
2.002571672201156616e-01
2.050220221281051636e-01
2.257799804210662842e-01
2.124379128217697144e-01
1.927911341190338135e-01
1.937018781900405884e-01
1.725251972675323486e-01
1.923000365495681763e-01
2.121080309152603149e-01
1.715299338102340698e-01
2.213707715272903442e-01
2.696340680122375488e-01
2.191637903451919556e-01
2.496912032365798950e-01
2.801398038864135742e-01
2.433093339204788208e-01
2.333844453096389771e-01
1.618350297212600708e-01
4.384635016322135925e-02
-1.548395771533250809e-02
-2.925298921763896942e-02
-8.713242411613464355e-02
-1.732870042324066162e-01
-1.597736924886703491e-01
-1.643034964799880981e-01
-2.278702855110168457e-01
-2.099288851022720337e-01
-2.053743004798889160e-01
-1.900645047426223755e-01
-1.211707442998886108e-01
-1.760227531194686890e-01
-2.312764227390289307e-01
-1.691920608282089233e-01
-1.412244886159896851e-01
-1.126574650406837463e-01
-8.001467585563659668e-02
-1.068619117140769958e-01
-9.015581011772155762e-02
-4.161053523421287537e-02
-4.931555315852165222e-02
-7.835952192544937134e-02
-5.825678259134292603e-02
-2.505446085706353188e-03
3.732040151953697205e-02
5.701363459229469299e-02
3.041396103799343109e-02
3.763583954423666000e-03
5.605942755937576294e-02
1.106894761323928833e-01
1.083585247397422791e-01
1.109796687960624695e-01
1.462270766496658325e-01
1.591584682464599609e-01
1.347417235374450684e-01
1.355287134647369385e-01
1.530376225709915161e-01
1.535458862781524658e-01
1.843292415142059326e-01
2.344459742307662964e-01
2.412463277578353882e-01
2.146757692098617554e-01
2.007754147052764893e-01
2.447644174098968506e-01
2.704640626907348633e-01
2.163866460323333740e-01
2.033683061599731445e-01
1.224048361182212830e-01
-7.530000060796737671e-02
-1.289846897125244141e-01
-2.015739530324935913e-01
-4.022075831890106201e-01
-4.704821705818176270e-01
-5.762943625450134277e-01
-8.009940981864929199e-01
-8.567901849746704102e-01
-7.086770534515380859e-01
-4.287438392639160156e-01
-1.250392943620681763e-01
9.069641679525375366e-02
1.997033208608627319e-01
1.734244227409362793e-01
1.688499748706817627e-01
2.201767712831497192e-01
1.483031660318374634e-01
1.240955293178558350e-01
1.985634565353393555e-01
1.528649032115936279e-01
1.186423376202583313e-01
1.610384434461593628e-01
1.516377329826354980e-01
1.762156486511230469e-01
2.244222015142440796e-01
2.025217562913894653e-01
1.865941882133483887e-01
2.198535054922103882e-01
2.509514093399047852e-01
2.281135767698287964e-01
1.818355172872543335e-01
1.708047091960906982e-01
1.612631827592849731e-01
9.498093277215957642e-02
-1.568099670112133026e-02
-7.846496999263763428e-02
-9.983199089765548706e-02
-1.457917541265487671e-01
-1.738424450159072876e-01
-1.728971302509307861e-01
-1.633091121912002563e-01
-1.512493938207626343e-01
-1.617108285427093506e-01
-1.794539242982864380e-01
-1.847587972879409790e-01
-1.756778061389923096e-01
-1.553864330053329468e-01
-1.462971866130828857e-01
-1.438687145709991455e-01
-1.310684829950332642e-01
-1.181836128234863281e-01
-1.026625335216522217e-01
-6.893949210643768311e-02
-4.084317386150360107e-02
-4.058137163519859314e-02
-2.919136919081211090e-02
4.425641149282455444e-03
1.301333121955394745e-02
-8.841928094625473022e-03
-9.718570858240127563e-03
3.792461007833480835e-02
9.180391579866409302e-02
1.268220096826553345e-01
1.410700678825378418e-01
1.129981130361557007e-01
1.265882998704910278e-01
1.856987029314041138e-01
1.655572950839996338e-01
1.488931775093078613e-01
1.658461689949035645e-01
1.481836587190628052e-01
1.845258027315139771e-01
1.905622184276580811e-01
1.544266641139984131e-01
2.584232389926910400e-01
2.938700914382934570e-01
1.664932221174240112e-01
1.797797679901123047e-01
2.742770612239837646e-01
2.107350975275039673e-01
3.375991806387901306e-02
-1.104193776845932007e-01
-1.824776530265808105e-01
-2.889014184474945068e-01
-4.253308475017547607e-01
-5.291599631309509277e-01
-7.083207368850708008e-01
-8.927461504936218262e-01
-8.270388245582580566e-01
-5.463830828666687012e-01
-2.455673217773437500e-01
-4.246093798428773880e-03
1.318111866712570190e-01
2.008979767560958862e-01
2.297942787408828735e-01
1.919724196195602417e-01
1.760759800672531128e-01
1.869255900382995605e-01
1.669799834489822388e-01
1.575076580047607422e-01
1.539121568202972412e-01
1.815824806690216064e-01
2.112874686717987061e-01
1.622702926397323608e-01
1.613548696041107178e-01
2.095820456743240356e-01
1.837879270315170288e-01
2.042749524116516113e-01
2.711206972599029541e-01
2.704746425151824951e-01
2.713613212108612061e-01
2.272786349058151245e-01
1.157966703176498413e-01
5.539905652403831482e-02
5.092060193419456482e-03
-6.733493506908416748e-02
-1.373324096202850342e-01
-1.612086892127990723e-01
-1.326415836811065674e-01
-1.881083250045776367e-01
-2.398004829883575439e-01
-1.710183024406433105e-01
-1.474798321723937988e-01
-1.817553341388702393e-01
-1.836333870887756348e-01
-1.783394366502761841e-01
-1.356624960899353027e-01
-1.158108785748481750e-01
-1.913173645734786987e-01
-1.962714046239852905e-01
-1.192627623677253723e-01
-8.116245269775390625e-02
-5.721605196595191956e-02
-7.345596700906753540e-02
-5.851453542709350586e-02
1.239230018109083176e-02
-2.046624198555946350e-02
-3.005306981503963470e-02
5.533158779144287109e-02
5.745095759630203247e-02
2.228658646345138550e-02
2.617718093097209930e-02
7.740496844053268433e-02
1.541525870561599731e-01
1.485057771205902100e-01
1.348247230052947998e-01
1.746072024106979370e-01
1.602426320314407349e-01
1.335051208734512329e-01
1.325756609439849854e-01
1.271921843290328979e-01
1.877290904521942139e-01
2.273248732089996338e-01
1.909184008836746216e-01
2.192186266183853149e-01
2.436145991086959839e-01
2.308416068553924561e-01
2.656610608100891113e-01
2.673749327659606934e-01
2.647200524806976318e-01
2.403095066547393799e-01
5.259193107485771179e-02
-1.600105315446853638e-01
-2.858627736568450928e-01
-4.136771857738494873e-01
-5.047821402549743652e-01
-5.948062539100646973e-01
-7.915690541267395020e-01
-9.262564778327941895e-01
-8.338119983673095703e-01
-5.525296330451965332e-01
-1.914717406034469604e-01
3.116942197084426880e-02
9.888231754302978516e-02
2.004744857549667358e-01
2.523702681064605713e-01
1.982222199440002441e-01
1.851757466793060303e-01
2.051930725574493408e-01
1.986454725265502930e-01
1.670365333557128906e-01
1.519895344972610474e-01
1.845319271087646484e-01
1.795140951871871948e-01
1.772305816411972046e-01
2.376686334609985352e-01
2.223868072032928467e-01
2.214981317520141602e-01
3.125657737255096436e-01
2.855942249298095703e-01
2.329395115375518799e-01
2.549832761287689209e-01
1.865535676479339600e-01
1.222431361675262451e-01
1.253515034914016724e-01
3.957514464855194092e-02
-7.762764394283294678e-02
-1.124999970197677612e-01
-1.382304280996322632e-01
-1.918470710515975952e-01
-1.962632983922958374e-01
-1.742349714040756226e-01
-2.068499922752380371e-01
-2.224334031343460083e-01
-1.942159831523895264e-01
-1.847952455282211304e-01
-1.750515997409820557e-01
-1.836576759815216064e-01
-1.950342506170272827e-01
-1.617759466171264648e-01
-1.425852626562118530e-01
-1.345622390508651733e-01
-1.173520758748054504e-01
-1.196459159255027771e-01
-8.857893198728561401e-02
-1.174480374902486801e-02
4.116653464734554291e-03
-4.035597294569015503e-02
-3.393748775124549866e-02
-7.239978294819593430e-03
-4.637625999748706818e-03
3.202753514051437378e-02
8.267875015735626221e-02
1.177661269903182983e-01
1.464734375476837158e-01
1.672533452510833740e-01
1.800006777048110962e-01
1.584374457597732544e-01
1.631663888692855835e-01
2.030763328075408936e-01
1.650733947753906250e-01
1.346416324377059937e-01
1.929692476987838745e-01
2.206970304250717163e-01
2.070931792259216309e-01
2.212623357772827148e-01
2.315107882022857666e-01
2.488781213760375977e-01
2.745881676673889160e-01
2.423565238714218140e-01
2.734767794609069824e-01
2.940294742584228516e-01
2.166749536991119385e-02
-2.415864467620849609e-01
-2.808348536491394043e-01
-3.970781266689300537e-01
-5.173821449279785156e-01
-5.743499994277954102e-01
-7.822760343551635742e-01
-9.743871688842773438e-01
-8.884036540985107422e-01
-5.647137761116027832e-01
-2.012262344360351562e-01
3.292733803391456604e-02
1.797581464052200317e-01
2.524089217185974121e-01
2.055635899305343628e-01
1.853320598602294922e-01
2.062046080827713013e-01
1.871509701013565063e-01
1.888289302587509155e-01
1.994181871414184570e-01
2.177167981863021851e-01
2.200598269701004028e-01
1.596165299415588379e-01
1.704593598842620850e-01
2.262238562107086182e-01
1.980635225772857666e-01
2.120402753353118896e-01
2.708444893360137939e-01
2.447067946195602417e-01
2.393279969692230225e-01
2.678060829639434814e-01
2.038348764181137085e-01
1.257218718528747559e-01
6.899995356798171997e-02
-1.887749135494232178e-02
-6.525699794292449951e-02
-8.603350073099136353e-02
-1.360753923654556274e-01
-1.708896309137344360e-01
-1.873902380466461182e-01
-1.927537322044372559e-01
-2.054452002048492432e-01
-2.155919522047042847e-01
-1.836177259683609009e-01
-1.864930242300033569e-01
-2.287408709526062012e-01
-1.954984366893768311e-01
-1.238472834229469299e-01
-1.234843954443931580e-01
-1.515460759401321411e-01
-1.448789238929748535e-01
-1.160891428589820862e-01
-6.562520563602447510e-02
-4.967576637864112854e-02
-6.595063209533691406e-02
-3.725210577249526978e-02
-2.053942158818244934e-02
-5.275927484035491943e-03
2.975641563534736633e-02
6.057615391910076141e-03
2.966946549713611603e-02
9.844385832548141479e-02
8.648855984210968018e-02
1.092937663197517395e-01
1.729410290718078613e-01
1.839853525161743164e-01
1.782721579074859619e-01
1.537599712610244751e-01
1.294109821319580078e-01
1.349431127309799194e-01
1.568788588047027588e-01
1.916884332895278931e-01
1.995034813880920410e-01
2.125086635351181030e-01
2.752600014209747314e-01
2.597953081130981445e-01
2.103736400604248047e-01
2.731314301490783691e-01
3.088932931423187256e-01
2.955726385116577148e-01
2.622370123863220215e-01
5.937673896551132202e-02
-1.681822240352630615e-01
-2.936807870864868164e-01
-4.409025311470031738e-01
-5.193014144897460938e-01
-5.709118247032165527e-01
-8.009637594223022461e-01
-9.866985678672790527e-01
-8.694663047790527344e-01
-6.089299917221069336e-01
-3.283338546752929688e-01
-1.983657293021678925e-02
1.619770526885986328e-01
1.993580609560012817e-01
2.322756201028823853e-01
2.493497133255004883e-01
2.326713353395462036e-01
1.949532628059387207e-01
1.871224939823150635e-01
2.277717888355255127e-01
1.944870948791503906e-01
1.575390994548797607e-01
1.970281153917312622e-01
1.924878507852554321e-01
1.965909600257873535e-01
2.361219823360443115e-01
2.411387413740158081e-01
2.466427236795425415e-01
2.351614981889724731e-01
2.433992624282836914e-01
2.685488164424896240e-01
2.017446160316467285e-01
1.478035748004913330e-01
1.280809938907623291e-01
2.130429260432720184e-02
-5.198440328240394592e-02
-8.454012125730514526e-02
-1.588330417871475220e-01
-1.483813971281051636e-01
-1.342472136020660400e-01
-1.931938976049423218e-01
-1.935877799987792969e-01
-1.827716380357742310e-01
-1.943211555480957031e-01
-1.898728609085083008e-01
-1.736254543066024780e-01
-1.465547084808349609e-01
-1.637761741876602173e-01
-1.744572222232818604e-01
-1.530554294586181641e-01
-1.493287384510040283e-01
-1.044708639383316040e-01
-8.990774303674697876e-02
-1.162681132555007935e-01
-7.452400028705596924e-02
-5.139036476612091064e-02
-3.778344765305519104e-02
-1.272642239928245544e-02
-2.085193991661071777e-02
2.195440605282783508e-02
3.491387516260147095e-02
2.091274783015251160e-02
8.296048641204833984e-02
9.605653584003448486e-02
1.181607842445373535e-01
1.963344514369964600e-01
1.852768659591674805e-01
1.387100219726562500e-01
1.284952610731124878e-01
1.476194262504577637e-01
1.609686464071273804e-01
1.367299109697341919e-01
1.699347943067550659e-01
2.452179789543151855e-01
2.536398470401763916e-01
2.260477989912033081e-01
2.159445434808731079e-01
2.349604070186614990e-01
2.397195100784301758e-01
2.182611823081970215e-01
2.269712239503860474e-01
1.471708863973617554e-01
-4.089824482798576355e-02
-1.545545458793640137e-01
-2.749516665935516357e-01
-4.210399091243743896e-01
-4.936363101005554199e-01
-6.633917093276977539e-01
-8.677951693534851074e-01
-8.621150851249694824e-01
-6.781642436981201172e-01
-3.875900804996490479e-01
-7.691199332475662231e-02
1.301096975803375244e-01
2.194527387619018555e-01
2.312489598989486694e-01
2.086315751075744629e-01
1.983564198017120361e-01
1.822775304317474365e-01
1.479890793561935425e-01
1.717253029346466064e-01
1.870658546686172485e-01
1.427726894617080688e-01
1.599464863538742065e-01
2.057452499866485596e-01
2.042980939149856567e-01
1.804838180541992188e-01
1.832665205001831055e-01
2.318667918443679810e-01
2.344463914632797241e-01
2.094542235136032104e-01
2.248975783586502075e-01
2.032416015863418579e-01
1.563561707735061646e-01
1.022893786430358887e-01
-6.983916973695158958e-04
-5.693215876817703247e-02
-8.391594886779785156e-02
-1.675828695297241211e-01
-2.101139724254608154e-01
-1.987304836511611938e-01
-1.656027287244796753e-01
-1.367800831794738770e-01
-2.068641632795333862e-01
-2.488270998001098633e-01
-1.741801649332046509e-01
-1.734018176794052124e-01
-2.311015129089355469e-01
-1.813155561685562134e-01
-1.178135797381401062e-01
-1.177425161004066467e-01
-6.666591763496398926e-02
-5.232881754636764526e-03
-2.296633273363113403e-02
-3.632272779941558838e-02
-1.863528415560722351e-02
3.618099959567189217e-03
2.213641069829463959e-02
-2.957845339551568031e-03
6.901865825057029724e-03
1.031071022152900696e-01
1.144642010331153870e-01
3.237757459282875061e-02
4.716896638274192810e-02
1.082325428724288940e-01
1.319601833820343018e-01
1.422013938426971436e-01
9.631462395191192627e-02
1.090400144457817078e-01
1.749115437269210815e-01
1.145060285925865173e-01
8.009791374206542969e-02
1.296276152133941650e-01
1.363166719675064087e-01
1.702046841382980347e-01
1.935581266880035400e-01
1.786305159330368042e-01
2.044560760259628296e-01
2.035361379384994507e-01
1.964099109172821045e-01
2.427428066730499268e-01
2.119970619678497314e-01
4.400366544723510742e-02
-9.016165882349014282e-02
-1.554504930973052979e-01
-2.943390905857086182e-01
-3.899630606174468994e-01
-4.272550940513610840e-01
-6.308632493019104004e-01
-8.601225018501281738e-01
-8.642075061798095703e-01
-6.282351016998291016e-01
-2.726677060127258301e-01
-2.893128618597984314e-02
7.848308980464935303e-02
1.794512718915939331e-01
2.135808616876602173e-01
1.734371483325958252e-01
1.885239928960800171e-01
2.351144999265670776e-01
2.117775827646255493e-01
1.497715413570404053e-01
1.638080924749374390e-01
2.229673117399215698e-01
1.734105348587036133e-01
9.342363476753234863e-02
1.441906243562698364e-01
2.309178560972213745e-01
2.324575185775756836e-01
1.970092505216598511e-01
2.242224365472793579e-01
2.763768732547760010e-01
2.352414131164550781e-01
1.973166465759277344e-01
2.199629843235015869e-01
1.080523729324340820e-01
-4.330509528517723083e-02
-3.743587806820869446e-02
-6.778912991285324097e-02
-1.604706645011901855e-01
-1.552220135927200317e-01
-1.591390520334243774e-01
-1.876816749572753906e-01
-1.714956015348434448e-01
-1.927862763404846191e-01
-2.212288230657577515e-01
-2.020255923271179199e-01
-1.805623620748519897e-01
-1.592994630336761475e-01
-1.253253817558288574e-01
-9.202721714973449707e-02
-1.057367473840713501e-01
-1.491163372993469238e-01
-1.271617859601974487e-01
-6.443472951650619507e-02
-5.892955139279365540e-02
-9.308278560638427734e-02
-6.331472843885421753e-02
6.225477438420057297e-03
3.826479194685816765e-03
-1.644184254109859467e-02
1.300801150500774384e-02
4.920681193470954895e-02
3.895209357142448425e-02
1.756656356155872345e-02
1.018293723464012146e-01
1.928052306175231934e-01
1.787137836217880249e-01
1.702213138341903687e-01
1.689378172159194946e-01
1.431441754102706909e-01
1.239584311842918396e-01
1.214509159326553345e-01
1.799393743276596069e-01
2.411286979913711548e-01
2.415767908096313477e-01
2.256341725587844849e-01
2.078805565834045410e-01
2.415300756692886353e-01
2.584201991558074951e-01
1.950254142284393311e-01
2.279541045427322388e-01
2.136327177286148071e-01
-9.061786346137523651e-03
-1.624247431755065918e-01
-2.590781152248382568e-01
-3.916163444519042969e-01
-4.487358331680297852e-01
-6.043578386306762695e-01
-8.235788345336914062e-01
-8.652387857437133789e-01
-7.743224501609802246e-01
-5.068324804306030273e-01
-1.503634750843048096e-01
5.665126815438270569e-02
1.676973998546600342e-01
2.022499144077301025e-01
1.875235140323638916e-01
2.275175899267196655e-01
2.345393598079681396e-01
2.058797329664230347e-01
1.967852711677551270e-01
1.724686026573181152e-01
1.782896369695663452e-01
1.867764890193939209e-01
1.620650887489318848e-01
1.621043682098388672e-01
1.681176275014877319e-01
1.909668296575546265e-01
2.322690933942794800e-01
2.368848621845245361e-01
2.429478168487548828e-01
2.558119893074035645e-01
2.381314784288406372e-01
1.989029943943023682e-01
1.429596245288848877e-01
8.181627839803695679e-02
1.698781561572104692e-04
-6.691227108240127563e-02
-1.057886704802513123e-01
-1.882782876491546631e-01
-2.180975824594497681e-01
-1.630491018295288086e-01
-1.772003322839736938e-01
-2.300981432199478149e-01
-2.359654754400253296e-01
-2.120300680398941040e-01
-1.894014328718185425e-01
-1.773376911878585815e-01
-1.362098008394241333e-01
-1.253363490104675293e-01
-1.792448610067367554e-01
-1.632066965103149414e-01
-1.120348051190376282e-01
-1.182040423154830933e-01
-5.985670909285545349e-02
1.580814644694328308e-02
-3.710170462727546692e-02
-6.221359968185424805e-02
1.235252129845321178e-03
2.540186746045947075e-03
-1.420832611620426178e-02
1.780901290476322174e-02
3.211484476923942566e-02
4.756971076130867004e-02
1.049423888325691223e-01
1.670690327882766724e-01
1.960969716310501099e-01
1.645094156265258789e-01
1.373804658651351929e-01
1.662683486938476562e-01
1.505281627178192139e-01
1.110800206661224365e-01
1.509621441364288330e-01
1.991670578718185425e-01
1.978846490383148193e-01
2.256194353103637695e-01
2.816881537437438965e-01
2.735480070114135742e-01
2.536451816558837891e-01
2.575517296791076660e-01
2.281342744827270508e-01
2.683322131633758545e-01
2.491725087165832520e-01
-9.878407232463359833e-03
-1.821999400854110718e-01
-2.632684409618377686e-01
-4.566077291965484619e-01
-5.351077318191528320e-01
-6.239408254623413086e-01
-8.608905673027038574e-01
-9.558577537536621094e-01
-8.329414725303649902e-01
-5.182004570960998535e-01
-1.604493707418441772e-01
2.934014797210693359e-02
1.382247358560562134e-01
2.294853776693344116e-01
2.615527510643005371e-01
2.194515317678451538e-01
1.739534139633178711e-01
2.223229408264160156e-01
2.228685617446899414e-01
1.736453175544738770e-01
2.234694063663482666e-01
2.158912718296051025e-01
1.313672810792922974e-01
1.475543081760406494e-01
2.264838367700576782e-01
2.502809166908264160e-01
2.158002257347106934e-01
2.291700690984725952e-01
2.550423145294189453e-01
2.190715074539184570e-01
2.260043919086456299e-01
2.257538884878158569e-01
1.466164290904998779e-01
8.411881327629089355e-02
1.147531089372932911e-03
-9.478449821472167969e-02
-1.194143220782279968e-01
-1.660029143095016479e-01
-2.120889723300933838e-01
-1.717241108417510986e-01
-1.820567846298217773e-01
-2.491115331649780273e-01
-2.212398946285247803e-01
-1.534904986619949341e-01
-1.599897593259811401e-01
-1.874390244483947754e-01
-1.689104139804840088e-01
-1.444278657436370850e-01
-1.352190226316452026e-01
-1.211506351828575134e-01
-9.371700882911682129e-02
-6.848438084125518799e-02
-9.724001586437225342e-02
-9.625006467103958130e-02
-1.868515647947788239e-02
-2.016646042466163635e-02
-1.940428093075752258e-02
4.158813878893852234e-02
1.821394823491573334e-02
7.114942185580730438e-03
1.678469404578208923e-02
3.318644687533378601e-02
1.438309848308563232e-01
1.642785966396331787e-01
1.207620278000831604e-01
1.506503075361251831e-01
1.446569710969924927e-01
1.527773141860961914e-01
1.606828123331069946e-01
1.197755411267280579e-01
1.600947827100753784e-01
2.020399123430252075e-01
1.943985968828201294e-01
2.301496267318725586e-01
2.520098686218261719e-01
2.654172778129577637e-01
2.908819019794464111e-01
2.447667270898818970e-01
2.291923612356185913e-01
2.912193834781646729e-01
1.862962692975997925e-01
-7.755172252655029297e-02
-2.432456761598587036e-01
-3.417064845561981201e-01
-4.513882100582122803e-01
-5.527502298355102539e-01
-7.442821860313415527e-01
-9.504587650299072266e-01
-9.508011937141418457e-01
-7.267870306968688965e-01
-3.942465186119079590e-01
-8.080165833234786987e-02
1.385228335857391357e-01
2.286753058433532715e-01
2.439766526222229004e-01
2.458183467388153076e-01
1.963710486888885498e-01
1.938546150922775269e-01
2.386202365159988403e-01
1.790266335010528564e-01
1.662895083427429199e-01
2.319106310606002808e-01
1.920725554227828979e-01
1.736781448125839233e-01
2.095195651054382324e-01
1.856955140829086304e-01
2.193507701158523560e-01
2.769944369792938232e-01
2.558360397815704346e-01
2.845065295696258545e-01
3.250871002674102783e-01
2.488137483596801758e-01
1.622342914342880249e-01
9.268645197153091431e-02
-6.046867463737726212e-03
-5.901113897562026978e-02
-7.422133535146713257e-02
-1.115284487605094910e-01
-1.757992655038833618e-01
-2.209992110729217529e-01
-1.897975653409957886e-01
-1.655641347169876099e-01
-1.980792135000228882e-01
-2.138750255107879639e-01
-2.018078714609146118e-01
-1.813588589429855347e-01
-1.859548836946487427e-01
-1.875374019145965576e-01
-1.451019942760467529e-01
-1.492915153503417969e-01
-1.674180179834365845e-01
-1.228319332003593445e-01
-9.737674891948699951e-02
-7.177073508501052856e-02
-2.890002168715000153e-02
-4.970465973019599915e-02
-5.457846075296401978e-02
-1.545124035328626633e-02
-2.701175957918167114e-02
-5.446466151624917984e-03
6.323941051959991455e-02
4.428021609783172607e-02
2.877494134008884430e-02
8.585702627897262573e-02
1.280860155820846558e-01
1.704882234334945679e-01
1.790437847375869751e-01
1.416908502578735352e-01
1.364221274852752686e-01
1.191167458891868591e-01
1.216316521167755127e-01
2.072499692440032959e-01
2.351739257574081421e-01
2.024501413106918335e-01
2.408602982759475708e-01
2.560801208019256592e-01
2.037946581840515137e-01
2.092212587594985962e-01
2.643882334232330322e-01
3.151457607746124268e-01
2.850925624370574951e-01
8.926105499267578125e-02
-9.334267675876617432e-02
-1.575833708047866821e-01
-2.701727747917175293e-01
-4.213973879814147949e-01
-5.164998173713684082e-01
-6.490597128868103027e-01
-8.398199677467346191e-01
-8.748235106468200684e-01
-6.196573972702026367e-01
-2.560639679431915283e-01
-5.395556800067424774e-04
1.348063945770263672e-01
2.082447558641433716e-01
2.363595664501190186e-01
2.087615281343460083e-01
1.608561873435974121e-01
1.548974364995956421e-01
1.727441847324371338e-01
1.699203699827194214e-01
1.232185810804367065e-01
9.385581314563751221e-02
1.613522320985794067e-01
1.862658709287643433e-01
1.368506997823715210e-01
1.683366894721984863e-01
1.842383742332458496e-01
1.506808400154113770e-01
1.953070908784866333e-01
2.504971027374267578e-01
2.412556707859039307e-01
1.629290133714675903e-01
5.633415654301643372e-02
2.090975642204284668e-02
-2.209147624671459198e-02
-1.288300454616546631e-01
-1.587194204330444336e-01
-1.360188126564025879e-01
-1.609411537647247314e-01
-1.729774177074432373e-01
-1.694805175065994263e-01
-1.937337815761566162e-01
-1.894065290689468384e-01
-1.436115354299545288e-01
-1.176642552018165588e-01
-1.190472617745399475e-01
-1.371422708034515381e-01
-1.445044428110122681e-01
-1.042603626847267151e-01
-8.087591826915740967e-02
-9.228309243917465210e-02
-5.420544743537902832e-02
-6.438774522393941879e-03
-1.245850883424282074e-02
-3.174929693341255188e-02
-3.059251233935356140e-02
3.849235130473971367e-03
6.113816052675247192e-02
9.965877234935760498e-02
9.272687882184982300e-02
7.599179446697235107e-02
9.927759319543838501e-02
1.235892698168754578e-01
1.397511810064315796e-01
1.667861342430114746e-01
1.587173193693161011e-01
1.577135622501373291e-01
1.799845099449157715e-01
1.501777917146682739e-01
1.395850479602813721e-01
1.521909087896347046e-01
1.397395730018615723e-01
1.936559379100799561e-01
2.279282212257385254e-01
1.765636652708053589e-01
1.919465810060501099e-01
2.272139638662338257e-01
1.911203265190124512e-01
1.938145458698272705e-01
1.711523383855819702e-01
-8.998298086225986481e-03
-1.525073051452636719e-01
-2.041897624731063843e-01
-3.327551782131195068e-01
-4.509510695934295654e-01
-5.594968199729919434e-01
-7.541276216506958008e-01
-8.788976669311523438e-01
-8.535240888595581055e-01
-6.677834391593933105e-01
-3.488081991672515869e-01
-8.020103722810745239e-02
8.589033037424087524e-02
1.686502546072006226e-01
1.442892104387283325e-01
1.433696150779724121e-01
1.956575959920883179e-01
1.642672568559646606e-01
1.308171600103378296e-01
1.759462654590606689e-01
1.657441705465316772e-01
1.225154474377632141e-01
1.691081523895263672e-01
2.195708751678466797e-01
2.062981128692626953e-01
2.389037162065505981e-01
2.941709756851196289e-01
3.004086017608642578e-01
3.252992331981658936e-01
3.434877395629882812e-01
3.209081292152404785e-01
3.017693161964416504e-01
2.465369403362274170e-01
1.607891321182250977e-01
1.029193773865699768e-01
4.579602554440498352e-02
-3.043926879763603210e-02
-6.551209837198257446e-02
-7.010214030742645264e-02
-1.011017188429832458e-01
-9.184599667787551880e-02
-8.453278243541717529e-02
-1.556008011102676392e-01
-1.698692291975021362e-01
-1.720358878374099731e-01
-2.238420993089675903e-01
-1.831239163875579834e-01
-1.313463449478149414e-01
-1.684686690568923950e-01
-1.893813014030456543e-01
-1.520731300115585327e-01
-1.290786713361740112e-01
-1.916626691818237305e-01
-2.044286429882049561e-01
-1.221603751182556152e-01
-1.393830031156539917e-01
-1.678557097911834717e-01
-1.167785301804542542e-01
-1.135515943169593811e-01
-9.080659598112106323e-02
-5.038754642009735107e-02
-5.001353099942207336e-02
-1.340161915868520737e-02
2.269846014678478241e-02
4.445994645357131958e-02
5.711042881011962891e-02
4.586721584200859070e-02
9.071429073810577393e-02
1.041777655482292175e-01
6.459783017635345459e-02
1.301027089357376099e-01
2.050697505474090576e-01
2.067726701498031616e-01
2.696314752101898193e-01
3.361993730068206787e-01
3.192330896854400635e-01
3.587286174297332764e-01
4.393487572669982910e-01
4.084094166755676270e-01
2.943676710128784180e-01
1.600511819124221802e-01
3.459184989333152771e-02
-9.332334250211715698e-02
-1.988606303930282593e-01
-2.579757869243621826e-01
-4.129103422164916992e-01
-6.327852606773376465e-01
-7.298941016197204590e-01
-6.406784057617187500e-01
-3.435808718204498291e-01
-4.145581647753715515e-02
1.419177949428558350e-01
2.787322700023651123e-01
2.769479751586914062e-01
2.321464717388153076e-01
2.350379377603530884e-01
1.195746958255767822e-01
5.136526376008987427e-02
7.602791488170623779e-02
-1.413410715758800507e-02
-4.623512923717498779e-02
-1.287282817065715790e-02
-1.047759279608726501e-01
-1.189284175634384155e-01
-6.638759374618530273e-02
-8.587849140167236328e-02
-7.316649705171585083e-02
-6.740572303533554077e-02
-8.755888789892196655e-02
