-5.362114403396844864e-03
1.389133371412754059e-02
6.204936280846595764e-02
3.796426206827163696e-02
-1.614531356608495116e-05
2.266460098326206207e-02
5.322708934545516968e-02
2.382140010595321655e-01
4.345881342887878418e-01
2.625138759613037109e-01
-8.081807196140289307e-02
-2.053198963403701782e-01
-1.768263280391693115e-01
-1.179491728544235229e-01
-7.347405701875686646e-02
-1.015455424785614014e-01
-1.340112984180450439e-01
-1.190496161580085754e-01
-1.044036373496055603e-01
-8.024052530527114868e-02
-6.444577872753143311e-02
-8.262477815151214600e-02
-8.532158285379409790e-02
-5.713097751140594482e-02
-4.072437062859535217e-02
-4.498782008886337280e-02
-3.722029179334640503e-02
-4.553834721446037292e-02
-8.111680299043655396e-02
-4.921347647905349731e-02
1.219148561358451843e-02
2.833607979118824005e-02
2.121483162045478821e-02
3.806524723768234253e-02
1.495997756719589233e-01
2.443333119153976440e-01
2.410526871681213379e-01
2.521503269672393799e-01
2.227224856615066528e-01
1.912088245153427124e-01
2.449710369110107422e-01
1.988198161125183105e-01
1.271023601293563843e-01
1.527190357446670532e-01
7.874954491853713989e-02
-1.179865468293428421e-02
-2.052679657936096191e-02
-1.066336035728454590e-01
-2.006016522645950317e-01
-2.049097865819931030e-01
-1.969119906425476074e-01
-2.091460525989532471e-01
-2.339095324277877808e-01
-2.397268712520599365e-01
-2.288732081651687622e-01
-2.225609570741653442e-01
-1.642777174711227417e-01
-8.365016430616378784e-02
-6.500374525785446167e-02
-3.339708968997001648e-02
5.949068441987037659e-02
1.167621240019798279e-01
1.110306307673454285e-01
1.054333597421646118e-01
9.323429316282272339e-02
7.749911397695541382e-02
8.385423570871353149e-02
5.191117897629737854e-02
7.938743568956851959e-03
2.974011749029159546e-02
4.167428985238075256e-02
1.203883998095989227e-02
-1.020226860418915749e-03
2.036528661847114563e-03
1.969916513189673424e-03
-8.416737429797649384e-03
-2.050656825304031372e-03
2.983968891203403473e-02
3.761893883347511292e-02
1.862016879022121429e-02
1.800392195582389832e-02
4.927853122353553772e-02
4.891186580061912537e-02
5.570170935243368149e-03
7.270818110555410385e-03
2.634279802441596985e-02
1.385520864278078079e-02
1.047019939869642258e-02
-1.394528429955244064e-02
-3.929971158504486084e-02
-1.836836338043212891e-02
-2.174083329737186432e-02
-4.120872542262077332e-02
-4.159551858901977539e-02
7.380447816103696823e-03
2.131627798080444336e-01
3.510529100894927979e-01
1.081626787781715393e-01
-2.159421145915985107e-01
-2.553670406341552734e-01
-1.418494880199432373e-01
-5.951409786939620972e-02
-3.317771479487419128e-02
-2.749375440180301666e-02
8.095744997262954712e-03
3.466100990772247314e-02
2.374834194779396057e-02
2.572111785411834717e-02
1.447817869484424591e-02
-1.333918515592813492e-02
-1.551127643324434757e-03
-1.169299427419900894e-02
-3.989548608660697937e-02
-3.042893670499324799e-02
-5.610550567507743835e-02
-7.938312739133834839e-02
-5.305124819278717041e-02
-5.982529744505882263e-02
-6.691671907901763916e-02
-2.699693478643894196e-02
9.302728809416294098e-03
2.925014868378639221e-02
3.482215106487274170e-02
3.708891570568084717e-02
4.896908625960350037e-02
5.605158582329750061e-02
4.694259911775588989e-02
2.252063527703285217e-02
3.357413783669471741e-02
6.941659748554229736e-02
4.807820171117782593e-02
2.451088745146989822e-03
-8.242954500019550323e-03
1.219683210365474224e-03
1.681568287312984467e-02
2.260070294141769409e-02
5.553173832595348358e-03
8.643043111078441143e-04
6.806394085288047791e-03
-7.712960243225097656e-03
-9.480482898652553558e-03
1.195269171148538589e-02
3.888072445988655090e-02
4.427841305732727051e-02
-1.188355265185236931e-03
-1.584457419812679291e-02
2.164891920983791351e-02
2.061573229730129242e-02
9.102039039134979248e-03
5.736980587244033813e-03
-2.274066954851150513e-02
-3.099284693598747253e-02
-4.253764078021049500e-02
-6.155182793736457825e-02
-3.567238524556159973e-02
-5.152861028909683228e-02
-8.765850216150283813e-02
-5.417209863662719727e-02
-4.192174226045608521e-02
-4.793053492903709412e-02
-4.322666674852371216e-02
1.272342074662446976e-02
2.716832160949707031e-01
4.452787637710571289e-01
1.798577308654785156e-01
-1.649104356765747070e-01
-2.552880942821502686e-01
-2.091699242591857910e-01
-9.867018461227416992e-02
-8.361502550542354584e-03
-8.982524275779724121e-03
-1.266630738973617554e-02
-1.399421505630016327e-02
-2.260535769164562225e-02
-6.902304943650960922e-03
-1.595666073262691498e-02
-2.431789413094520569e-02
8.577163331210613251e-03
2.167638391256332397e-02
5.331557709723711014e-03
-2.303851209580898285e-02
-2.693965099751949310e-02
1.807636767625808716e-02
3.223823010921478271e-02
1.217856630682945251e-02
2.308863773941993713e-02
3.728432953357696533e-02
2.643795683979988098e-02
1.478264573961496353e-02
2.420727163553237915e-02
5.317571014165878296e-02
7.517118752002716064e-02
6.130675971508026123e-02
4.704601317644119263e-02
5.184376612305641174e-02
2.518181316554546356e-02
2.286896854639053345e-02
3.903999924659729004e-02
-1.954746805131435394e-02
-2.754099667072296143e-02
2.506984211504459381e-02
4.575239494442939758e-03
-7.693346124142408371e-03
-1.722928509116172791e-02
-6.442140787839889526e-02
-3.847044333815574646e-02
-8.995033800601959229e-03
-2.936761081218719482e-02
-2.924876753240823746e-03
-9.355873800814151764e-03
-5.116137489676475525e-02
-1.147865597158670425e-02
1.261308440007269382e-03
-4.923097416758537292e-02
-4.932181537151336670e-02
-4.111990705132484436e-02
-6.172464787960052490e-02
-5.760325118899345398e-02
-3.987351432442665100e-02
-3.961244225502014160e-02
-5.591522902250289917e-02
-4.984702542424201965e-02
-1.815916597843170166e-02
-2.651620842516422272e-02
-3.131529688835144043e-02
-1.554576959460973740e-02
-1.954627409577369690e-02
1.584591269493103027e-01
4.408682882785797119e-01
3.280254900455474854e-01
-6.258776783943176270e-02
-2.135951668024063110e-01
-1.526800841093063354e-01
-8.330217003822326660e-02
-2.328437566757202148e-02
1.342402398586273193e-02
5.133531615138053894e-02
7.994286715984344482e-02
4.962692409753799438e-02
7.396480068564414978e-03
-3.894002875313162804e-03
5.431194324046373367e-03
2.126790024340152740e-02
2.545401267707347870e-02
1.886583305895328522e-02
1.202450320124626160e-02
6.404623854905366898e-04
-1.723468676209449768e-02
-1.982373744249343872e-02
-1.165192760527133942e-02
-1.831266283988952637e-02
-2.332706004381179810e-02
-2.488590963184833527e-02
-3.649884089827537537e-02
-3.019507601857185364e-02
-1.361233647912740707e-02
-1.533596590161323547e-02
-9.279643185436725616e-03
-2.337116515263915062e-03
4.064367385581135750e-05
1.060668379068374634e-02
-3.925652708858251572e-03
-5.775149911642074585e-03
2.028870210051536560e-02
1.796210743486881256e-02
1.919913664460182190e-02
2.408644929528236389e-02
1.340668648481369019e-02
1.457434799522161484e-02
1.170849334448575974e-02
1.983114331960678101e-02
1.757854595780372620e-02
-1.743840985000133514e-02
-1.617233268916606903e-02
-1.582715776748955250e-03
-9.725448675453662872e-03
-2.437999844551086426e-02
-4.432707279920578003e-02
-3.837680071592330933e-02
-2.604963257908821106e-02
-3.032627515494823456e-02
-3.424082696437835693e-02
-4.037127643823623657e-02
-2.995206788182258606e-02
-2.836174517869949341e-02
-4.532087594270706177e-02
-3.187478706240653992e-02
-3.258047997951507568e-02
-5.384341627359390259e-02
-3.323657810688018799e-02
-2.265217900276184082e-02
-2.892224118113517761e-02
-9.285330772399902344e-03
5.965775344520807266e-03
1.477318406105041504e-01
4.381655454635620117e-01
4.613795876502990723e-01
1.357024759054183960e-01
-1.059283018112182617e-01
-1.461004316806793213e-01
-8.599087595939636230e-02
2.608214877545833588e-02
4.635463282465934753e-02
3.052461659535765648e-03
9.505405090749263763e-03
-3.391158301383256912e-03
-5.318078398704528809e-02
-7.957542687654495239e-02
-7.742460817098617554e-02
-6.531002372503280640e-02
-6.385675072669982910e-02
-7.777226716279983521e-02
-1.037029847502708435e-01
-9.457546472549438477e-02
-4.829953983426094055e-02
-4.492332786321640015e-02
-5.990806594491004944e-02
-3.825870528817176819e-02
-1.158599648624658585e-02
-8.338700281456112862e-04
3.146396949887275696e-02
6.615045666694641113e-02
3.577421605587005615e-02
1.367700379341840744e-02
4.808815196156501770e-02
5.312547832727432251e-02
4.836003482341766357e-02
5.491839349269866943e-02
1.904832758009433746e-02
-6.406622007489204407e-03
9.478039108216762543e-03
1.535453554242849350e-02
1.848017424345016479e-02
1.940584927797317505e-02
6.450963672250509262e-03
1.223448850214481354e-02
3.598384931683540344e-02
2.690977416932582855e-02
-2.049852721393108368e-02
-2.566113695502281189e-02
1.001510489732027054e-02
5.968719720840454102e-03
-1.004993356764316559e-02
-1.086724270135164261e-02
-3.504117485135793686e-03
1.675936765968799591e-02
8.516279049217700958e-03
-9.915541857481002808e-03
-1.425919868052005768e-02
-3.150724247097969055e-02
-4.219558462500572205e-02
-4.526443406939506531e-02
-3.560545668005943298e-02
-1.605777256190776825e-02
-2.558329887688159943e-02
-1.308710221201181412e-02
1.866553165018558502e-02
8.077860809862613678e-03
2.221200056374073029e-02
5.415173992514610291e-02
3.071694076061248779e-02
6.037158425897359848e-03
2.066140063107013702e-03
-4.788463003933429718e-03
1.024571806192398071e-02
1.509443391114473343e-02
-2.262170612812042236e-02
-4.341915622353553772e-02
-3.265779465436935425e-02
-2.190446481108665466e-02
-2.400434762239456177e-02
-5.638086050748825073e-02
-6.961616128683090210e-02
-4.637911170721054077e-02
1.863025687634944916e-02
2.222738564014434814e-01
3.851670622825622559e-01
2.119422405958175659e-01
-9.505518525838851929e-02
-1.808701008558273315e-01
-1.237629354000091553e-01
-1.016025841236114502e-01
-4.045465588569641113e-02
1.884639635682106018e-02
-3.675694018602371216e-02
-4.655665159225463867e-02
2.698321826756000519e-02
2.458817325532436371e-02
-4.763456992805004120e-03
-1.649943925440311432e-02
-4.632168635725975037e-02
-2.712307125329971313e-02
-4.931898787617683411e-03
-3.530903160572052002e-02
-1.753437146544456482e-02
2.211289666593074799e-02
1.290702912956476212e-02
7.143412949517369270e-04
-6.722663063555955887e-03
8.007373544387519360e-04
2.610806934535503387e-02
2.334280870854854584e-02
2.630069293081760406e-02
4.276743903756141663e-02
2.935228683054447174e-02
3.384624794125556946e-02
4.437219351530075073e-02
1.354462001472711563e-02
4.766690544784069061e-03
5.880599375814199448e-03
-2.937928028404712677e-02
-4.045948386192321777e-02
-2.183349989354610443e-02
-2.190044708549976349e-02
-2.615782618522644043e-02
-1.403644960373640060e-02
4.689236171543598175e-03
1.032192818820476532e-02
-5.933369044214487076e-03
-1.067296043038368225e-02
1.046976167708635330e-02
2.720998972654342651e-02
3.278914093971252441e-02
2.501239441335201263e-02
1.227136887609958649e-02
8.968234760686755180e-04
-2.474251948297023773e-02
-3.099732287228107452e-02
-2.329450473189353943e-02
-4.324323683977127075e-02
-4.784554988145828247e-02
-2.343584410846233368e-02
-1.885663531720638275e-02
-3.974401950836181641e-02
-4.154118895530700684e-02
-1.708129793405532837e-02
-6.112920120358467102e-03
-6.940659950487315655e-04
-2.721361443400382996e-02
-6.755957379937171936e-03
2.543695867061614990e-01
4.559053480625152588e-01
2.226353734731674194e-01
-1.091612353920936584e-01
-2.059916704893112183e-01
-1.627422273159027100e-01
-6.701378524303436279e-02
-1.064064353704452515e-02
-3.822655975818634033e-02
-4.582057148218154907e-02
-6.948440801352262497e-03
1.760830171406269073e-02
-1.073282305151224136e-02
-8.357658982276916504e-02
-1.029979884624481201e-01
-2.795835211873054504e-02
1.484162267297506332e-02
5.749761476181447506e-04
2.148100920021533966e-02
1.167367119342088699e-02
-2.571919560432434082e-02
1.716693490743637085e-02
4.551915824413299561e-02
1.431721262633800507e-02
1.310679968446493149e-02
2.895439602434635162e-02
3.061909042298793793e-02
2.195069752633571625e-02
1.256148796528577805e-02
1.304154563695192337e-02
1.203982066363096237e-02
1.039878581650555134e-03
-1.061397604644298553e-02
-1.062948536127805710e-02
-9.326498024165630341e-03
-1.935277506709098816e-02
-2.347921393811702728e-02
-2.159823849797248840e-02
-1.719543151557445526e-02
9.119203314185142517e-03
1.749357581138610840e-02
1.893879729323089123e-03
2.693106234073638916e-02
2.949620597064495087e-02
-1.177023537456989288e-02
1.747129857540130615e-02
4.742917045950889587e-02
3.065012162551283836e-03
1.592960907146334648e-03
4.150265455245971680e-02
3.855115175247192383e-02
1.533623132854700089e-02
-1.694123260676860809e-03
-2.135776914656162262e-03
8.119232021272182465e-03
-1.050550863146781921e-02
-1.833979971706867218e-02
1.111858896911144257e-02
-4.610619042068719864e-03
-4.205434769392013550e-02
-3.774043172597885132e-02
-3.538971394300460815e-02
-2.281869761645793915e-02
-1.762486062943935394e-02
-5.223811417818069458e-02
-3.898873925209045410e-02
-2.144326455891132355e-02
-4.799256101250648499e-02
-2.092570252716541290e-02
1.397672895109280944e-04
-3.575278446078300476e-02
-3.276336938142776489e-02
-3.535765688866376877e-03
-8.331378339789807796e-04
-1.693807169795036316e-02
-2.555686980485916138e-02
-9.657978080213069916e-03
-6.936665158718824387e-03
-3.457662882283329964e-03
1.962707145139575005e-03
-3.559291735291481018e-02
9.353734552860260010e-02
4.214043021202087402e-01
4.309151172637939453e-01
5.264773219823837280e-02
-1.812434643507003784e-01
-1.654624193906784058e-01
-1.019076108932495117e-01
-4.453875496983528137e-02
-3.470967337489128113e-02
-3.611066564917564392e-02
-8.022529073059558868e-05
2.770018065348267555e-03
-1.700993254780769348e-02
1.836185343563556671e-02
4.399433732032775879e-02
2.536912914365530014e-03
1.134922844357788563e-03
3.616730123758316040e-02
1.130085205659270287e-03
-2.959631942212581635e-02
-2.410176396369934082e-02
-5.762002244591712952e-02
-6.785381585359573364e-02
-3.759039938449859619e-02
-4.366182163357734680e-02
-4.716368392109870911e-02
-1.989077031612396240e-02
-2.079599909484386444e-02
-3.083151206374168396e-02
-6.224034819751977921e-03
1.059504970908164978e-02
9.224734269082546234e-03
2.499257773160934448e-02
3.836404159665107727e-02
2.947034686803817749e-02
2.024024166166782379e-02
2.992209047079086304e-02
4.314549639821052551e-02
2.695269137620925903e-02
6.720120087265968323e-03
2.255193702876567841e-02
3.574444353580474854e-02
1.674559898674488068e-02
2.158193383365869522e-03
2.249251818284392357e-03
-8.654136210680007935e-03
-1.999598927795886993e-02
-9.518596343696117401e-03
3.033753717318177223e-03
-4.610615782439708710e-03
-2.401160635054111481e-02
-3.645314648747444153e-02
-2.590333111584186554e-02
-7.244994398206472397e-03
-1.602884754538536072e-02
-3.270013630390167236e-02
-3.034438751637935638e-02
-2.538533508777618408e-02
-1.677188649773597717e-02
-3.027865476906299591e-02
-5.572954937815666199e-02
-2.032452821731567383e-02
-1.501362491399049759e-02
-2.116501517593860626e-02
2.120652049779891968e-01
4.576239883899688721e-01
2.779506444931030273e-01
-7.737638056278228760e-02
-1.902835667133331299e-01
-1.380740106105804443e-01
-9.810328483581542969e-02
-6.857924908399581909e-02
-4.031279310584068298e-02
-4.767276346683502197e-02
-6.916152685880661011e-02
-6.561224907636642456e-02
-4.235615953803062439e-02
-9.194600395858287811e-03
1.038244925439357758e-02
1.759431883692741394e-02
2.488760650157928467e-02
1.440661866217851639e-02
4.395671188831329346e-03
1.559128891676664352e-02
3.386803716421127319e-02
3.998863324522972107e-02
3.187722712755203247e-02
2.835940383374691010e-02
3.069216385483741760e-02
3.680313006043434143e-02
4.096141085028648376e-02
2.929035201668739319e-02
2.248181588947772980e-02
8.764784783124923706e-03
-2.241691388189792633e-02
7.524251937866210938e-03
4.588671773672103882e-02
-2.246356382966041565e-02
-6.436157971620559692e-02
-1.346195396035909653e-02
-2.614307031035423279e-02
-8.311019837856292725e-02
-6.686831265687942505e-02
-2.556269057095050812e-02
-3.128425031900405884e-02
-5.621412768959999084e-02
-4.617485404014587402e-02
-1.967448927462100983e-02
-2.991748414933681488e-02
-4.418962076306343079e-02
-2.335087023675441742e-02
-2.020704373717308044e-02
-3.791178762912750244e-02
-1.580467820167541504e-02
1.917849294841289520e-02
2.175508998334407806e-02
3.808675333857536316e-02
8.130943030118942261e-02
6.310990452766418457e-02
1.196554768830537796e-02
3.017094731330871582e-02
3.798166289925575256e-02
1.039086282253265381e-01
3.792649209499359131e-01
4.734561443328857422e-01
1.358232051134109497e-01
-1.581031978130340576e-01
-1.747716665267944336e-01
-1.291519254446029663e-01
-9.959599375724792480e-02
-9.714630991220474243e-02
-9.442198276519775391e-02
-6.295675784349441528e-02
-7.465717196464538574e-02
-8.602187782526016235e-02
-4.951543733477592468e-02
-4.080165177583694458e-02
-4.522817954421043396e-02
-3.769649565219879150e-02
-4.575219005346298218e-02
-3.459472954273223877e-02
-1.657995022833347321e-02
-2.600129321217536926e-02
-1.772944815456867218e-02
1.975137740373611450e-03
4.235977306962013245e-03
6.803040392696857452e-03
5.510021466761827469e-03
9.020955301821231842e-03
2.724098041653633118e-02
3.890072554349899292e-02
4.584990441799163818e-02
5.230734124779701233e-02
5.172498151659965515e-02
3.937927260994911194e-02
8.399771526455879211e-03
-7.309092208743095398e-03
1.693434081971645355e-02
2.756926417350769043e-02
1.362253725528717041e-02
1.925977319478988647e-02
1.984927989542484283e-02
4.956939723342657089e-03
9.301648475229740143e-03
1.675353385508060455e-02
1.090691052377223969e-02
-3.660004294943064451e-04
-6.931697484105825424e-03
-1.300204778090119362e-03
2.224364783614873886e-03
5.624512676149606705e-03
2.995319431647658348e-03
-2.195543982088565826e-02
-3.723685443401336670e-02
-2.471630647778511047e-02
-4.178533330559730530e-03
-1.498397323302924633e-03
-2.483776398003101349e-02
-1.831634342670440674e-02
6.749741267412900925e-03
-2.405393868684768677e-02
-3.195226937532424927e-02
1.248195953667163849e-02
6.371170748025178909e-03
-5.128245335072278976e-03
1.277964469045400620e-02
-1.664120354689657688e-03
-9.893355891108512878e-03
2.052992582321166992e-03
-1.011809706687927246e-02
-2.557156421244144440e-02
-8.179141208529472351e-03
1.349292509257793427e-02
-8.973806165158748627e-03
-1.886949501931667328e-02
2.752867992967367172e-03
-2.050115726888179779e-02
-3.425963968038558960e-02
-1.846869243308901787e-03
-9.344465099275112152e-03
-4.702287912368774414e-02
-7.939687930047512054e-03
1.938463151454925537e-01
3.862898945808410645e-01
2.440311610698699951e-01
-8.337905257940292358e-02
-2.086390256881713867e-01
-1.565346419811248779e-01
-9.975894540548324585e-02
-6.228592246770858765e-02
-3.048434667289257050e-02
-1.177238021045923233e-02
-1.939931325614452362e-02
-2.459636144340038300e-02
-1.534724794328212738e-02
-2.091803774237632751e-02
-3.398502618074417114e-02
-2.661856450140476227e-02
-3.653624095022678375e-03
2.621077233925461769e-03
-8.207028731703758240e-03
-1.459124684333801270e-02
-6.690225563943386078e-03
2.056031487882137299e-02
4.024043679237365723e-02
3.835125640034675598e-02
4.577651247382164001e-02
6.114347651600837708e-02
5.069021508097648621e-02
3.556763753294944763e-02
3.912006691098213196e-02
1.939077116549015045e-02
-8.676242578076198697e-05
1.998163200914859772e-02
1.044693216681480408e-02
-1.619784720242023468e-02
7.173816207796335220e-03
1.182991918176412582e-02
-2.347331121563911438e-02
-2.150559239089488983e-02
-2.987188519909977913e-03
-5.692079663276672363e-03
-1.019204873591661453e-02
-3.020355291664600372e-02
-4.478071257472038269e-02
-1.477405149489641190e-02
6.446345709264278412e-03
-9.547835215926170349e-03
-2.389365248382091522e-02
-2.753579802811145782e-02
-3.289856389164924622e-02
-3.088768385350704193e-02
-7.574216928333044052e-03
6.697237258777022362e-04
-1.698540896177291870e-02
-1.021989062428474426e-02
6.303054280579090118e-03
5.623450037091970444e-03
8.352979086339473724e-03
7.913529872894287109e-03
2.071110298857092857e-03
1.179518364369869232e-02
2.401319146156311035e-02
-5.475412588566541672e-03
-5.186175554990768433e-02
-3.337443992495536804e-02
6.121862679719924927e-03
-1.252545975148677826e-02
-3.629288077354431152e-02
-2.080330625176429749e-02
-1.324194390326738358e-02
-3.435695916414260864e-02
5.876250192523002625e-02
3.423888683319091797e-01
4.645320773124694824e-01
1.876512914896011353e-01
-1.278604865074157715e-01
-2.151276916265487671e-01
-1.732655614614486694e-01
-7.154473662376403809e-02
-1.545749604701995850e-03
-1.965969987213611603e-02
-2.982148528099060059e-02
-2.092595212161540985e-02
-3.973049297928810120e-02
-6.388308852910995483e-02
-8.701650798320770264e-02
-9.448938816785812378e-02
-7.934648543596267700e-02
-5.747968703508377075e-02
-1.783012226223945618e-02
6.612495053559541702e-05
-1.733927987515926361e-02
3.161098808050155640e-03
4.473434016108512878e-02
3.510315343737602234e-02
2.538978680968284607e-02
5.331026390194892883e-02
5.042416974902153015e-02
4.438241571187973022e-02
6.644050776958465576e-02
5.727230757474899292e-02
4.410246014595031738e-02
4.396512731909751892e-02
3.422157093882560730e-02
3.392693027853965759e-02
1.689983718097209930e-02
-3.071356564760208130e-03
-5.299305543303489685e-03
-3.396303579211235046e-02
-3.789652511477470398e-02
5.600259639322757721e-03
7.385707926005125046e-03
-2.844549342989921570e-02
-3.762444853782653809e-02
-2.082118391990661621e-02
-2.392473816871643066e-02
-4.546022042632102966e-02
-3.679407760500907898e-02
-2.545464038848876953e-02
-4.480670392513275146e-02
-3.843701258301734924e-02
-1.200878806412220001e-02
-3.193696960806846619e-02
-5.646126344799995422e-02
-3.107596561312675476e-02
-2.333061955869197845e-02
-3.801593184471130371e-02
1.119443252682685852e-01
3.737540245056152344e-01
3.254879713058471680e-01
-1.476923096925020218e-02
-1.938654631376266479e-01
-1.654932647943496704e-01
-8.658050745725631714e-02
2.725124591961503029e-03
8.911903016269207001e-03
-2.051401324570178986e-02
2.059972612187266350e-04
7.531967712566256523e-04
-1.843400485813617706e-02
-3.164831176400184631e-02
-4.039467498660087585e-02
-1.527255401015281677e-02
-3.533105831593275070e-03
-6.390087306499481201e-03
1.207722537219524384e-02
-7.135312072932720184e-03
-2.352512069046497345e-02
1.174312829971313477e-02
1.762163639068603516e-02
1.239058841019868851e-02
4.126225039362907410e-02
4.771844670176506042e-02
2.493837848305702209e-02
1.657190546393394470e-02
3.572256863117218018e-02
4.701043665409088135e-02
3.460760042071342468e-02
2.851153537631034851e-02
-1.530435285530984402e-03
-3.221278265118598938e-02
-7.227330002933740616e-03
-1.550554111599922180e-02
-5.418656766414642334e-02
-3.076463565230369568e-02
-1.591491699218750000e-02
-3.660940006375312805e-02
-2.496286667883396149e-02
-1.536401361227035522e-02
-2.097258716821670532e-02
5.981936119496822357e-03
1.810757629573345184e-02
-7.824928499758243561e-03
-6.873160600662231445e-03
1.019834424369037151e-03
-7.287769112735986710e-03
-1.832477631978690624e-03
6.932987831532955170e-03
1.821148395538330078e-02
1.299163978546857834e-02
-7.643225137144327164e-03
-2.852364908903837204e-03
2.060232800431549549e-04
-1.112477155402302742e-03
2.195618581026792526e-03
-5.434439051896333694e-03
1.039015688002109528e-02
2.438891679048538208e-02
3.095894586294889450e-03
-4.853738937526941299e-03
1.175335049629211426e-02
2.716283686459064484e-02
1.585851237177848816e-02
-9.221215150319039822e-04
1.104904524981975555e-02
-9.385519661009311676e-03
-4.173165559768676758e-02
-1.303169969469308853e-02
7.222181651741266251e-03
-1.130234822630882263e-02
-3.400674834847450256e-02
-4.293950647115707397e-02
-1.761629432439804077e-02
-1.707639917731285095e-02
-4.379175603389739990e-02
-2.154802717268466949e-02
-2.601081319153308868e-02
-6.367840804159641266e-03
2.520485818386077881e-01
4.478119015693664551e-01
2.042467892169952393e-01
-1.140263974666595459e-01
-1.748281866312026978e-01
-1.466287970542907715e-01
-1.177396997809410095e-01
-6.951843947172164917e-02
-4.199694097042083740e-02
-4.478948563337326050e-02
-4.877455532550811768e-02
-2.400689758360385895e-02
-7.789390161633491516e-03
-3.115237317979335785e-02
-3.086574748158454895e-02
7.134199608117341995e-03
1.660089753568172455e-02
-1.260910369455814362e-02
-2.353252284228801727e-02
-8.046281436691060662e-05
5.590347107499837875e-03
-1.079457066953182220e-02
-7.257558405399322510e-03
9.729479439556598663e-03
2.211077511310577393e-02
2.307103388011455536e-02
1.675575971603393555e-02
2.026928029954433441e-02
3.528647869825363159e-02
5.941283702850341797e-02
5.994565784931182861e-02
3.141359984874725342e-02
3.139187395572662354e-02
3.292739391326904297e-02
3.616955829784274101e-03
-1.305518858134746552e-02
-6.116773933172225952e-03
1.875392533838748932e-02
2.267238311469554901e-02
-8.535025641322135925e-03
-1.945456676185131073e-02
-6.829414516687393188e-03
1.558265648782253265e-02
3.432410955429077148e-02
1.892642304301261902e-02
-7.607595995068550110e-03
-2.533392049372196198e-02
-4.805856570601463318e-02
-5.553732812404632568e-02
-4.188751801848411560e-02
-4.095331579446792603e-02
-3.811804205179214478e-02
-1.405095402151346207e-02
-1.061888597905635834e-02
-1.909395493566989899e-02
-1.996863633394241333e-03
-1.510350964963436127e-02
-4.692310467362403870e-02
-1.471280772238969803e-02
2.818406792357563972e-03
-1.362517289817333221e-02
2.868635952472686768e-02
3.835195302963256836e-02
-9.173129685223102570e-03
4.772677086293697357e-03
1.950610801577568054e-02
-1.530853845179080963e-02
-1.407324150204658508e-02
1.189917512238025665e-02
1.803812757134437561e-02
2.632691897451877594e-02
2.587567828595638275e-02
-2.974071074277162552e-03
-2.460239827632904053e-02
-1.097510289400815964e-02
1.083866041153669357e-02
8.016093634068965912e-03
-7.818109355866909027e-03
-9.695910848677158356e-03
2.562471898272633553e-03
9.713627398014068604e-03
-1.133913826197385788e-02
7.241790182888507843e-03
2.092211097478866577e-01
4.234415888786315918e-01
2.607095837593078613e-01
-1.121881827712059021e-01
-2.188486605882644653e-01
-1.290149092674255371e-01
-9.553574025630950928e-02
-7.309786230325698853e-02
-4.183099791407585144e-02
-4.508474469184875488e-02
-5.460347607731819153e-02
-4.542579129338264465e-02
-1.932124234735965729e-02
-2.112798951566219330e-02
-5.285501480102539062e-02
-5.652993172407150269e-02
-3.155103325843811035e-02
-9.330135770142078400e-03
-1.862124167382717133e-02
-3.479643911123275757e-02
-2.120034210383892059e-02
-1.672552339732646942e-02
-1.263173413462936878e-03
2.986487746238708496e-02
9.911369532346725464e-03
-2.575543010607361794e-03
3.238682076334953308e-02
5.064319819211959839e-02
5.434650927782058716e-02
6.325275450944900513e-02
5.976175889372825623e-02
5.009558424353599548e-02
3.949923440814018250e-02
1.586403697729110718e-02
5.469816271215677261e-03
1.611133571714162827e-03
-1.805942878127098083e-02
-1.351649872958660126e-02
-1.799771375954151154e-02
-3.097654320299625397e-02
8.449467830359935760e-03
2.195735462009906769e-02
-1.050376449711620808e-03
-3.693276448757387698e-05
-2.676789648830890656e-02
-4.146498814225196838e-02
-5.229396745562553406e-03
-8.603643625974655151e-03
-1.419588364660739899e-02
1.620255783200263977e-02
-8.031531237065792084e-03
-4.211889952421188354e-02
-8.111608214676380157e-03
2.373221516609191895e-02
2.117917500436306000e-02
9.423655457794666290e-03
-1.027649082243442535e-02
-1.305478345602750778e-02
-3.147709881886839867e-03
-1.146287773735821247e-03
-4.016281571239233017e-03
-1.683137007057666779e-02
-2.646922366693615913e-03
1.865341700613498688e-02
-1.042509917169809341e-02
-6.944753695279359818e-03
-2.842669142410159111e-03
-4.520862922072410583e-02
1.404026150703430176e-01
4.403556287288665771e-01
3.288271427154541016e-01
-3.392374515533447266e-02
-2.010974436998367310e-01
-2.153769433498382568e-01
-1.646540164947509766e-01
-7.680321484804153442e-02
-4.461069032549858093e-02
-3.518810868263244629e-02
-2.588512189686298370e-02
-5.872149020433425903e-02
-9.726952761411666870e-02
-9.536898881196975708e-02
-7.259250432252883911e-02
-6.329760700464248657e-02
-5.809652805328369141e-02
-4.036435484886169434e-02
-2.281153760850429535e-02
-1.164320949465036392e-02
-1.271856483072042465e-03
1.721190847456455231e-02
3.960151597857475281e-02
4.765671864151954651e-02
5.229065939784049988e-02
6.815325468778610229e-02
8.238903433084487915e-02
8.434101939201354980e-02
7.727476954460144043e-02
8.427968621253967285e-02
9.349688142538070679e-02
7.638309150934219360e-02
6.633569300174713135e-02
6.547595560550689697e-02
4.766322299838066101e-02
3.929639607667922974e-02
3.297540917992591858e-02
-3.655146341770887375e-03
-3.353149443864822388e-02
-3.298584371805191040e-02
-3.741059079766273499e-02
-3.633342310786247253e-02
-2.229168266057968140e-02
-2.624252811074256897e-02
-3.810936957597732544e-02
-4.335807636380195618e-02
-3.854180872440338135e-02
-2.426953800022602081e-02
-2.219780161976814270e-02
-4.215704277157783508e-02
-5.610126256942749023e-02
-3.921588137745857239e-02
-2.051122486591339111e-02
-1.515155937522649765e-02
-2.125218883156776428e-02
-3.375700116157531738e-02
-1.122458558529615402e-02
4.561034529615426436e-06
-3.390783444046974182e-02
-2.618268504738807678e-02
2.376589225605130196e-03
-6.155050825327634811e-03
-1.748970337212085724e-02
-1.977445930242538452e-02
-1.541477069258689880e-02
-1.498352456837892532e-02
-2.363848499953746796e-02
-1.939914189279079437e-02
-6.325834430754184723e-03
-1.066556666046380997e-02
-2.859572879970073700e-02
-2.681793086230754852e-02
-1.157570257782936096e-02
1.156162768602371216e-01
3.906044960021972656e-01
4.055846035480499268e-01
5.004015937447547913e-02
-1.758433729410171509e-01
-1.581660807132720947e-01
-1.161513775587081909e-01
-5.551366508007049561e-02
-3.221437218599021435e-04
1.396155101247131824e-03
-2.634672913700342178e-03
9.227157570421695709e-03
4.302491899579763412e-03
-7.622303441166877747e-03
2.923778723925352097e-03
-7.161502726376056671e-03
-3.417739877477288246e-03
4.101141914725303650e-02
2.239958755671977997e-02
-1.159222144633531570e-02
6.988691166043281555e-03
3.998944535851478577e-03
-1.255100592970848083e-02
-1.144462451338768005e-02
-5.361768882721662521e-03
3.088583238422870636e-03
8.652363903820514679e-03
6.370384711772203445e-03
-9.907959029078483582e-03
-1.343896519392728806e-02
3.500536317005753517e-03
1.414845138788223267e-02
6.996498908847570419e-03
-3.204201906919479370e-02
-5.103603005409240723e-02
-3.816829994320869446e-02
-6.197953596711158752e-02
-5.904453247785568237e-02
-1.336706336587667465e-02
-2.509461902081966400e-02
-3.128120675683021545e-02
5.800439976155757904e-03
-8.859604597091674805e-03
-1.349381729960441589e-02
3.425794839859008789e-02
2.925246022641658783e-02
9.796638041734695435e-03
2.772101014852523804e-02
3.579111769795417786e-02
2.465166710317134857e-02
-2.686850912868976593e-02
-6.620401889085769653e-02
-6.017103418707847595e-02
-6.611923128366470337e-02
-4.551530256867408752e-02
-3.608076274394989014e-02
4.851382225751876831e-02
3.619356453418731689e-01
4.606436192989349365e-01
1.059556454420089722e-01
-1.717477738857269287e-01
-1.649424433708190918e-01
-8.493886142969131470e-02
-1.969077810645103455e-02
-1.678751222789287567e-02
-3.910741209983825684e-02
-2.548159100115299225e-02
-1.269716955721378326e-02
-1.665645465254783630e-02
-2.118593640625476837e-02
-1.660189777612686157e-02
-9.522135369479656219e-03
-1.301408465951681137e-02
-1.484332978725433350e-02
-1.809177733957767487e-02
-2.686382271349430084e-02
-1.339994929730892181e-02
6.495524663478136063e-03
3.363966941833496094e-03
3.452412784099578857e-03
1.277926098555326462e-02
1.296714413911104202e-02
1.365356612950563431e-02
1.109244208782911301e-02
7.000524085015058517e-03
1.966280303895473480e-02
3.632121160626411438e-02
2.885044552385807037e-02
-9.041548706591129303e-03
-3.557981178164482117e-02
-2.832305990159511566e-02
-2.281871810555458069e-02
-2.242506295442581177e-02
-1.976363733410835266e-02
-2.139575593173503876e-02
-1.125817839056253433e-02
-5.914462730288505554e-03
-9.671150706708431244e-03
2.934397896751761436e-03
-1.171945827081799507e-03
-1.079704426229000092e-02
1.239011343568563461e-02
1.823936961591243744e-02
5.495774094015359879e-03
1.441055629402399063e-02
1.519654784351587296e-02
4.598431289196014404e-03
1.202202960848808289e-02
2.252655290067195892e-02
2.306554466485977173e-02
1.303873863071203232e-02
-5.735101294703781605e-04
1.359521225094795227e-02
2.403817884624004364e-02
9.863168001174926758e-03
7.924908772110939026e-03
-3.956873435527086258e-03
-8.219154551625251770e-03
1.377860549837350845e-02
1.572446315549314022e-03
-1.223208475857973099e-02
1.430422347038984299e-02
1.459058746695518494e-02
-1.115164905786514282e-02
-1.204154174774885178e-02
-1.535863243043422699e-02
-2.346026338636875153e-02
-1.766276732087135315e-02
-1.565350405871868134e-02
-1.033604145050048828e-02
-1.493850909173488617e-02
-4.470140114426612854e-02
-4.854676127433776855e-02
-8.709022775292396545e-03
1.530969329178333282e-02
3.893266431987285614e-03
-9.519453160464763641e-04
6.762551609426736832e-03
1.115003600716590881e-02
1.030800212174654007e-02
5.252839066088199615e-03
1.018518768250942230e-02
5.398181267082691193e-03
-1.260075066238641739e-02
8.318559266626834869e-03
3.658424317836761475e-02
1.556959468871355057e-02
-1.175985578447580338e-02
-1.367607247084379196e-02
-2.603719010949134827e-02
-4.581658914685249329e-02
-3.327941522002220154e-02
-1.915141381323337555e-02
-1.776457205414772034e-02
-2.062629163265228271e-02
-5.940076336264610291e-02
5.732830986380577087e-02
3.720801770687103271e-01
4.026897251605987549e-01
7.894155383110046387e-02
-1.558241546154022217e-01
-1.973914355039596558e-01
-1.233282312750816345e-01
-1.959069259464740753e-02
-9.755582548677921295e-03
-3.983078151941299438e-02
-4.049318656325340271e-02
-3.315118327736854553e-02
-3.486837446689605713e-02
-4.390370473265647888e-02
-3.317185118794441223e-02
-2.312992513179779053e-02
-3.122621588408946991e-02
-1.962053589522838593e-02
-8.284996263682842255e-03
-2.567518875002861023e-02
-2.597688324749469757e-02
1.561210141517221928e-03
1.349577400833368301e-02
6.603630725294351578e-03
5.066668614745140076e-03
1.369783654808998108e-02
1.720190979540348053e-02
1.480849646031856537e-02
2.297019585967063904e-02
3.012713603675365448e-02
2.855348214507102966e-02
3.349831327795982361e-02
4.284410551190376282e-02
4.106545448303222656e-02
2.318027429282665253e-02
2.537922700867056847e-03
-1.267081871628761292e-02
-6.529888603836297989e-03
1.977628655731678009e-02
2.576187951490283012e-03
-2.792694047093391418e-02
7.693071383982896805e-03
2.774212323129177094e-02
-8.767975494265556335e-03
-2.011249214410781860e-02
-1.095108781009912491e-02
-1.243429351598024368e-02
-1.529774535447359085e-02
-1.022115349769592285e-02
3.095352323725819588e-03
-4.474387504160404205e-03
-2.133828401565551758e-02
-1.350430864840745926e-02
-3.545964369550347328e-03
-1.314624305814504623e-02
-1.916864886879920959e-02
-6.319659762084484100e-03
-8.327906019985675812e-03
-1.964383572340011597e-02
-1.007524877786636353e-02
-1.181255839765071869e-02
-1.530586928129196167e-02
4.743247292935848236e-03
-3.725928254425525665e-03
-2.546332962810993195e-02
-1.800937764346599579e-02
-2.206413075327873230e-02
8.885440975427627563e-02
3.523254990577697754e-01
3.513368368148803711e-01
2.221497520804405212e-02
-1.906584203243255615e-01
-2.079558074474334717e-01
-1.542338877916336060e-01
-6.635424494743347168e-02
-3.612165153026580811e-02
-2.628143317997455597e-02
5.633104592561721802e-03
-2.053625136613845825e-02
-6.097137182950973511e-02
-3.819703310728073120e-02
-1.144412066787481308e-02
-1.398309506475925446e-02
-1.293873880058526993e-03
1.413473673164844513e-02
-6.613817997276782990e-03
-2.658782713115215302e-02
5.084979056846350431e-05
1.707047037780284882e-02
-1.673471555113792419e-02
-1.727111451327800751e-02
3.690486028790473938e-02
5.778995156288146973e-02
3.672319278120994568e-02
4.271984472870826721e-02
6.353991478681564331e-02
5.048032850027084351e-02
4.487727209925651550e-02
5.119369179010391235e-02
2.594759874045848846e-02
1.231684256345033646e-02
1.509570237249135971e-02
-1.544716861099004745e-02
-3.952426835894584656e-02
-2.055069059133529663e-02
-1.008960511535406113e-02
-3.515809774398803711e-02
-4.728413373231887817e-02
-1.459407526999711990e-02
1.892317086458206177e-02
1.178634446114301682e-02
-7.401320151984691620e-03
3.003645222634077072e-03
1.307550724595785141e-02
-1.076472736895084381e-02
-2.322323806583881378e-02
-1.542480289936065674e-02
-3.699762048199772835e-03
1.835321076214313507e-02
3.236143151298165321e-03
-2.898527123034000397e-02
-1.390278898179531097e-02
-5.872631911188364029e-03
-1.956250704824924469e-02
-3.831175155937671661e-03
-6.427507381886243820e-03
-3.021661937236785889e-02
-1.091191195882856846e-03
2.144461311399936676e-02
-1.416416931897401810e-02
-2.775242738425731659e-02
-5.158611107617616653e-03
1.554259471595287323e-02
2.571782842278480530e-02
7.712493184953927994e-03
-1.567657291889190674e-02
-4.260769579559564590e-03
1.105061732232570648e-02
-6.156704854220151901e-03
-2.251183800399303436e-02
-1.476336829364299774e-02
-5.746272858232259750e-03
1.264084829017519951e-03
-3.435597463976591825e-04
-1.039075851440429688e-02
-6.826186086982488632e-03
-1.211453042924404144e-02
-2.005310915410518646e-02
4.537172149866819382e-03
7.021121680736541748e-03
-2.590318024158477783e-02
-9.810387156903743744e-03
8.606347255408763885e-03
-3.847440937533974648e-03
1.718603521585464478e-01
4.375930130481719971e-01
3.425953686237335205e-01
1.689195400103926659e-03
-1.812945306301116943e-01
-1.987754851579666138e-01
-1.378749608993530273e-01
-6.449463963508605957e-02
-3.949805349111557007e-02
-3.308867290616035461e-02
-4.769497364759445190e-02
-5.303771793842315674e-02
-3.162076696753501892e-02
-3.106796927750110626e-02
-2.458070404827594757e-02
-2.843151614069938660e-02
-5.893380567431449890e-02
-3.900865465402603149e-02
-1.637379638850688934e-02
-3.713537752628326416e-02
-1.094073429703712463e-02
2.547638863325119019e-02
1.439761929214000702e-02
1.286333426833152771e-02
3.610202809795737267e-03
1.881456119008362293e-03
4.499367624521255493e-02
5.171741917729377747e-02
2.933196164667606354e-02
3.259152919054031372e-02
3.873940184712409973e-02
4.243736341595649719e-02
2.646746672689914703e-02
7.731422781944274902e-03
9.648924693465232849e-03
-6.100014783442020416e-03
-1.165753137320280075e-02
1.120952772907912731e-03
-1.014359015971422195e-02
-2.029628679156303406e-02
-2.111437916755676270e-02
-1.491127628833055496e-02
7.195535581558942795e-03
2.253966778516769409e-02
1.240016613155603409e-02
-2.505580708384513855e-02
-2.581622265279293060e-02
2.499557286500930786e-02
3.244787827134132385e-02
6.514795590192079544e-03
5.976636894047260284e-04
-9.499138221144676208e-03
-2.633717283606529236e-02
-2.590948902070522308e-02
6.493888213299214840e-04
1.035417988896369934e-02
-1.945583522319793701e-02
-2.444733306765556335e-02
7.879510521888732910e-03
2.432896569371223450e-02
1.305377390235662460e-02
1.385833718813955784e-03
3.380557755008339882e-04
-1.079726684838533401e-02
-1.991398073732852936e-02
-2.026975154876708984e-02
-4.657527059316635132e-02
-5.961011722683906555e-02
-3.373976796865463257e-02
-2.806274406611919403e-02
-2.009530551731586456e-02
-1.362069882452487946e-02
-4.739309474825859070e-02
7.094597816467285156e-02
3.682887554168701172e-01
3.913623094558715820e-01
4.962855204939842224e-02
-1.712302267551422119e-01
-1.486637890338897705e-01
-9.123250097036361694e-02
-3.647587075829505920e-02
-1.731190085411071777e-02
-3.295865282416343689e-02
-2.732452563941478729e-02
-2.949608862400054932e-02
-3.816395252943038940e-02
-5.135289579629898071e-02
-6.648919731378555298e-02
-2.748064696788787842e-02
1.849279738962650299e-03
-3.057655505836009979e-02
-2.314952760934829712e-02
1.136226113885641098e-02
-1.279193349182605743e-02
-2.977491170167922974e-02
-4.504505544900894165e-03
1.301936712116003036e-02
3.589379414916038513e-02
5.426254123449325562e-02
4.486481845378875732e-02
3.305201977491378784e-02
2.224273793399333954e-02
2.219108864665031433e-02
3.801322355866432190e-02
4.823255166411399841e-02
3.439118713140487671e-02
-3.386268625035881996e-03
-8.079394698143005371e-03
2.005240134894847870e-02
7.110265083611011505e-03
-1.616726070642471313e-02
-1.134890969842672348e-02
-1.647087931632995605e-02
-1.895183138549327850e-02
-1.220176462084054947e-02
-1.578596048057079315e-02
-2.161293756216764450e-03
1.032549981027841568e-02
-5.473290104418992996e-03
-1.379297114908695221e-02
-5.334833636879920959e-03
3.238981356844305992e-03
1.106023043394088745e-02
1.111123804003000259e-02
-1.079748105257749557e-02
-2.521857060492038727e-02
-9.338887408375740051e-03
-6.700272206217050552e-03
-2.196085266768932343e-02
-2.393968030810356140e-02
-1.447439007461071014e-02
-9.460689499974250793e-03
-4.830028116703033447e-02
-9.585002064704895020e-02
-6.594213843345642090e-02
-4.779143258929252625e-02
-3.577566891908645630e-02
2.061731815338134766e-01
4.537675678730010986e-01
2.672581374645233154e-01
-6.985251605510711670e-02
-1.548488885164260864e-01
-9.815269708633422852e-02
-3.737778216600418091e-02
-1.783394813537597656e-02
-2.015595324337482452e-02
1.235689036548137665e-02
-2.131467917934060097e-03
-8.593695610761642456e-02
-1.406980901956558228e-01
-1.200279667973518372e-01
-6.327312439680099487e-02
-3.726427629590034485e-02
-2.651423215866088867e-02
-1.888846163637936115e-03
7.469489704817533493e-03
1.025894843041896820e-02
1.403606962412595749e-02
-6.632879376411437988e-03
-5.868779961019754410e-03
3.699769079685211182e-02
4.701894894242286682e-02
3.518036752939224243e-02
4.866817593574523926e-02
6.370467692613601685e-02
6.566390395164489746e-02
4.453909024596214294e-02
3.256911784410476685e-02
5.281470343470573425e-02
3.979649767279624939e-02
1.059950236231088638e-02
8.794737048447132111e-03
-7.731535006314516068e-04
-1.198863238096237183e-02
-1.891374960541725159e-02
-1.621809788048267365e-02
2.059932565316557884e-03
-4.495716188102960587e-03
-1.311791501939296722e-02
-2.728675026446580887e-03
-2.475834917277097702e-03
4.099532961845397949e-03
1.736080460250377655e-02
1.078078802675008774e-02
-7.852999493479728699e-03
-1.771346293389797211e-02
-1.878919824957847595e-02
-2.842848934233188629e-02
-3.178085386753082275e-02
-2.976306341588497162e-02
-4.432870075106620789e-02
-3.622279316186904907e-02
-1.608741283416748047e-02
-3.561816364526748657e-02
-5.003166571259498596e-02
-2.595805749297142029e-02
-1.817682757973670959e-02
-4.842067882418632507e-02
-5.185366794466972351e-02
-4.176194220781326294e-02
7.886876352131366730e-03
2.431707531213760376e-01
3.841878175735473633e-01
1.154004111886024475e-01
-1.731595546007156372e-01
-1.900511384010314941e-01
-1.245221197605133057e-01
-6.402468681335449219e-02
-1.759345829486846924e-02
-6.274718791246414185e-03
-1.102228183299303055e-02
-2.471360750496387482e-02
-1.890527643263339996e-02
4.842636641114950180e-03
5.177636630833148956e-03
-8.947547525167465210e-03
1.250672992318868637e-02
3.805767744779586792e-02
2.115960791707038879e-02
2.430018596351146698e-02
3.110626339912414551e-02
1.108371838927268982e-02
4.128750786185264587e-02
7.075832784175872803e-02
5.213037133216857910e-02
5.665864795446395874e-02
5.701259896159172058e-02
3.214197233319282532e-02
4.559100791811943054e-02
6.383255869150161743e-02
3.049413673579692841e-02
2.223746996605768800e-04
-7.669429760426282883e-03
-2.634969726204872131e-02
-3.650027886033058167e-02
-4.846381396055221558e-02
-6.817454844713211060e-02
-4.764226078987121582e-02
-2.452462166547775269e-02
-4.807950556278228760e-02
-5.331130325794219971e-02
-3.096410818397998810e-02
-2.713287808001041412e-02
-2.325240522623062134e-02
-3.113657794892787933e-02
-3.288956359028816223e-02
5.021443124860525131e-03
8.691000752151012421e-03
-1.399382576346397400e-02
6.807818077504634857e-03
2.483800239861011505e-02
1.314757578074932098e-02
1.528501231223344803e-02
1.994860917329788208e-02
-2.033953787758946419e-03
-1.002424024045467377e-02
7.533819880336523056e-03
-2.764846663922071457e-03
-2.048984915018081665e-02
-6.992744281888008118e-03
-1.758591497491579503e-05
-1.128101442009210587e-02
-2.242366410791873932e-02
-2.935347519814968109e-02
-2.243372797966003418e-02
-2.136104553937911987e-02
-2.417860552668571472e-02
-1.030677370727062225e-02
-5.330331157892942429e-03
3.031616099178791046e-03
1.677389629185199738e-02
1.703781262040138245e-02
2.902915142476558685e-02
2.566163241863250732e-02
1.987609826028347015e-02
5.142107605934143066e-02
6.169200316071510315e-02
5.393474176526069641e-02
4.574077948927879333e-02
2.084625698626041412e-02
1.292131282389163971e-02
-1.363522838801145554e-02
4.802094027400016785e-02
3.240299820899963379e-01
3.991923034191131592e-01
4.762410372495651245e-02
-2.231099307537078857e-01
-2.137753218412399292e-01
-1.736921370029449463e-01
-1.306254863739013672e-01
-6.622661650180816650e-02
-4.467669501900672913e-02
-5.491987243294715881e-02
-5.594367161393165588e-02
-3.846791759133338928e-02
-3.104038909077644348e-02
-4.247778654098510742e-02
-4.012541100382804871e-02
-2.923146821558475494e-02
-2.971936017274856567e-02
-8.979838341474533081e-03
1.052937190979719162e-02
-1.631878316402435303e-02
-1.470195502042770386e-02
3.341520577669143677e-02
5.023597180843353271e-02
4.786032810807228088e-02
4.199434816837310791e-02
2.824670448899269104e-02
3.171209990978240967e-02
3.780153021216392517e-02
3.590135648846626282e-02
2.749480307102203369e-02
1.045110449194908142e-02
2.329835202544927597e-03
-1.553541165776550770e-03
-6.424114573746919632e-03
-1.230281777679920197e-02
-3.239903599023818970e-02
-3.922125697135925293e-02
-1.918265409767627716e-02
-1.915579475462436676e-02
-3.321887180209159851e-02
-1.624229922890663147e-02
1.321720238775014877e-02
1.428150665014982224e-02
-7.375565823167562485e-03
-2.128571271896362305e-02
-1.946366392076015472e-02
-9.349215775728225708e-03
-5.885127466171979904e-03
-1.699369028210639954e-02
-5.825631320476531982e-03
1.943084597587585449e-02
6.925885565578937531e-03
-1.336210058070719242e-03
2.554772980511188507e-02
3.544377163052558899e-02
2.963461168110370636e-02
3.379080072045326233e-02
3.849141672253608704e-02
4.880461841821670532e-02
6.010785326361656189e-02
6.083879247307777405e-02
6.536865234375000000e-02
6.398246437311172485e-02
5.127351358532905579e-02
5.894977599382400513e-02
6.634388864040374756e-02
2.981497533619403839e-02
-5.447544157505035400e-03
9.023942984640598297e-03
2.548144385218620300e-02
1.999048702418804169e-02
1.062613818794488907e-02
-3.890572860836982727e-02
-9.245849400758743286e-02
-8.365516364574432373e-02
-7.717823982238769531e-02
-9.204008430242538452e-02
-1.032247692346572876e-01
-1.662158221006393433e-01
-2.218373715877532959e-01
-1.886071562767028809e-01
-1.631880551576614380e-01
-1.883569061756134033e-01
-2.081480771303176880e-01
-2.067290395498275757e-01
-1.777364164590835571e-01
-1.150238364934921265e-01
-2.043518610298633575e-02
3.388431668281555176e-02
1.147485896944999695e-01
4.220809042453765869e-01
6.306965947151184082e-01
3.791591525077819824e-01
9.397949278354644775e-02
9.663818031549453735e-02
1.613920927047729492e-01
1.945438534021377563e-01
2.026892453432083130e-01
1.657858937978744507e-01
1.610943377017974854e-01
1.368375420570373535e-01
5.201745778322219849e-02
2.089167013764381409e-02
-3.556399792432785034e-02
-1.785214245319366455e-01
-2.381525039672851562e-01
-2.071748524904251099e-01
-1.883639395236968994e-01
-1.688708811998367310e-01
-1.456111371517181396e-01
-1.301789581775665283e-01
-1.110216826200485229e-01
-9.426195919513702393e-02
-7.991907745599746704e-02
-6.438963115215301514e-02
-5.149443075060844421e-02
-3.924250602722167969e-02
-2.745005302131175995e-02
-1.747103780508041382e-02
-7.877944037318229675e-03
6.258323555812239647e-04
8.050085976719856262e-03
1.483848597854375839e-02
2.061813883483409882e-02
2.557750046253204346e-02
2.985170856118202209e-02
3.324444591999053955e-02
3.601190075278282166e-02
3.806196898221969604e-02
3.947468474507331848e-02
4.029097780585289001e-02
4.055719450116157532e-02
4.027622193098068237e-02
3.955837339162826538e-02
3.836299106478691101e-02
3.681109845638275146e-02
3.487704694271087646e-02
3.265956416726112366e-02
3.014719858765602112e-02
2.743497677147388458e-02
2.450453862547874451e-02
2.145719900727272034e-02
1.826777867972850800e-02
1.503629330545663834e-02
1.173722185194492340e-02
8.465266786515712738e-03
5.193555261939764023e-03
2.013474004343152046e-03
-1.106139505282044411e-03
-4.076570738106966019e-03
-6.933480966836214066e-03
-9.592154063284397125e-03
-1.209229230880737305e-02
-1.435388159006834030e-02
-1.642107963562011719e-02
-1.821850612759590149e-02
-1.979527622461318970e-02
-2.108070440590381622e-02
-2.212894521653652191e-02
-2.287419699132442474e-02
-2.337557263672351837e-02
-2.357216738164424896e-02
-2.352799288928508759e-02
-2.318685315549373627e-02
-2.261749841272830963e-02
-2.176818624138832092e-02
-2.071209065616130829e-02
-1.940157450735569000e-02
-1.791380904614925385e-02
-1.620479486882686615e-02
-1.435517985373735428e-02
-1.232402399182319641e-02
-1.019483245909214020e-02
-7.929054088890552521e-03
-5.612335633486509323e-03
-3.207763889804482460e-03
-8.023374248296022415e-04
1.640038331970572472e-03
4.031860269606113434e-03
6.409275811165571213e-03
8.685162290930747986e-03
1.089661568403244019e-02
1.295779459178447723e-02
1.490764133632183075e-02
1.666248776018619537e-02
1.826399378478527069e-02
1.963151060044765472e-02
2.081024087965488434e-02
2.172333560883998871e-02
2.242026850581169128e-02
2.282867953181266785e-02
2.300293743610382080e-02
2.287572063505649567e-02
2.250677160918712616e-02
2.183421514928340912e-02
2.092348225414752960e-02
1.971835643053054810e-02
1.829008758068084717e-02
1.658814400434494019e-02
1.468950882554054260e-02
1.254914700984954834e-02
1.024947408586740494e-02
7.750544231384992599e-03
5.139682907611131668e-03
2.381401835009455681e-03
-4.328020149841904640e-04
-3.334807930514216423e-03
-6.229890976101160049e-03
-9.147366508841514587e-03
-1.199041679501533508e-02
-1.478700339794158936e-02
-1.743951812386512756e-02
-1.997592300176620483e-02
-2.229922451078891754e-02
-2.443885989487171173e-02
-2.629992552101612091e-02
-2.791485562920570374e-02
-2.919237129390239716e-02
-3.016936965286731720e-02
-3.075975179672241211e-02
-3.100631944835186005e-02
-3.082950413227081299e-02
-3.027950227260589600e-02
-2.928439341485500336e-02
-2.790299616754055023e-02
-2.607230469584465027e-02
-2.386030182242393494e-02
-2.121416665613651276e-02
-1.821164973080158234e-02
-1.481006853282451630e-02
-1.109853014349937439e-02
-7.043493911623954773e-03
-2.745602279901504517e-03
1.817897893488407135e-03
6.538664922118186951e-03
1.142584811896085739e-02
1.636421494185924530e-02
2.135567367076873779e-02
2.626903913915157318e-02
3.110935911536216736e-02
3.573153167963027954e-02
4.012870043516159058e-02
4.417279362678527832e-02
4.782205447554588318e-02
5.096307396888732910e-02
5.357157066464424133e-02
5.546706542372703552e-02
5.671237409114837646e-02
5.708254501223564148e-02
5.657872930169105530e-02
5.517457053065299988e-02
5.263122171163558960e-02
4.904330521821975708e-02
4.438718035817146301e-02
3.819314390420913696e-02
3.113643825054168701e-02
2.247793413698673248e-02
1.224322896450757980e-02
1.385811832733452320e-03
-1.198953110724687576e-02
-2.624806761741638184e-02
-4.119287803769111633e-02
-6.011119484901428223e-02
-7.728374749422073364e-02
-9.763688594102859497e-02
-1.219786703586578369e-01
-1.397167295217514038e-01
-1.703134626150131226e-01
-1.941277086734771729e-01
-1.671507358551025391e-01
-1.225798949599266052e-01
-7.152493298053741455e-02
-1.639396697282791138e-02
8.824774995446205139e-03
3.461940959095954895e-02
4.564940929412841797e-02
1.884484663605690002e-02
3.483618050813674927e-02
7.453271746635437012e-02
7.049821317195892334e-02
6.675843894481658936e-02
8.113691955804824829e-02
8.945210278034210205e-02
8.737607300281524658e-02
6.828735023736953735e-02
4.615713283419609070e-02
3.380168229341506958e-02
2.245979197323322296e-02
1.081522367894649506e-02
1.396954059600830078e-02
2.358124405145645142e-02
1.609710045158863068e-02
1.636781170964241028e-02
1.954600028693675995e-02
8.833524188958108425e-04
1.532392343506217003e-03
-1.098009852285031229e-05
-2.442625164985656738e-02
-9.835576638579368591e-03
-1.642247848212718964e-02
-1.185629051178693771e-02
2.161618918180465698e-01
4.276282489299774170e-01
2.335748970508575439e-01
-9.189436584711074829e-02
-2.158840447664260864e-01
-2.245633900165557861e-01
-1.524632424116134644e-01
-6.350523978471755981e-02
-7.364480197429656982e-02
-7.889105379581451416e-02
-5.287079885601997375e-02
-6.379204243421554565e-02
-5.283004790544509888e-02
-4.833213984966278076e-02
-7.335335761308670044e-02
-4.814532771706581116e-02
-2.944802306592464447e-02
-4.677045345306396484e-02
-3.045245260000228882e-02
-1.202347408980131149e-02
-9.894176386296749115e-03
7.461089175194501877e-03
1.836066320538520813e-02
1.348196715116500854e-02
2.957391552627086639e-02
5.362988263368606567e-02
4.276342689990997314e-02
4.285306110978126526e-02
6.562964618206024170e-02
4.320154339075088501e-02
1.838612742722034454e-02
2.556922845542430878e-02
3.417721018195152283e-03
-2.091929502785205841e-02
-4.534646868705749512e-03
8.632226847112178802e-03
4.296783823519945145e-03
9.525684639811515808e-03
1.309884712100028992e-02
4.552779253572225571e-03
1.381520461291074753e-02
3.235984966158866882e-02
3.153523430228233337e-02
3.033460304141044617e-02
3.292247280478477478e-02
2.704446949064731598e-02
2.463656663894653320e-02
1.903899945318698883e-02
1.396271307021379471e-02
1.902153529226779938e-02
1.432385481894016266e-02
1.097524352371692657e-02
-1.120547531172633171e-03
-3.239631652832031250e-02
-2.039358951151371002e-02
-2.312241354957222939e-03
-3.601108491420745850e-02
-4.126696288585662842e-02
-1.713528856635093689e-02
-2.228290960192680359e-02
-3.804454579949378967e-02
-5.628183856606483459e-02
-4.792114719748497009e-02
-1.946449652314186096e-02
-2.520444244146347046e-02
-2.889498881995677948e-02
-3.135859221220016479e-02
-4.534668475389480591e-02
-4.398725926876068115e-03
6.758789531886577606e-03
-9.217528626322746277e-03
1.940050274133682251e-01
4.278459250926971436e-01
2.624338865280151367e-01
-7.896098494529724121e-02
-2.055693566799163818e-01
-2.011132985353469849e-01
-1.643425375223159790e-01
-8.924662321805953979e-02
-6.897301226854324341e-02
-9.386340528726577759e-02
-8.109587430953979492e-02
-6.583261489868164062e-02
-7.069964706897735596e-02
-5.157269164919853210e-02
-3.012879751622676849e-02
-4.113698750734329224e-02
-3.422217071056365967e-02
1.993593759834766388e-02
5.194727331399917603e-02
4.492973908782005310e-02
6.482920795679092407e-02
8.688279986381530762e-02
7.888768613338470459e-02
1.000670343637466431e-01
1.202065423130989075e-01
9.713944792747497559e-02
9.692078828811645508e-02
1.044362410902976990e-01
8.676147460937500000e-02
8.607445657253265381e-02
7.415071874856948853e-02
3.541256487369537354e-02
1.372705027461051941e-02
6.768121384084224701e-03
-2.268599113449454308e-03
-2.222406864166259766e-02
-3.733324259519577026e-02
-2.181958965957164764e-02
-6.744856014847755432e-03
-1.715248823165893555e-02
-2.627011388540267944e-02
-3.110113367438316345e-02
-3.652937710285186768e-02
-2.698522061109542847e-02
-3.181876987218856812e-02
-4.675711691379547119e-02
-3.533804416656494141e-02
-4.110945761203765869e-02
-6.640594452619552612e-02
-6.693635135889053345e-02
-7.426295429468154907e-02
-9.787613153457641602e-02
-1.009755432605743408e-01
-8.397793024778366089e-02
-6.340944021940231323e-02
-7.697775959968566895e-02
-1.084430441260337830e-01
-8.199296146631240845e-02
-5.247443169355392456e-02
-5.433064699172973633e-02
-4.456133022904396057e-02
-6.769040226936340332e-02
-5.905258283019065857e-02
4.689513240009546280e-03
2.084483625367283821e-03
-8.593745529651641846e-03
1.581652835011482239e-02
1.458331495523452759e-01
4.352799355983734131e-01
4.753707051277160645e-01
1.313877999782562256e-01
-9.654065966606140137e-02
-4.580595716834068298e-02
4.719766229391098022e-02
1.077315956354141235e-01
1.543176025152206421e-01
1.746538728475570679e-01
1.721359193325042725e-01
1.253770589828491211e-01
4.415168240666389465e-02
-6.122704595327377319e-03
-2.850240096449851990e-02
-4.443664848804473877e-02
-5.652022734284400940e-02
-8.645717799663543701e-02
-1.049983948469161987e-01
-9.927767515182495117e-02
-1.099795922636985779e-01
-1.147636845707893372e-01
-9.717538952827453613e-02
-9.445235133171081543e-02
-8.554457873106002808e-02
-6.275089085102081299e-02
-5.790686234831809998e-02
-4.743245989084243774e-02
-4.124885052442550659e-02
-6.102518364787101746e-02
-5.824253708124160767e-02
-4.070838913321495056e-02
-4.101795330643653870e-02
-4.180155694484710693e-02
-4.694129899144172668e-02
-5.104538798332214355e-02
-4.714964702725410461e-02
-4.235514253377914429e-02
-1.019412465393543243e-02
3.504614159464836121e-02
4.965330287814140320e-02
4.512398317456245422e-02
5.035812780261039734e-02
6.984411925077438354e-02
7.134243100881576538e-02
5.160104855895042419e-02
5.897220596671104431e-02
6.871133297681808472e-02
4.468840360641479492e-02
3.342835977673530579e-02
3.939036279916763306e-02
2.494126744568347931e-02
1.160737872123718262e-02
1.739447005093097687e-02
1.723104901611804962e-02
1.884904317557811737e-02
3.725465014576911926e-02
3.520538285374641418e-02
1.298029441386461258e-02
1.394510455429553986e-02
6.806030869483947754e-03
-9.589654393494129181e-03
-1.379096298478543758e-03
-1.648779399693012238e-02
8.358415216207504272e-02
3.561156690120697021e-01
3.609870970249176025e-01
7.254307623952627182e-03
-2.150993496179580688e-01
-1.958993524312973022e-01
-1.494141221046447754e-01
-1.258188933134078979e-01
-1.000683903694152832e-01
-4.991194605827331543e-02
-2.701954171061515808e-02
-5.983486399054527283e-02
-7.180283218622207642e-02
-6.819274276494979858e-02
-7.219710946083068848e-02
-6.731253862380981445e-02
-6.925277411937713623e-02
-6.898516416549682617e-02
-6.220439076423645020e-02
-4.978677630424499512e-02
-3.470420092344284058e-02
-3.530630096793174744e-02
-9.334300644695758820e-03
2.602918073534965515e-02
5.034566856920719147e-03
7.517812773585319519e-03
5.260595679283142090e-02
5.038286373019218445e-02
5.815731361508369446e-02
1.054451689124107361e-01
1.103387326002120972e-01
9.883388876914978027e-02
9.905420988798141479e-02
6.842903047800064087e-02
3.597709536552429199e-02
3.896691650152206421e-02
4.485460743308067322e-02
2.526728250086307526e-02
6.103236693888902664e-03
8.215484209358692169e-03
-3.350437618792057037e-03
-1.901707053184509277e-02
-1.255076099187135696e-02
-2.542328834533691406e-02
-3.426109999418258667e-02
-1.036858372390270233e-02
-6.263109855353832245e-03
-2.188470214605331421e-03
1.474945154041051865e-02
-9.924467653036117554e-03
-2.752402052283287048e-02
6.443203426897525787e-03
1.588478311896324158e-02
-1.412038970738649368e-02
-2.147607319056987762e-02
-2.528369054198265076e-02
-5.135929584503173828e-02
-5.636467039585113525e-02
-4.856515303254127502e-02
-6.974957138299942017e-02
-1.022406518459320068e-01
-1.092251539230346680e-01
-9.028937667608261108e-02
-7.163357734680175781e-02
-7.007227092981338501e-02
-4.350147023797035217e-02
1.411586552858352661e-01
3.883553445339202881e-01
3.272108733654022217e-01
9.905168786644935608e-03
-1.564697325229644775e-01
-1.045564785599708557e-01
-1.225539110600948334e-02
2.011284045875072479e-02
2.201572619378566742e-02
3.095217235386371613e-02
2.446469105780124664e-02
3.727304562926292419e-02
5.014746263623237610e-02
1.288043800741434097e-02
-1.080148853361606598e-02
-1.019371394068002701e-02
-1.931193657219409943e-02
-2.567720226943492889e-02
-3.621226549148559570e-02
-4.796109348535537720e-02
-4.143712669610977173e-02
-2.715377323329448700e-02
-2.432708255946636200e-02
-3.256769850850105286e-02
-1.847605779767036438e-02
3.369739046320319176e-03
-2.328824065625667572e-02
-2.755744755268096924e-02
2.094685286283493042e-02
1.151264924556016922e-02
-1.221087947487831116e-02
1.351749710738658905e-02
1.131667755544185638e-02
-6.537023000419139862e-04
1.437690854072570801e-02
1.138901896774768829e-02
-9.184109512716531754e-05
7.727081421762704849e-03
2.841222658753395081e-02
3.991931676864624023e-02
2.984692528843879700e-02
2.872869186103343964e-02
3.840469941496849060e-02
2.943013049662113190e-02
1.175551395863294601e-02
8.757960982620716095e-03
1.684360951185226440e-02
8.593689650297164917e-03
5.809218157082796097e-03
8.845519274473190308e-03
-2.186680771410465240e-02
-2.865444310009479523e-02
-1.129214093089103699e-02
-3.075293265283107758e-02
-2.999557182192802429e-02
3.004641039296984673e-04
1.495593343861401081e-03
-2.607686631381511688e-02
-4.989286512136459351e-02
-3.109604492783546448e-02
-1.185565348714590073e-02
-2.677890285849571228e-02
-1.359954196959733963e-02
2.403746126219630241e-03
-3.074507042765617371e-02
-4.903982207179069519e-02
-2.245824225246906281e-02
-3.035696782171726227e-02
-6.524533778429031372e-02
-4.660366475582122803e-02
-3.803113102912902832e-02
4.075377807021141052e-02
3.305776715278625488e-01
4.235796630382537842e-01
8.863332867622375488e-02
-1.835906952619552612e-01
-1.976042240858078003e-01
-1.418001055717468262e-01
-5.081743746995925903e-02
-1.063286792486906052e-03
-6.808515638113021851e-03
1.041871588677167892e-02
1.074180100113153458e-02
1.312696002423763275e-02
3.600882738828659058e-02
2.161282487213611603e-02
1.461435854434967041e-02
2.502245083451271057e-02
9.780082851648330688e-03
-6.950499024242162704e-03
-2.450295351445674896e-02
-2.924146316945552826e-02
-9.871970862150192261e-03
-5.720717366784811020e-03
1.411156379617750645e-03
1.431180443614721298e-02
-9.135061874985694885e-03
-2.397574298083782196e-02
4.452879074960947037e-03
1.566016115248203278e-02
5.664377473294734955e-03
2.135160379111766815e-02
2.631943486630916595e-02
-5.965895019471645355e-03
-1.492472458630800247e-02
1.674809725955128670e-03
-4.919248167425394058e-03
-2.327143773436546326e-02
-2.576843462884426117e-02
-1.030344050377607346e-02
-1.206917688250541687e-03
2.930415561422705650e-03
1.436643209308385849e-02
-6.708260159939527512e-03
-1.666552200913429260e-02
3.278790414333343506e-02
5.881768465042114258e-02
3.213210031390190125e-02
1.952581369550898671e-04
2.401621779426932335e-03
2.520418912172317505e-02
1.479414943605661392e-02
-6.271721795201301575e-03
-1.283350307494401932e-02
-9.479898959398269653e-03
8.321152999997138977e-03
1.048830989748239517e-02
-1.361442409688606858e-04
-1.071890443563461304e-02
-4.185262322425842285e-02
-5.633502826094627380e-02
-2.314118109643459320e-02
-3.668295685201883316e-03
-3.148648515343666077e-02
-5.504442378878593445e-02
-5.271752551198005676e-02
-5.092204734683036804e-02
-5.074087902903556824e-02
-4.371943324804306030e-02
-3.919275477528572083e-02
-3.261759132146835327e-02
-1.616677269339561462e-02
5.716833751648664474e-03
3.177956491708755493e-02
4.343848675489425659e-02
4.140792042016983032e-02
6.252864003181457520e-02
8.846803009510040283e-02
8.762456476688385010e-02
6.965078413486480713e-02
4.759201779961585999e-02
4.029579833149909973e-02
4.564493522047996521e-02
6.002348661422729492e-02
8.332867920398712158e-02
7.467840611934661865e-02
3.249875456094741821e-02
-6.000917637720704079e-04
-3.978997468948364258e-03
2.129780873656272888e-02
8.781428448855876923e-03
-1.645255018956959248e-03
1.924259066581726074e-01
3.965183496475219727e-01
1.931855082511901855e-01
-1.950211673974990845e-01
-3.549258112907409668e-01
-3.519744277000427246e-01
-3.004215359687805176e-01
-2.399967461824417114e-01
-2.272711545228958130e-01
-1.958321481943130493e-01
-1.501707732677459717e-01
-1.352246254682540894e-01
-9.928160905838012695e-02
-5.707761645317077637e-02
-2.210403233766555786e-02
3.098118677735328674e-02
6.849937885999679565e-02
8.048186451196670532e-02
9.058513492345809937e-02
1.020849570631980896e-01
1.161161735653877258e-01
1.361446976661682129e-01
1.526525169610977173e-01
1.463730633258819580e-01
1.348261386156082153e-01
1.372347176074981689e-01
1.280662119388580322e-01
1.157684102654457092e-01
1.231048405170440674e-01
1.198533996939659119e-01
9.814928472042083740e-02
8.474283665418624878e-02
8.975394815206527710e-02
9.052383899688720703e-02
5.461054667830467224e-02
1.826102100312709808e-02
1.098285894840955734e-02
-1.024167239665985107e-02
-3.877611830830574036e-02
-6.327744573354721069e-02
-1.095879301428794861e-01
-1.380843371152877808e-01
-1.256598979234695435e-01
-1.175514832139015198e-01
-1.276520192623138428e-01
-1.372467130422592163e-01
-1.334916651248931885e-01
-1.354891955852508545e-01
-1.414319276809692383e-01
-1.156913861632347107e-01
-1.051742136478424072e-01
-1.399625092744827271e-01
-1.413546651601791382e-01
-1.070146411657333374e-01
-9.853450953960418701e-02
-9.836572408676147461e-02
-9.837174415588378906e-02
-1.086179763078689575e-01
-8.500143140554428101e-02
-5.537686496973037720e-02
-4.743876680731773376e-02
3.132165595889091492e-02
1.356041878461837769e-01
1.649627089500427246e-01
2.113171964883804321e-01
2.872468233108520508e-01
3.083064258098602295e-01
2.962596118450164795e-01
2.697143256664276123e-01
2.409280538558959961e-01
2.169323414564132690e-01
1.551557034254074097e-01
9.707668423652648926e-02
5.416803807020187378e-02
-9.885863400995731354e-03
9.717161208391189575e-02
3.542307913303375244e-01
2.950333952903747559e-01
-7.124806195497512817e-02
-2.771463096141815186e-01
-2.668720483779907227e-01
-2.067556977272033691e-01
-1.564999222755432129e-01
-1.514442116022109985e-01
-1.546577364206314087e-01
-1.432387828826904297e-01
-1.180371120572090149e-01
-6.935523450374603271e-02
-5.220106989145278931e-02
-7.489281892776489258e-02
-6.702831387519836426e-02
-3.409510850906372070e-02
-4.008251801133155823e-02
-6.089498847723007202e-02
-4.311580955982208252e-02
-3.750598803162574768e-02
-5.896927788853645325e-02
-5.001809448003768921e-02
-3.652859851717948914e-02
-3.122429363429546356e-02
-2.206176519393920898e-02
-4.702128097414970398e-02
-5.839402973651885986e-02
-3.087217360734939575e-02
-3.432438522577285767e-02
-5.453305318951606750e-02
-6.882636994123458862e-02
-8.119904249906539917e-02
-6.511107087135314941e-02
-6.976777315139770508e-02
-9.339341521263122559e-02
-5.705349892377853394e-02
-3.137676045298576355e-02
-5.085239559412002563e-02
-1.536164805293083191e-02
4.871044680476188660e-02
7.135520130395889282e-02
8.673750609159469604e-02
1.365450322628021240e-01
1.926766782999038696e-01
2.082285434007644653e-01
2.231050580739974976e-01
2.727658748626708984e-01
3.256251811981201172e-01
3.832474052906036377e-01
4.194672405719757080e-01
4.092219173908233643e-01
3.916544318199157715e-01
3.433104157447814941e-01
2.705011963844299316e-01
2.261313349008560181e-01
1.391464173793792725e-01
1.685212180018424988e-02
-2.578048780560493469e-02
-4.117772728204727173e-02
-1.319639682769775391e-01
-2.684136927127838135e-01
-3.753019571304321289e-01
-4.442159831523895264e-01
-4.969987273216247559e-01
-5.148877501487731934e-01
-5.445761680603027344e-01
-5.267820358276367188e-01
-3.270792067050933838e-01
-2.564441859722137451e-01
-4.727659225463867188e-01
-5.426957607269287109e-01
-4.304808974266052246e-01
-3.867754042148590088e-01
-3.281989097595214844e-01
-2.577077746391296387e-01
-2.247748821973800659e-01
-1.544625312089920044e-01
-1.198625639081001282e-01
-8.903035521507263184e-02
4.436279833316802979e-02
1.937469542026519775e-01
4.655146598815917969e-01
8.497768044471740723e-01
1.001577973365783691e+00
9.673269987106323242e-01
9.545134305953979492e-01
9.264673590660095215e-01
7.462348341941833496e-01
3.570728302001953125e-01
9.467408061027526855e-02
1.122472733259201050e-01
1.144989579916000366e-01
7.461491972208023071e-02
7.243775576353073120e-02
4.303851723670959473e-02
1.149903424084186554e-02
-1.247141044586896896e-02
-5.222585052251815796e-02
-8.985899388790130615e-02
-1.286402195692062378e-01
-1.756093800067901611e-01
-2.232479006052017212e-01
-2.698008418083190918e-01
-3.266054391860961914e-01
-3.807843625545501709e-01
-4.318964183330535889e-01
-5.025741457939147949e-01
-5.524462461471557617e-01
-6.141653656959533691e-01
-6.984657645225524902e-01
-7.216216325759887695e-01
-8.367531299591064453e-01
-8.683063387870788574e-01
-3.716425001621246338e-01
1.799821108579635620e-01
3.030104935169219971e-01
3.737061917781829834e-01
5.190500020980834961e-01
5.652830600738525391e-01
5.592097640037536621e-01
5.358138680458068848e-01
4.745383858680725098e-01
4.017761945724487305e-01
3.484010696411132812e-01
2.886784374713897705e-01
2.158395498991012573e-01
1.736216992139816284e-01
1.471745222806930542e-01
1.107586398720741272e-01
6.704147160053253174e-02
3.351754322648048401e-02
2.557604201138019562e-02
-1.257819682359695435e-02
-8.724558167159557343e-03
1.987896710634231567e-01
3.457876443862915039e-01
1.197390407323837280e-01
-1.886300593614578247e-01
-2.793621420860290527e-01
-2.586121857166290283e-01
-2.099886685609817505e-01
-1.389965564012527466e-01
-9.927075356245040894e-02
-1.008286476135253906e-01
-1.088500916957855225e-01
-1.062675192952156067e-01
-1.048116832971572876e-01
-1.083769798278808594e-01
-1.041228845715522766e-01
-9.731534868478775024e-02
-9.121946990489959717e-02
-7.761060446500778198e-02
-6.705100089311599731e-02
-7.651453465223312378e-02
-7.340788841247558594e-02
-3.642567992210388184e-02
-2.564177103340625763e-02
-2.942777797579765320e-02
2.003431878983974457e-02
5.894923210144042969e-02
3.923596814274787903e-02
4.077892750501632690e-02
7.486120611429214478e-02
7.879875600337982178e-02
6.788437068462371826e-02
6.013962626457214355e-02
4.400768876075744629e-02
5.194224789738655090e-02
6.729692965745925903e-02
4.942814260721206665e-02
3.851037472486495972e-02
3.224539011716842651e-02
-4.620252002496272326e-04
-1.244254317134618759e-02
5.428313743323087692e-03
7.607332430779933929e-03
1.481749000959098339e-03
7.646552287042140961e-03
2.233611978590488434e-02
2.718328870832920074e-02
1.315982826054096222e-02
2.248432859778404236e-02
3.642280772328376770e-02
-1.925168093293905258e-03
-2.139800973236560822e-02
8.131738752126693726e-03
2.259666286408901215e-02
9.355237707495689392e-03
-1.944232732057571411e-02
-2.686303481459617615e-02
-1.338164508342742920e-02
-3.192520886659622192e-02
-7.073412090539932251e-02
-7.665193825960159302e-02
-4.797670617699623108e-02
-5.156070366501808167e-02
-7.524182647466659546e-02
-5.599773675203323364e-02
-3.968113660812377930e-02
-3.160224482417106628e-02
9.304152801632881165e-03
1.030344702303409576e-02
4.516270011663436890e-02
3.158059418201446533e-01
5.365950465202331543e-01
3.103577494621276855e-01
-4.041096568107604980e-02
-1.482964456081390381e-01
-1.348506808280944824e-01
-7.805614918470382690e-02
-2.476995997130870819e-02
-5.442025512456893921e-02
-9.129169583320617676e-02
-1.139738932251930237e-01
-1.435098350048065186e-01
-1.357024163007736206e-01
-1.253502815961837769e-01
-1.357201039791107178e-01
-1.080234348773956299e-01
-6.953290849924087524e-02
-5.548724904656410217e-02
-1.778485998511314392e-02
3.103474155068397522e-02
6.326338648796081543e-02
9.443471580743789673e-02
9.558144211769104004e-02
8.296420425176620483e-02
9.393832087516784668e-02
8.277656883001327515e-02
4.453739523887634277e-02
1.801153086125850677e-02
8.246737532317638397e-03
4.321572370827198029e-03
-6.844562478363513947e-03
-1.746126450598239899e-02
-2.817080356180667877e-02
-3.939964249730110168e-02
-3.178849443793296814e-02
-2.082673646509647369e-02
-3.648161888122558594e-02
-5.020879581570625305e-02
-2.939382009208202362e-02
3.612752538174390793e-03
3.292021900415420532e-02
3.826949745416641235e-02
1.154123805463314056e-02
1.121169235557317734e-02
3.043247945606708527e-02
1.969766803085803986e-02
7.059806026518344879e-03
7.423027884215116501e-03
2.092041820287704468e-02
6.613992154598236084e-02
1.039566695690155029e-01
1.082958281040191650e-01
1.120904609560966492e-01
1.124466732144355774e-01
1.086698845028877258e-01
1.291586458683013916e-01
1.317306309938430786e-01
8.413583040237426758e-02
3.929560258984565735e-02
-4.814185667783021927e-03
-6.847175210714340210e-02
-9.883320331573486328e-02
-1.142583191394805908e-01
-1.474203914403915405e-01
-1.454787403345108032e-01
-1.279484480619430542e-01
-1.234365478157997131e-01
-1.060401424765586853e-01
-1.172410920262336731e-01
-3.857376426458358765e-02
2.300989031791687012e-01
2.626425921916961670e-01
-1.269715130329132080e-01
-3.975991010665893555e-01
-3.659163415431976318e-01
-3.195066750049591064e-01
-2.715215384960174561e-01
-1.956869512796401978e-01
-1.759043931961059570e-01
-1.548080146312713623e-01
-1.024303212761878967e-01
-5.934521555900573730e-02
2.025539142778143287e-04
6.475682556629180908e-02
1.376201063394546509e-01
2.457221299409866333e-01
2.964391410350799561e-01
2.860474586486816406e-01
3.122313916683197021e-01
3.605245947837829590e-01
3.964876532554626465e-01
4.061445891857147217e-01
3.842761814594268799e-01
3.759321868419647217e-01
3.726981282234191895e-01
2.983715534210205078e-01
1.818407177925109863e-01
8.412947505712509155e-02
-6.174208968877792358e-02
-2.226907610893249512e-01
-3.063958883285522461e-01
-3.683415353298187256e-01
-3.932878673076629639e-01
-3.459784984588623047e-01
-3.041232526302337646e-01
-2.730163931846618652e-01
-2.315101474523544312e-01
-1.991060823202133179e-01
-1.670823544263839722e-01
-1.339846402406692505e-01
-1.067123711109161377e-01
-7.886583358049392700e-02
-5.357014387845993042e-02
-3.127948567271232605e-02
-9.901713579893112183e-03
8.618913590908050537e-03
2.498429454863071442e-02
3.969838470220565796e-02
5.173909664154052734e-02
6.209738925099372864e-02
7.032180577516555786e-02
7.658359408378601074e-02
8.104500919580459595e-02
8.377366513013839722e-02
8.474536240100860596e-02
8.434973657131195068e-02
8.238058537244796753e-02
7.928252965211868286e-02
7.493770122528076172e-02
6.969987601041793823e-02
6.352208554744720459e-02
5.675682798027992249e-02
4.932699725031852722e-02
4.162366688251495361e-02
3.354060277342796326e-02
2.546734549105167389e-02
1.729540340602397919e-02
9.392686188220977783e-03
1.639653346501290798e-03
-5.609805695712566376e-03
-1.250213384628295898e-02
-1.869668439030647278e-02
-2.436900138854980469e-02
-2.919905446469783783e-02
-3.339032456278800964e-02
-3.664667904376983643e-02
-3.920168057084083557e-02
-4.078205302357673645e-02
-4.165296629071235657e-02
-4.156276956200599670e-02
-4.080692678689956665e-02
-3.915392979979515076e-02
-3.692679479718208313e-02
-3.391105309128761292e-02
-3.045397996902465820e-02
-2.635359019041061401e-02
-2.197718806564807892e-02
-1.713000796735286713e-02
-1.219417061656713486e-02
-6.976341828703880310e-03
-1.867733779363334179e-03
3.329840255901217461e-03
8.221845142543315887e-03
1.301784254610538483e-02
1.732560619711875916e-02
2.137220464646816254e-02
2.477326057851314545e-02
2.777859568595886230e-02
3.001652657985687256e-02
3.176447376608848572e-02
3.266633301973342896e-02
3.303173184394836426e-02
3.252162411808967590e-02
3.147971257567405701e-02
2.958659455180168152e-02
2.721793390810489655e-02
2.407483756542205811e-02
2.056530863046646118e-02
1.640257053077220917e-02
1.203229092061519623e-02
7.170351687818765640e-03
2.291242126375436783e-03
-2.875962527468800545e-03
-7.856324315071105957e-03
-1.290244702249765396e-02
-1.753067784011363983e-02
-2.203353680670261383e-02
-2.586251683533191681e-02
-2.939212881028652191e-02
-3.206707164645195007e-02
-3.420829400420188904e-02
-3.544226288795471191e-02
-3.596575930714607239e-02
-3.543480485677719116e-02
-3.435901179909706116e-02
-3.192424029111862183e-02
-2.915500290691852570e-02
-2.527924254536628723e-02
-2.058999612927436829e-02
-1.577608287334442139e-02
-9.955733083188533783e-03
-3.685487434267997742e-03
1.432286924682557583e-03
8.923244662582874298e-03
1.373804546892642975e-02
1.854229718446731567e-02
2.548569999635219574e-02
2.542549557983875275e-02
2.960700541734695435e-02
3.224379569292068481e-02
2.283708751201629639e-02
2.976097911596298218e-02
1.643213815987110138e-02
1.243184669874608517e-03
1.256959419697523117e-02
-4.522617161273956299e-02
2.369194664061069489e-02
2.737614512443542480e-01
2.026129215955734253e-01
-9.557481855154037476e-02
-1.794883161783218384e-01
-1.881779283285140991e-01
-1.370108276605606079e-01
2.223504707217216492e-02
6.957724690437316895e-02
5.647980049252510071e-02
6.638128310441970825e-02
5.007356032729148865e-02
5.723688006401062012e-02
6.832598894834518433e-02
5.093229934573173523e-02
4.338705539703369141e-02
3.026280924677848816e-02
5.635133013129234314e-03
-3.918350487947463989e-02
-8.562310039997100830e-02
-1.017545610666275024e-01
-1.183169707655906677e-01
-1.190244704484939575e-01
-9.328813105821609497e-02
-1.116042882204055786e-01
-1.199236512184143066e-01
-7.413217425346374512e-02
