-1.144627109169960022e-02
-7.860597968101501465e-02
-2.884959429502487183e-02
-7.929064333438873291e-03
-3.934667259454727173e-02
-4.409176297485828400e-03
2.502004208508878946e-04
-3.481613006442785263e-03
6.159277260303497314e-02
8.713941276073455811e-02
-1.083306409418582916e-02
-1.130989417433738708e-01
-8.927699178457260132e-02
-6.017332896590232849e-02
-1.113776415586471558e-01
-1.108951941132545471e-01
-1.413011252880096436e-01
-1.851827949285507202e-01
-9.201925992965698242e-02
-1.538712829351425171e-01
-1.032202765345573425e-01
5.736826658248901367e-01
9.327105283737182617e-01
4.232513606548309326e-01
1.342780981212854385e-02
-7.926616817712783813e-02
-1.685121953487396240e-01
-1.088389977812767029e-01
-1.024387255311012268e-01
-1.897075325250625610e-01
-1.168000102043151855e-01
-7.399436086416244507e-02
-9.038261324167251587e-02
-5.556201189756393433e-02
-1.213833466172218323e-01
-1.712787300348281860e-01
-1.116461530327796936e-01
-8.748964965343475342e-02
-6.477744132280349731e-02
-4.372188821434974670e-02
-3.455059975385665894e-02
-2.319575473666191101e-02
-4.235570505261421204e-02
5.950595717877149582e-03
5.581243336200714111e-02
4.645342379808425903e-02
7.538595795631408691e-02
1.324079036712646484e-01
2.170596569776535034e-01
1.947795450687408447e-01
1.191457360982894897e-01
1.550591289997100830e-01
9.848137199878692627e-02
1.139768119901418686e-02
-9.760829620063304901e-03
-6.201161816716194153e-02
-3.632085397839546204e-02
-1.511636073701083660e-03
-4.075716063380241394e-02
-5.079985782504081726e-02
-1.858035847544670105e-02
6.685059051960706711e-03
-1.555429399013519287e-02
-4.209935292601585388e-02
-5.937480181455612183e-02
-6.456962972879409790e-02
-1.698529161512851715e-02
-1.207743654958903790e-03
-2.610040130093693733e-03
-7.292727474123239517e-03
-4.438748210668563843e-02
1.079205237329006195e-02
2.722567133605480194e-02
-2.751881442964076996e-02
2.569019608199596405e-02
-2.758486568927764893e-02
-1.103782281279563904e-01
2.758935093879699707e-02
4.449087381362915039e-02
-5.885133892297744751e-02
4.724812693893909454e-03
3.811743482947349548e-02
3.969472832977771759e-03
1.670254021883010864e-02
1.846766099333763123e-02
-6.994605064392089844e-03
-3.900947794318199158e-02
-3.177044168114662170e-02
-2.193878963589668274e-02
-5.293166264891624451e-03
9.544994682073593140e-03
-3.818976879119873047e-02
-6.828564073657616973e-05
3.453214094042778015e-02
-3.471329435706138611e-02
3.043002448976039886e-02
8.716595172882080078e-02
4.704567417502403259e-02
9.552491456270217896e-02
4.354368895292282104e-02
-6.519708782434463501e-02
-3.837953880429267883e-02
-7.296092808246612549e-02
-1.239119619131088257e-01
-9.517259150743484497e-02
-9.732834994792938232e-02
-6.346107274293899536e-02
-7.119753211736679077e-02
-2.205818742513656616e-01
-1.797357797622680664e-01
3.996782600879669189e-01
9.819546341896057129e-01
6.510832309722900391e-01
-1.159024704247713089e-02
-7.706587016582489014e-02
-3.948379680514335632e-02
-1.452893614768981934e-01
-1.420447230339050293e-01
-1.602038592100143433e-01
-1.455924957990646362e-01
-1.196930855512619019e-01
-1.169541254639625549e-01
-6.020160019397735596e-02
-1.203978955745697021e-01
-1.577895879745483398e-01
-9.824054688215255737e-02
-1.299429386854171753e-01
-9.689759463071823120e-02
-2.794250473380088806e-02
-4.823195561766624451e-02
-5.192805454134941101e-02
-6.714877486228942871e-02
-4.588883370161056519e-02
4.298298805952072144e-02
7.051652669906616211e-02
6.949468702077865601e-02
1.002402678132057190e-01
1.342179179191589355e-01
1.535355746746063232e-01
1.669169217348098755e-01
1.673453748226165771e-01
1.260100603103637695e-01
4.581406712532043457e-02
-4.837636649608612061e-02
-2.681191638112068176e-02
6.761819124221801758e-02
-3.571802750229835510e-02
-1.291634291410446167e-01
2.723122248426079750e-03
3.540540114045143127e-02
-3.874917328357696533e-02
-3.547339886426925659e-02
-4.311649501323699951e-02
-3.525540232658386230e-02
1.575957424938678741e-02
1.005143299698829651e-02
-3.142620250582695007e-02
-3.035426512360572815e-02
-6.184843834489583969e-03
-1.043270155787467957e-02
-4.282860830426216125e-02
-4.121196642518043518e-02
2.379525639116764069e-02
4.394774883985519409e-02
-5.652673542499542236e-03
5.588326137512922287e-03
4.605457931756973267e-02
-6.282637361437082291e-03
-7.230768352746963501e-02
-7.223541382700204849e-03
6.824730336666107178e-02
-2.447627298533916473e-02
-6.086624786257743835e-02
4.394841194152832031e-02
-7.031966932117938995e-03
-4.958400130271911621e-02
2.079629339277744293e-02
-6.371776014566421509e-02
-6.397808343172073364e-02
4.123522713780403137e-02
-6.504611577838659286e-03
-5.901550408452749252e-03
3.228370100259780884e-02
1.357001345604658127e-02
2.338932827115058899e-02
5.380319058895111084e-02
9.846474230289459229e-02
2.005597203969955444e-02
-8.573108911514282227e-02
-2.087366767227649689e-02
-3.484027832746505737e-02
-1.222850903868675232e-01
-7.919061183929443359e-02
-8.270303159952163696e-02
-1.437112241983413696e-01
-1.783827394247055054e-01
-2.288488894701004028e-01
1.754203438758850098e-02
6.522641181945800781e-01
9.121595025062561035e-01
4.043814539909362793e-01
-8.440650254487991333e-02
-1.063598543405532837e-01
-1.059013679623603821e-01
-1.263755559921264648e-01
-7.810345292091369629e-02
-1.266721338033676147e-01
-8.243883401155471802e-02
-2.155015245079994202e-02
-1.475314199924468994e-01
-1.598399132490158081e-01
-1.122658178210258484e-01
-1.573721170425415039e-01
-1.155835092067718506e-01
-7.694672048091888428e-02
-6.704411655664443970e-02
1.961706147994846106e-04
-1.686781086027622223e-02
-8.904904127120971680e-02
-6.083388254046440125e-02
-7.469770032912492752e-03
-5.126240197569131851e-03
3.722000867128372192e-02
1.144679710268974304e-01
1.567934602499008179e-01
1.739760190248489380e-01
1.829100251197814941e-01
1.848105490207672119e-01
1.140513867139816284e-01
4.027273133397102356e-02
5.483167618513107300e-02
-3.714301437139511108e-02
-1.471575796604156494e-01
-5.823155120015144348e-02
7.703704293817281723e-03
-2.170463651418685913e-02
-3.685307130217552185e-02
-2.522723376750946045e-02
2.077961340546607971e-02
4.076617304235696793e-03
-9.732999838888645172e-03
2.499288134276866913e-02
-1.670008338987827301e-02
-2.512702159583568573e-02
-6.938773673027753830e-03
-4.023331031203269958e-02
6.835320382378995419e-04
1.198821421712636948e-02
-3.184322640299797058e-02
3.633739799261093140e-02
2.969916909933090210e-02
-7.121837884187698364e-02
-3.152238577604293823e-02
-8.388005197048187256e-03
-3.786518424749374390e-02
3.580104093998670578e-03
-5.682860966771841049e-03
-4.636316746473312378e-02
-6.786111742258071899e-02
-7.479293644428253174e-02
-6.498825736343860626e-03
3.500559180974960327e-02
5.302234087139368057e-03
1.409739721566438675e-02
4.205935075879096985e-02
2.036204747855663300e-02
-3.183041885495185852e-02
-3.414244949817657471e-02
3.075456991791725159e-02
6.479991972446441650e-02
6.981946527957916260e-02
1.077807992696762085e-01
1.166131570935249329e-01
3.998144716024398804e-02
-4.717887565493583679e-02
-5.018660053610801697e-02
-3.302408149465918541e-03
-3.260796517133712769e-02
-1.609482020139694214e-01
-1.621103733777999878e-01
-4.787987843155860901e-02
-1.388254016637802124e-01
-2.705911695957183838e-01
-1.039672121405601501e-01
3.970920145511627197e-01
8.134828805923461914e-01
5.160241723060607910e-01
-1.868450641632080078e-02
-1.103249415755271912e-01
-1.190347969532012939e-01
-1.364971995353698730e-01
-4.695999994874000549e-02
-8.603197336196899414e-02
-1.448149532079696655e-01
-9.517166763544082642e-02
-1.030491963028907776e-01
-1.264988780021667480e-01
-7.169247418642044067e-02
-6.927737593650817871e-02
-1.240588352084159851e-01
-8.812360465526580811e-02
-1.524629816412925720e-02
-1.686443760991096497e-02
-5.511203035712242126e-02
-7.357081025838851929e-02
-1.840214990079402924e-02
2.625482715666294098e-02
-2.015597745776176453e-02
2.802944928407669067e-02
1.265782862901687622e-01
1.390086114406585693e-01
1.975301206111907959e-01
1.935345381498336792e-01
8.305459469556808472e-02
7.646729797124862671e-02
5.217323079705238342e-02
7.681972812861204147e-03
5.950858816504478455e-02
-1.395430043339729309e-02
-5.586707219481468201e-02
4.050196334719657898e-02
-5.307595431804656982e-02
-1.019750684499740601e-01
-1.349316351115703583e-02
-4.603995010256767273e-02
-1.713561452925205231e-02
-7.081846240907907486e-03
-8.304839581251144409e-02
-4.269456863403320312e-02
-4.890114814043045044e-02
-3.419724479317665100e-02
6.290100514888763428e-02
-1.410988718271255493e-02
-5.733574181795120239e-02
4.121810942888259888e-02
2.399061433970928192e-02
-2.826483175158500671e-02
-1.206106506288051605e-02
-1.544271828606724739e-03
3.445809707045555115e-02
4.115486890077590942e-02
-1.483294088393449783e-02
-2.522170078009366989e-03
-4.414918366819620132e-03
-4.012712463736534119e-02
-1.668453402817249298e-02
-3.992841020226478577e-02
-3.575783595442771912e-02
1.311301719397306442e-02
1.594002731144428253e-02
3.010172955691814423e-02
-2.332455478608608246e-02
-5.622315779328346252e-02
2.121883258223533630e-02
5.174791440367698669e-02
5.056330934166908264e-02
5.288075283169746399e-02
8.488851785659790039e-02
1.097545623779296875e-01
-2.085632085800170898e-02
-9.362881630659103394e-02
9.006739594042301178e-03
-3.945467248558998108e-02
-1.540574729442596436e-01
-8.912874013185501099e-02
-7.610718905925750732e-02
-1.399198919534683228e-01
-1.416709572076797485e-01
-2.368772625923156738e-01
-1.312933117151260376e-01
5.257183313369750977e-01
8.935906887054443359e-01
4.280300438404083252e-01
1.487116236239671707e-02
-3.746698051691055298e-02
-1.314940303564071655e-01
-1.401572525501251221e-01
-6.675752997398376465e-02
-6.343444436788558960e-02
-9.961852431297302246e-02
-1.358840614557266235e-01
-6.741249561309814453e-02
-3.826133534312248230e-02
-1.308677941560745239e-01
-1.438640356063842773e-01
-1.177089884877204895e-01
-1.020681560039520264e-01
-8.639982342720031738e-02
-9.943131357431411743e-02
-4.882358387112617493e-02
-3.838571906089782715e-02
-9.387785941362380981e-02
-1.382782682776451111e-02
5.460858717560768127e-02
3.530396521091461182e-02
1.176341772079467773e-01
1.728078126907348633e-01
1.237049251794815063e-01
1.250614076852798462e-01
1.287364959716796875e-01
1.091186553239822388e-01
1.062060967087745667e-01
5.940174311399459839e-02
3.004640527069568634e-02
3.238070383667945862e-02
-2.817918919026851654e-02
-5.028010904788970947e-02
-2.474267035722732544e-02
-5.735191702842712402e-02
-4.064616933465003967e-02
1.860177703201770782e-02
2.391986316069960594e-03
-5.497590824961662292e-02
-9.717575460672378540e-02
-5.174875259399414062e-02
2.673610672354698181e-02
1.125955209136009216e-02
-2.343095466494560242e-02
-2.403717301785945892e-02
-6.832333165220916271e-04
1.224381849169731140e-02
-4.152965173125267029e-02
-2.932901866734027863e-02
4.149974137544631958e-02
1.883885636925697327e-02
3.362549096345901489e-02
6.360765546560287476e-02
-6.606865674257278442e-02
-7.956594228744506836e-02
5.367760732769966125e-02
-9.157466702163219452e-03
-6.106229126453399658e-02
2.637814357876777649e-02
1.201957836747169495e-02
-3.400791436433792114e-03
1.179901510477066040e-02
-7.243523001670837402e-02
-8.221825212240219116e-02
2.510562073439359665e-03
9.394602850079536438e-03
2.510245330631732941e-02
1.416026335209608078e-02
-3.267956152558326721e-02
5.318203195929527283e-02
8.905468881130218506e-02
4.814248904585838318e-02
5.109090358018875122e-02
-2.993822656571865082e-02
-5.617982149124145508e-02
-4.140382632613182068e-02
-1.311160773038864136e-01
-1.289710104465484619e-01
-8.946926891803741455e-02
-7.656378298997879028e-02
-6.684841215610504150e-02
-1.897830665111541748e-01
-1.455919295549392700e-01
3.488638401031494141e-01
8.301007151603698730e-01
6.636633276939392090e-01
1.131955161690711975e-01
-8.506418019533157349e-02
-5.855959653854370117e-02
-1.140655651688575745e-01
-9.648811817169189453e-02
-8.039010316133499146e-02
-1.278873682022094727e-01
-1.176138147711753845e-01
-9.024182707071304321e-02
-1.388783156871795654e-01
-1.792735606431961060e-01
-9.851133823394775391e-02
-8.138736337423324585e-02
-1.327970325946807861e-01
-5.065720900893211365e-02
-5.722004547715187073e-02
-1.497370302677154541e-01
-7.261044532060623169e-02
-1.941040903329849243e-02
-3.591574728488922119e-02
4.710352420806884766e-02
9.912531822919845581e-02
5.633324384689331055e-02
7.616790384054183960e-02
1.347209364175796509e-01
1.290495395660400391e-01
1.603848189115524292e-01
1.690715700387954712e-01
8.216910809278488159e-02
9.061920642852783203e-02
5.525140464305877686e-02
-7.977847009897232056e-02
-5.026753246784210205e-02
-3.510749898850917816e-03
-4.615660756826400757e-02
-6.397650390863418579e-02
-1.790796034038066864e-02
7.203302532434463501e-02
1.114781759679317474e-02
-8.791098743677139282e-02
-2.875381335616111755e-02
-2.134515903890132904e-02
-3.746755793690681458e-02
1.347867026925086975e-02
-2.792578749358654022e-02
-3.064168244600296021e-02
6.174131482839584351e-02
2.932585077360272408e-03
-8.736864477396011353e-02
-2.817428484559059143e-02
1.185885816812515259e-02
-1.820708438754081726e-02
-2.109176665544509888e-02
5.326804891228675842e-02
9.496916085481643677e-02
-2.077722921967506409e-02
-6.042565032839775085e-02
1.455136854201555252e-02
-3.720796108245849609e-02
-6.913942843675613403e-02
8.250215090811252594e-03
3.169309347867965698e-02
4.037046432495117188e-02
1.136705186218023300e-02
-1.007468029856681824e-01
-8.919267356395721436e-02
-2.964457264170050621e-03
-3.511544317007064819e-02
2.024195156991481781e-03
1.088866814970970154e-01
5.886236205697059631e-02
3.620076179504394531e-02
1.245895847678184509e-01
7.339514791965484619e-02
-3.788616135716438293e-02
-3.195714578032493591e-02
-3.597754985094070435e-02
-5.527425929903984070e-02
-1.855568960309028625e-02
-7.300432771444320679e-02
-1.763782501220703125e-01
-1.668984591960906982e-01
-1.638773083686828613e-01
-2.247278690338134766e-01
-3.079644218087196350e-02
5.928754210472106934e-01
9.278747439384460449e-01
4.417890310287475586e-01
-7.782553136348724365e-02
-1.523961871862411499e-01
-1.179805696010589600e-01
-5.892107635736465454e-02
-1.102989614009857178e-01
-1.918039172887802124e-01
-7.093673199415206909e-02
-7.637137919664382935e-02
-1.661567986011505127e-01
-5.868129059672355652e-02
-6.828224658966064453e-02
-1.854536384344100952e-01
-8.985796570777893066e-02
-2.589468471705913544e-02
-1.278772354125976562e-01
-7.603359222412109375e-02
2.701005525887012482e-02
-5.625703558325767517e-02
-7.631322741508483887e-02
2.240971103310585022e-02
3.517445875331759453e-03
-1.601388305425643921e-02
8.060749620199203491e-02
1.553708314895629883e-01
1.969612836837768555e-01
1.824645847082138062e-01
1.568129658699035645e-01
1.869111210107803345e-01
1.088309586048126221e-01
8.900841698050498962e-03
1.449045632034540176e-02
4.254035186022520065e-03
-2.897376194596290588e-02
-7.124479860067367554e-02
-7.065545022487640381e-02
-2.972544543445110321e-02
-4.055831953883171082e-02
-2.916084975004196167e-02
-1.834792550653219223e-03
-2.673964202404022217e-02
-4.598271846771240234e-02
-4.652458801865577698e-02
-7.781165093183517456e-02
-8.326803892850875854e-02
2.927330322563648224e-02
6.592758744955062866e-02
-3.549641370773315430e-02
-7.312711328268051147e-03
2.938101068139076233e-02
-5.090245231986045837e-02
-5.021966248750686646e-02
-2.164335362613201141e-02
1.317293848842382431e-02
7.501339167356491089e-02
5.360528826713562012e-02
5.186227150261402130e-03
-4.897901043295860291e-02
-3.883891552686691284e-02
4.073130339384078979e-02
-3.490279614925384521e-02
-9.832777827978134155e-02
1.477881427854299545e-02
6.831438839435577393e-02
4.539537429809570312e-02
2.161760441958904266e-02
-3.197860717773437500e-02
-6.230535730719566345e-02
-4.980026185512542725e-02
8.725167252123355865e-03
8.084018528461456299e-02
8.185745775699615479e-02
8.354664593935012817e-02
1.074142530560493469e-01
3.021237626671791077e-02
-6.263411790132522583e-02
-8.622758090496063232e-02
-1.268888860940933228e-01
-1.515334397554397583e-01
-1.134315654635429382e-01
-8.551691472530364990e-02
-8.460758626461029053e-02
-1.283745467662811279e-01
-2.329317778348922729e-01
1.252594590187072754e-02
7.338427305221557617e-01
9.061777591705322266e-01
2.541684806346893311e-01
-1.007280349731445312e-01
-4.185628518462181091e-02
-1.170633584260940552e-01
-1.324467211961746216e-01
-9.727077931165695190e-02
-1.517927646636962891e-01
-1.083254143595695496e-01
-4.856704920530319214e-02
-6.532718986272811890e-02
-1.039279401302337646e-01
-1.771403104066848755e-01
-1.388742774724960327e-01
-7.124149054288864136e-02
-1.236752569675445557e-01
-3.561291843652725220e-02
1.813624985516071320e-02
-1.425535827875137329e-01
-9.019804000854492188e-02
1.382682844996452332e-02
-4.127963446080684662e-03
1.190266236662864685e-01
1.025102138519287109e-01
1.472266158089041710e-03
1.222556307911872864e-01
1.840082406997680664e-01
1.645768433809280396e-01
1.513423174619674683e-01
9.343727678060531616e-02
6.446591019630432129e-02
-2.371972985565662384e-02
-5.678327381610870361e-02
2.865480072796344757e-02
-1.435263082385063171e-02
-2.580421231687068939e-02
5.015369877219200134e-02
-2.710788510739803314e-02
-8.707222342491149902e-02
-3.187254071235656738e-02
-3.421901911497116089e-02
-7.006337493658065796e-02
-5.767297744750976562e-02
-9.071846143342554569e-04
1.244920957833528519e-02
-2.754626981914043427e-02
6.588066928088665009e-03
2.621520310640335083e-02
-6.228855624794960022e-02
-5.724306777119636536e-02
4.982108622789382935e-02
3.942254558205604553e-02
-1.841305568814277649e-02
1.101964386180043221e-03
2.831839025020599365e-02
3.862702473998069763e-02
-1.339847780764102936e-02
-4.772377386689186096e-02
1.414471119642257690e-02
-4.870460834354162216e-03
1.047640945762395859e-02
1.056487932801246643e-01
1.688054762780666351e-02
-7.185921072959899902e-02
-6.113836914300918579e-02
-8.380783349275588989e-02
-2.622657082974910736e-02
-2.002575248479843140e-02
-5.675514787435531616e-02
9.054831415414810181e-02
1.173309534788131714e-01
-1.507815066725015640e-02
7.047030143439769745e-03
8.983895531855523586e-04
-4.119644314050674438e-02
1.833493355661630630e-03
-4.278694838285446167e-02
-6.306423246860504150e-02
-6.028441339731216431e-02
-1.486034095287322998e-01
-1.096205413341522217e-01
-6.727971881628036499e-02
-2.053923457860946655e-01
-1.011026054620742798e-01
4.652435779571533203e-01
8.314434289932250977e-01
4.804464876651763916e-01
1.204324420541524887e-02
-7.238812744617462158e-02
-9.742282330989837646e-02
-1.347815543413162231e-01
-4.835046082735061646e-02
-4.504639282822608948e-02
-1.117966324090957642e-01
-8.248232305049896240e-02
-1.095016896724700928e-01
-1.708748191595077515e-01
-1.163182109594345093e-01
-1.201841533184051514e-01
-1.375115811824798584e-01
-6.687744520604610443e-03
6.169969681650400162e-03
-9.301176667213439941e-02
-5.018024146556854248e-02
-4.418897256255149841e-02
-1.010889261960983276e-01
-1.927344128489494324e-02
5.381479114294052124e-02
1.831549964845180511e-02
7.209719717502593994e-02
2.185753583908081055e-01
1.971537172794342041e-01
7.770385593175888062e-02
1.207166388630867004e-01
1.307167857885360718e-01
-2.314244769513607025e-02
-3.600165992975234985e-02
8.043207228183746338e-02
4.653506726026535034e-02
-3.222896903753280640e-02
-5.086292698979377747e-02
-9.786815941333770752e-02
-4.279850050806999207e-02
1.812826842069625854e-02
-9.050831198692321777e-02
-4.174673557281494141e-02
1.144521459937095642e-01
-9.740620851516723633e-03
-1.232943162322044373e-01
-4.870770033448934555e-03
-1.503669336671009660e-04
-7.104004919528961182e-02
-1.692256703972816467e-02
1.767838932573795319e-02
3.868473693728446960e-02
4.168705642223358154e-02
-2.131260372698307037e-02
6.660245358943939209e-03
2.118533663451671600e-02
-5.532024055719375610e-02
-1.269582193344831467e-02
6.104156374931335449e-02
1.620755344629287720e-02
-2.499348018318414688e-03
4.872336611151695251e-02
2.782363630831241608e-02
-4.683679714798927307e-02
-4.887345060706138611e-02
-6.052368320524692535e-03
1.064257603138685226e-02
-1.546170935034751892e-02
-6.537901610136032104e-02
-7.948560267686843872e-02
-3.653844073414802551e-02
1.422956213355064392e-02
4.743913561105728149e-02
8.626519888639450073e-02
8.600425720214843750e-02
5.324476957321166992e-02
7.393128424882888794e-02
3.202439472079277039e-02
-1.239171698689460754e-01
-1.605880260467529297e-01
-1.018507331609725952e-01
-1.117216199636459351e-01
-6.276244670152664185e-02
-3.212641179561614990e-02
-1.607222110033035278e-01
-2.059183567762374878e-01
-1.303843315690755844e-02
4.514949321746826172e-01
8.445416092872619629e-01
5.169440507888793945e-01
-5.468038097023963928e-02
-1.059606447815895081e-01
-3.557524457573890686e-02
-1.063510626554489136e-01
-1.131450459361076355e-01
-1.331479251384735107e-01
-1.680791825056076050e-01
-1.336127221584320068e-01
-8.617050945758819580e-02
-7.338444143533706665e-02
-7.125592976808547974e-02
-7.524210214614868164e-02
-1.137410551309585571e-01
-1.242673322558403015e-01
-6.988535821437835693e-02
-5.746781453490257263e-02
-8.452205359935760498e-02
-2.378446608781814575e-02
4.260008037090301514e-02
1.287589780986309052e-02
-1.623100414872169495e-02
5.724782240577042103e-04
5.307654663920402527e-02
1.043568402528762817e-01
1.620684564113616943e-01
2.213059216737747192e-01
1.650688648223876953e-01
1.408304870128631592e-01
1.725602000951766968e-01
8.463443256914615631e-03
-1.016850247979164124e-01
-3.320056200027465820e-02
-4.354295507073402405e-02
-2.522171288728713989e-02
-5.839582998305559158e-03
-6.748788803815841675e-02
-2.467654086649417877e-02
4.459534306079149246e-03
-2.718007750809192657e-02
-2.180246822535991669e-02
-3.562768548727035522e-02
1.271849032491445541e-02
1.064153970219194889e-03
-1.033330038189888000e-01
-2.189705334603786469e-02
2.332481369376182556e-02
-5.926296859979629517e-02
-7.828007452189922333e-03
-3.660606918856501579e-03
-3.547969460487365723e-02
3.799714148044586182e-02
9.460717439651489258e-03
-3.256065398454666138e-02
2.127705141901969910e-02
3.468857705593109131e-02
3.712937980890274048e-02
4.000646620988845825e-02
1.286579575389623642e-02
-1.427617575973272324e-02
-1.786306872963905334e-02
-2.688549458980560303e-02
-6.389871984720230103e-02
-2.265705354511737823e-02
2.798036672174930573e-02
-6.945856846868991852e-03
-3.672243654727935791e-02
-5.746034905314445496e-02
-2.915188856422901154e-02
1.839332981035113335e-03
1.872531138360500336e-02
1.075987815856933594e-01
6.182013452053070068e-02
8.988559129647910595e-04
8.092705905437469482e-02
-2.243149653077125549e-02
-9.672389179468154907e-02
-1.696986844763159752e-03
-9.018580615520477295e-02
-1.459347903728485107e-01
-4.822625219821929932e-02
-6.408836692571640015e-02
-1.234722137451171875e-01
-2.039704024791717529e-01
-1.554822027683258057e-01
4.248998165130615234e-01
9.370127320289611816e-01
5.740938782691955566e-01
2.280735224485397339e-02
-6.727708131074905396e-02
-6.354956328868865967e-02
-1.188284009695053101e-01
-1.554470509290695190e-01
-1.497769504785537720e-01
-1.035818681120872498e-01
-1.148940846323966980e-01
-1.097810119390487671e-01
-8.915041387081146240e-02
-1.182544827461242676e-01
-9.526568651199340820e-02
-1.080892384052276611e-01
-1.458630561828613281e-01
-5.296469479799270630e-02
-4.087816923856735229e-03
-7.699951529502868652e-02
-9.809517860412597656e-02
-5.841959267854690552e-02
-2.510470710694789886e-02
1.105893962085247040e-02
3.515562042593955994e-02
4.167373105883598328e-02
1.233781725168228149e-01
2.078004479408264160e-01
1.562753170728683472e-01
1.587618589401245117e-01
1.923072040081024170e-01
6.957396119832992554e-02
1.129628438502550125e-02
-5.205015186220407486e-03
-6.878529489040374756e-02
-2.097236225381493568e-03
-2.367497654631733894e-03
-6.847512722015380859e-02
-1.757277548313140869e-02
-2.032724954187870026e-02
-1.084371656179428101e-02
1.871277205646038055e-02
-3.131312504410743713e-02
-3.570141643285751343e-02
-2.534864656627178192e-02
-1.517217326909303665e-02
-4.838494583964347839e-03
-3.232928575016558170e-04
1.037984620779752731e-02
-5.421607568860054016e-02
-2.646009437739849091e-02
4.352581128478050232e-02
-3.796888887882232666e-02
-3.712146356701850891e-02
2.106132544577121735e-02
7.498575374484062195e-03
3.593570366501808167e-02
8.804634213447570801e-03
-4.683977738022804260e-02
3.063188400119543076e-03
9.195471648126840591e-04
-1.664246246218681335e-02
4.208789020776748657e-02
1.268315594643354416e-02
-6.806111428886651993e-03
-1.031308993697166443e-02
-8.390083163976669312e-02
-6.239116657525300980e-03
4.215821623802185059e-02
-4.833361878991127014e-02
-9.542666375637054443e-03
-9.535131976008415222e-03
-5.085388571023941040e-02
4.520601779222488403e-02
7.571472972631454468e-02
6.932798027992248535e-02
1.013418510556221008e-01
3.130539879202842712e-02
-5.567437782883644104e-02
-9.211972355842590332e-02
-7.919351011514663696e-02
-2.988091483712196350e-02
-7.500489801168441772e-02
-1.460366249084472656e-01
-1.283164173364639282e-01
-9.266512840986251831e-02
-1.750654280185699463e-01
-2.564180195331573486e-01
2.135322690010070801e-01
9.260190129280090332e-01
7.909361720085144043e-01
1.825105547904968262e-01
-8.373539894819259644e-03
-8.129396289587020874e-02
-1.955177932977676392e-01
-1.757869720458984375e-01
-1.339620947837829590e-01
-1.073336228728294373e-01
-1.279672235250473022e-01
-1.408558487892150879e-01
-9.505431354045867920e-02
-1.158386170864105225e-01
-1.543924808502197266e-01
-1.045350134372711182e-01
-6.560459733009338379e-02
-9.375578910112380981e-02
-5.735332146286964417e-02
-9.181286208331584930e-03
-5.090092495083808899e-02
-4.981608316302299500e-02
-3.271879255771636963e-02
-3.110734373331069946e-02
2.798934094607830048e-02
9.780780225992202759e-02
1.733480840921401978e-01
1.499494910240173340e-01
1.206488609313964844e-01
2.743417918682098389e-01
2.464137226343154907e-01
4.469273239374160767e-02
4.007826372981071472e-02
2.631550841033458710e-02
-3.865712881088256836e-02
-3.201192244887351990e-02
-6.920126080513000488e-02
-5.057468637824058533e-02
-1.744961831718683243e-03
-5.788093432784080505e-02
-7.341176271438598633e-02
-4.414128512144088745e-02
-6.760366261005401611e-02
-4.482724517583847046e-02
3.348281607031822205e-04
-9.153413120657205582e-04
1.288148947060108185e-02
-2.117434702813625336e-02
-4.077386111021041870e-02
-2.673771046102046967e-02
-6.164863705635070801e-02
-7.994257844984531403e-03
7.841116748750209808e-03
-9.675856679677963257e-03
7.383818924427032471e-02
1.243465580046176910e-02
-5.334848165512084961e-02
-3.983340226113796234e-03
-6.781517062336206436e-03
2.525784447789192200e-02
3.505263244733214378e-03
-5.219240859150886536e-02
-1.034237630665302277e-02
-6.625556852668523788e-03
-2.510096877813339233e-03
2.684140019118785858e-02
7.972804829478263855e-03
4.315146245062351227e-03
2.071930468082427979e-02
3.417886048555374146e-02
-5.994622129946947098e-03
-6.911542266607284546e-02
9.668619371950626373e-03
9.409285336732864380e-02
4.721974208950996399e-02
5.782442167401313782e-02
1.138582527637481689e-01
3.448411449790000916e-02
-8.277639001607894897e-02
-5.915293097496032715e-02
-1.500602439045906067e-02
-6.298569589853286743e-02
-7.974929362535476685e-02
-9.301008284091949463e-02
-1.340770125389099121e-01
-1.309063732624053955e-01
-1.835426986217498779e-01
-2.140584886074066162e-01
1.510808318853378296e-01
7.864364385604858398e-01
8.331044912338256836e-01
1.838102936744689941e-01
-1.845789700746536255e-01
-1.090769246220588684e-01
-1.221425607800483704e-01
-1.577429622411727905e-01
-8.369727432727813721e-02
-5.334356427192687988e-02
-1.151981577277183533e-01
-1.771873831748962402e-01
-1.399647444486618042e-01
-1.022781506180763245e-01
-1.371531635522842407e-01
-1.210229098796844482e-01
-6.676684319972991943e-02
-1.389663200825452805e-02
-2.321694418787956238e-02
-1.217149719595909119e-01
-7.483284920454025269e-02
1.359509397298097610e-02
-1.275961566716432571e-02
6.450959295034408569e-02
1.058762818574905396e-01
3.911377489566802979e-02
8.749102056026458740e-02
1.376280784606933594e-01
1.347120702266693115e-01
1.720447689294815063e-01
1.385608464479446411e-01
6.982485949993133545e-02
1.037149950861930847e-01
4.412681981921195984e-02
-7.545310258865356445e-02
5.476109683513641357e-03
3.873507305979728699e-02
-4.905372112989425659e-02
-4.668457433581352234e-03
4.819964058697223663e-03
-6.864597648382186890e-02
-4.547213390469551086e-02
-4.368996620178222656e-02
-6.643904745578765869e-02
-2.706802822649478912e-02
-2.373187057673931122e-02
-1.310890726745128632e-02
6.489334627985954285e-03
-4.205014556646347046e-02
-5.969376862049102783e-02
-4.142118245363235474e-02
4.408207314554601908e-04
3.752263262867927551e-02
-3.020334616303443909e-02
-1.038309838622808456e-02
5.099904537200927734e-02
-3.604505211114883423e-02
-1.392475422471761703e-02
2.240934781730175018e-02
-7.148041576147079468e-02
-2.721624821424484253e-02
2.585333399474620819e-02
-1.601115241646766663e-02
1.335983350872993469e-02
2.576845325529575348e-02
-2.449535392224788666e-02
-4.539049044251441956e-02
-9.812939912080764771e-03
8.017349056899547577e-03
1.778650563210248947e-03
6.313329190015792847e-02
4.603851214051246643e-02
-2.312341518700122833e-02
7.957951724529266357e-02
1.436856836080551147e-01
5.310237407684326172e-02
-1.933391205966472626e-02
-7.210803776979446411e-02
-7.858897000551223755e-02
-5.110863968729972839e-02
-1.046749427914619446e-01
-1.024666652083396912e-01
2.041510120034217834e-02
-3.424946218729019165e-02
-2.526056170463562012e-01
-2.407761067152023315e-01
1.571403294801712036e-01
6.810790300369262695e-01
6.925453543663024902e-01
1.717251390218734741e-01
-8.465399593114852905e-02
-7.061235606670379639e-02
-1.366608291864395142e-01
-9.926645457744598389e-02
-4.013057425618171692e-02
-8.887019008398056030e-02
-1.254653781652450562e-01
-9.243458509445190430e-02
-6.537283211946487427e-02
-1.763557642698287964e-01
-1.910219043493270874e-01
-3.299246355891227722e-02
-3.273827210068702698e-02
-7.067788392305374146e-02
-4.593845829367637634e-02
-1.257918775081634521e-01
-8.618895709514617920e-02
6.656866520643234253e-02
1.006848737597465515e-02
-6.818248331546783447e-02
6.867985706776380539e-03
8.923892676830291748e-02
1.901039779186248779e-01
2.150419056415557861e-01
1.261040419340133667e-01
1.160720661282539368e-01
1.053708717226982117e-01
2.163536846637725830e-02
8.419203571975231171e-03
5.036900192499160767e-02
-7.418711204081773758e-03
-1.081877872347831726e-01
-3.531940281391143799e-02
3.555314987897872925e-02
-5.928264185786247253e-02
-6.156037002801895142e-02
-7.895764894783496857e-03
-1.560954749584197998e-02
1.900848560035228729e-02
1.177582331001758575e-02
-2.975663915276527405e-02
-3.627134487032890320e-02
-3.989709913730621338e-02
1.088350429199635983e-03
2.395308203995227814e-02
3.059923090040683746e-02
7.590423524379730225e-02
9.265099652111530304e-03
-7.553875446319580078e-02
-2.419565804302692413e-02
-5.336675792932510376e-02
-7.105324417352676392e-02
4.794263094663619995e-02
1.979220844805240631e-02
-1.983702369034290314e-02
3.746087104082107544e-02
-2.487135492265224457e-02
-4.090772941708564758e-02
1.664645597338676453e-02
-2.384599484503269196e-02
-3.966785967350006104e-02
5.777790211141109467e-03
-5.825460902997292578e-05
-4.746262729167938232e-02
-1.470595411956310272e-02
5.958297848701477051e-02
2.948443964123725891e-02
3.115866333246231079e-02
1.150638535618782043e-01
6.713041663169860840e-02
-2.420685999095439911e-02
-3.414702601730823517e-03
-2.395344898104667664e-02
-5.222776532173156738e-02
-3.316405043005943298e-02
-1.336148977279663086e-01
-1.653566509485244751e-01
-4.198899865150451660e-02
-9.527786821126937866e-02
-2.411430925130844116e-01
-4.437705129384994507e-02
5.232167840003967285e-01
7.462534904479980469e-01
2.654150128364562988e-01
-6.362091004848480225e-02
-3.213709965348243713e-02
-1.472902297973632812e-01
-9.433506429195404053e-02
3.819279745221138000e-02
-6.831401586532592773e-02
-8.032349497079849243e-02
-1.181183308362960815e-01
-1.837503612041473389e-01
-8.700899779796600342e-02
-1.152120903134346008e-01
-1.159509643912315369e-01
-6.453043315559625626e-03
-4.634837061166763306e-02
-4.738964512944221497e-02
3.430690558161586523e-04
-4.503718391060829163e-02
-4.870694875717163086e-02
-2.613777294754981995e-02
-1.037121098488569260e-02
3.492416068911552429e-02
6.503731757402420044e-02
9.624883532524108887e-02
1.206354722380638123e-01
1.085649803280830383e-01
1.106920465826988220e-01
1.390197128057479858e-01
1.351038813591003418e-01
5.336268991231918335e-02
-3.762074187397956848e-02
-6.977498997002840042e-03
2.256673388183116913e-02
-5.832446366548538208e-02
-7.317785173654556274e-02
-3.403032571077346802e-02
-2.287679910659790039e-02
-9.831250645220279694e-03
-2.107529900968074799e-02
-8.399116923101246357e-04
-5.320529919117689133e-03
-7.059735059738159180e-02
-3.664165735244750977e-02
1.371193490922451019e-02
-2.394448965787887573e-02
-3.024780191481113434e-02
-1.379163376986980438e-02
-2.485237270593643188e-02
-6.449058651924133301e-03
-1.759763341397047043e-03
-1.740541495382785797e-02
2.276409603655338287e-02
1.527456752955913544e-02
-4.027226194739341736e-02
-1.866040169261395931e-03
2.602115832269191742e-02
2.074725693091750145e-03
1.117140334099531174e-02
-2.004632726311683655e-02
-2.364622801542282104e-02
1.172414235770702362e-02
-6.767175626009702682e-03
1.544084399938583374e-02
-6.841241382062435150e-03
-4.377487301826477051e-02
2.764914371073246002e-02
-5.040729418396949768e-03
-6.227543950080871582e-02
3.091319650411605835e-02
8.853361755609512329e-02
9.825444966554641724e-02
1.269970089197158813e-01
7.391437143087387085e-02
-2.675247378647327423e-02
-1.111925318837165833e-01
-1.391801536083221436e-01
-5.031036585569381714e-02
-2.301008813083171844e-02
-1.174930259585380554e-01
-1.398649960756301880e-01
-1.441546827554702759e-01
-2.241144627332687378e-01
-1.382559388875961304e-01
3.983565568923950195e-01
8.854610323905944824e-01
5.742205381393432617e-01
3.467439860105514526e-02
-5.420320481061935425e-02
-8.438038825988769531e-02
-1.565750390291213989e-01
-1.312447041273117065e-01
-1.403857022523880005e-01
-1.128968074917793274e-01
-7.500585168600082397e-02
-1.029028743505477905e-01
-1.192050278186798096e-01
-1.346601694822311401e-01
-1.160149127244949341e-01
-8.264654129743576050e-02
-7.779219001531600952e-02
-7.765796035528182983e-02
-8.797194808721542358e-02
-3.248387575149536133e-02
5.872293841093778610e-03
-8.365567773580551147e-02
-6.711287051439285278e-02
8.784282952547073364e-02
1.079886853694915771e-01
5.946096405386924744e-02
9.988626837730407715e-02
1.384105235338211060e-01
1.597715020179748535e-01
1.479097604751586914e-01
1.060115620493888855e-01
9.788744151592254639e-02
1.713667251169681549e-02
-4.742472618818283081e-02
3.896596655249595642e-02
2.194046601653099060e-02
-8.090633153915405273e-02
-3.872914984822273254e-02
1.439331332221627235e-03
1.148256123997271061e-03
1.122060045599937439e-02
-4.480921104550361633e-02
-5.102396383881568909e-02
-4.015687853097915649e-02
-6.588555872440338135e-02
1.200890913605690002e-02
3.237091749906539917e-02
-2.949919179081916809e-02
1.039900723844766617e-02
-1.461671944707632065e-02
-5.993184819817543030e-02
4.270025715231895447e-02
4.988654702901840210e-02
-6.806558370590209961e-02
-6.602268666028976440e-02
1.743875630199909210e-02
2.410787716507911682e-02
-2.422956004738807678e-02
2.689500106498599052e-03
7.528513669967651367e-02
1.531844493001699448e-02
-5.308153852820396423e-02
6.260089576244354248e-03
1.140034757554531097e-03
-2.850342541933059692e-02
-1.700899447314441204e-03
-1.112896669656038284e-02
-2.565562538802623749e-02
-7.058215141296386719e-02
-6.358054280281066895e-02
2.430396899580955505e-02
4.715291317552328110e-03
3.254768252372741699e-02
1.150193139910697937e-01
4.857411980628967285e-02
2.365995757281780243e-02
-6.935219746083021164e-03
-9.084850549697875977e-02
-1.052817143499851227e-02
4.503838717937469482e-03
-9.987900406122207642e-02
-1.012325882911682129e-01
-1.280199587345123291e-01
-1.581351757049560547e-01
-1.314065009355545044e-01
-1.841405183076858521e-01
-4.587118979543447495e-03
5.977083444595336914e-01
8.732843399047851562e-01
4.612632989883422852e-01
2.927232347428798676e-02
-9.836440533399581909e-02
-9.544616937637329102e-02
-7.679175585508346558e-02
-1.206894591450691223e-01
-1.791131645441055298e-01
-1.654231846332550049e-01
-1.011681556701660156e-01
-1.169328615069389343e-01
-1.378548443317413330e-01
-3.727690875530242920e-02
-5.932937562465667725e-02
-1.433920115232467651e-01
-7.100585103034973145e-02
-5.568987131118774414e-02
-1.152065992355346680e-01
-9.722451120615005493e-02
-3.668954595923423767e-02
-5.770057905465364456e-03
1.803587004542350769e-02
9.127615392208099365e-02
4.980166256427764893e-02
-1.583128422498703003e-02
1.217948645353317261e-01
1.623600423336029053e-01
1.198420301079750061e-01
2.195875197649002075e-01
1.542996168136596680e-01
2.050933241844177246e-02
5.155127868056297302e-02
-4.289198666810989380e-03
-4.848822578787803650e-02
-2.520586922764778137e-02
-8.981200307607650757e-02
-3.009851835668087006e-02
2.703523077070713043e-02
-7.510286569595336914e-02
-4.389239847660064697e-02
6.342259235680103302e-03
-4.681994020938873291e-02
-4.808401688933372498e-02
-2.958529070019721985e-02
3.050052002072334290e-02
3.407927230000495911e-02
-4.017417877912521362e-02
1.384633406996726990e-02
1.546089537441730499e-02
-4.605587199330329895e-02
2.331433631479740143e-02
-1.949608698487281799e-02
-6.422040611505508423e-02
8.277545869350433350e-02
7.870455086231231689e-02
-3.786893934011459351e-02
-4.521635919809341431e-02
-5.541397258639335632e-03
3.783597797155380249e-02
-1.211200468242168427e-02
-8.414666354656219482e-02
-3.122903592884540558e-02
5.610176920890808105e-02
1.971034705638885498e-02
-8.679958432912826538e-02
-1.181954983621835709e-02
4.514076560735702515e-02
-7.782366126775741577e-02
-9.007432498037815094e-03
6.173456832766532898e-02
-4.904105141758918762e-02
2.264956012368202209e-02
1.009375303983688354e-01
5.963861197233200073e-02
6.986652314662933350e-02
4.486916586756706238e-02
2.616290561854839325e-02
-5.571180582046508789e-02
-1.201552301645278931e-01
-3.541352599859237671e-02
-1.054037138819694519e-01
-1.225977316498756409e-01
-3.376037627458572388e-02
-1.694437116384506226e-01
-2.159758210182189941e-01
-2.061819285154342651e-01
-1.969757676124572754e-02
7.037072181701660156e-01
9.437174201011657715e-01
3.461693525314331055e-01
-9.766208007931709290e-03
-4.206624999642372131e-02
-1.354385614395141602e-01
-1.622216999530792236e-01
-1.095938757061958313e-01
-1.060714274644851685e-01
-1.440618038177490234e-01
-1.140035465359687805e-01
-1.022860854864120483e-01
-1.267327070236206055e-01
-9.739449620246887207e-02
-7.069407403469085693e-02
-6.282308697700500488e-02
-1.433802247047424316e-01
-1.542839705944061279e-01
-1.605364121496677399e-02
-5.843891203403472900e-02
-1.034196019172668457e-01
5.294376518577337265e-03
-2.183578442782163620e-03
1.640124432742595673e-02
9.773678332567214966e-02
9.168656915426254272e-02
1.396567970514297485e-01
1.743904203176498413e-01
8.782246708869934082e-02
9.098655730485916138e-02
1.598826646804809570e-01
9.503356367349624634e-02
5.108052864670753479e-02
6.411353498697280884e-02
-5.585973709821701050e-02
-1.005193069577217102e-01
3.686672821640968323e-02
2.311437763273715973e-02
-1.019600182771682739e-01
-3.157740831375122070e-02
6.317136436700820923e-02
-2.198223583400249481e-02
-7.884955406188964844e-02
-4.170561581850051880e-02
-1.662704721093177795e-02
-4.767697770148515701e-03
-9.955410845577716827e-03
-8.559308014810085297e-03
-1.152840629220008850e-02
-6.811231374740600586e-03
1.308856904506683350e-02
-2.797717228531837463e-02
-2.868911623954772949e-02
4.730797186493873596e-02
1.924675889313220978e-02
-6.219331547617912292e-02
1.051433198153972626e-02
1.006549000740051270e-01
-3.188721463084220886e-02
-1.217084079980850220e-01
-1.057692803442478180e-02
2.167008258402347565e-02
2.071063220500946045e-02
2.565532550215721130e-02
-6.439936906099319458e-02
-4.644417390227317810e-02
2.993524307385087013e-03
-5.412425100803375244e-02
5.051850806921720505e-03
4.364247620105743408e-02
-7.472763210535049438e-02
-7.554356753826141357e-02
1.743795722723007202e-02
8.815058320760726929e-02
1.250167489051818848e-01
4.889151826500892639e-02
1.524837315082550049e-02
4.535951837897300720e-02
-8.825289085507392883e-03
-4.236297309398651123e-02
-6.436991691589355469e-02
-1.033402979373931885e-01
-5.084313079714775085e-02
-7.315159589052200317e-02
-2.078567594289779663e-01
-1.590177416801452637e-01
-1.059875637292861938e-01
-2.022274881601333618e-01
1.790664196014404297e-01
8.875038623809814453e-01
8.728116154670715332e-01
2.539906799793243408e-01
-1.398458182811737061e-01
-1.486995071172714233e-01
-7.195660471916198730e-02
-1.238212585449218750e-01
-1.368172168731689453e-01
-5.255378782749176025e-02
-8.089984208345413208e-02
-1.378296762704849243e-01
-1.198886036872863770e-01
-1.551433950662612915e-01
-1.741722822189331055e-01
-8.858116716146469116e-02
-9.527819603681564331e-02
-1.585978865623474121e-01
-9.282705187797546387e-02
-4.674137756228446960e-02
-7.002347707748413086e-02
-7.574375718832015991e-02
-5.946263670921325684e-02
2.333616279065608978e-02
6.439941376447677612e-02
3.759745508432388306e-02
1.113078296184539795e-01
2.519939541816711426e-01
2.673830389976501465e-01
1.189234778285026550e-01
7.554925233125686646e-02
1.304295361042022705e-01
2.739623561501502991e-02
2.664374373853206635e-02
8.656699955463409424e-02
-1.054508537054061890e-01
-1.299535036087036133e-01
4.830642417073249817e-02
5.556553602218627930e-03
-8.231152594089508057e-02
-5.728848278522491455e-02
-1.033623237162828445e-02
3.783945366740226746e-02
5.005859956145286560e-02
-2.499831840395927429e-02
-1.304925680160522461e-01
-1.133760735392570496e-01
-2.878216654062271118e-02
2.830257872119545937e-03
1.492675114423036575e-02
1.451572868973016739e-02
2.050909958779811859e-02
3.871601447463035583e-02
1.130888052284717560e-02
-2.182018756866455078e-02
-4.623820073902606964e-03
7.291323971003293991e-03
-3.658697241917252541e-03
-9.739248343976214528e-05
2.867212519049644470e-02
5.121974274516105652e-02
-3.165039233863353729e-03
-5.333213880658149719e-02
-1.977110281586647034e-02
-4.746179282665252686e-02
-8.400546759366989136e-02
8.409610949456691742e-03
1.406679581850767136e-02
-5.530284345149993896e-02
6.158954929560422897e-03
2.493858523666858673e-02
1.634575659409165382e-03
6.824517995119094849e-02
9.818210452795028687e-02
7.263634353876113892e-02
2.690233662724494934e-02
-2.303358539938926697e-02
-2.260991558432579041e-02
-1.451843138784170151e-02
-4.547449946403503418e-02
-9.498480707406997681e-02
-1.186265349388122559e-01
-8.781287074089050293e-02
-7.860862463712692261e-02
-2.056970000267028809e-01
-2.769183218479156494e-01
1.502204090356826782e-01
7.900097370147705078e-01
7.351047396659851074e-01
1.421843320131301880e-01
-1.071458458900451660e-01
-4.961277171969413757e-02
-1.122796609997749329e-01
-1.616489887237548828e-01
-1.110381111502647400e-01
-1.379131078720092773e-01
-1.311229467391967773e-01
-5.122249573469161987e-02
-7.861431688070297241e-02
-1.222286149859428406e-01
-8.515132218599319458e-02
-7.673043757677078247e-02
-1.115549579262733459e-01
-8.246799558401107788e-02
-2.771920152008533478e-02
-7.982674986124038696e-02
-8.458975702524185181e-02
5.829940736293792725e-02
7.131827622652053833e-02
-2.261173352599143982e-02
3.027238510549068451e-02
1.087135523557662964e-01
9.228338301181793213e-02
1.258405596017837524e-01
1.931285709142684937e-01
1.512498110532760620e-01
1.081429123878479004e-01
1.251530349254608154e-01
7.157175987958908081e-02
-1.667865365743637085e-02
-3.589850664138793945e-02
-2.400583028793334961e-02
-3.647941350936889648e-02
-4.143040627241134644e-02
-3.412743285298347473e-02
-6.588790565729141235e-02
-7.277134060859680176e-02
-2.133322879672050476e-02
-8.090912364423274994e-03
-8.672461844980716705e-03
-1.971289701759815216e-02
-9.117892384529113770e-02
-6.919885426759719849e-02
1.931771077215671539e-02
-1.944345049560070038e-02
2.293288009241223335e-03
8.641239255666732788e-02
-2.483345381915569305e-02
-7.691513001918792725e-02
1.753561571240425110e-02
-1.087718363851308823e-02
-2.391901426017284393e-02
2.857301384210586548e-02
-2.151800319552421570e-03
-2.063370123505592346e-02
-2.036368846893310547e-02
-4.356633499264717102e-02
-2.209517545998096466e-02
-9.072247776202857494e-04
-2.458884008228778839e-02
-3.525507450103759766e-02
5.862400867044925690e-03
1.931671984493732452e-02
-3.744478523731231689e-02
-1.227916311472654343e-02
7.520477473735809326e-02
6.992550194263458252e-02
9.990365803241729736e-02
1.653683781623840332e-01
8.340889215469360352e-02
-3.796670353040099144e-04
-6.894372403621673584e-03
-3.057761490345001221e-02
-6.783447228372097015e-03
-2.803863957524299622e-02
-1.305697113275527954e-01
-1.520823985338211060e-01
-1.400718092918395996e-01
-1.466372162103652954e-01
-1.804394274950027466e-01
-3.467538952827453613e-02
4.969381690025329590e-01
7.362995147705078125e-01
2.988372147083282471e-01
-7.241865247488021851e-02
-7.793191820383071899e-02
-4.424709826707839966e-02
-1.012232154607772827e-01
-1.615287065505981445e-01
-7.506892830133438110e-02
-5.126867443323135376e-02
-2.026316076517105103e-01
-1.711833775043487549e-01
-5.381943657994270325e-02
-6.863076239824295044e-02
-5.330752208828926086e-02
-9.339381754398345947e-02
-1.095509156584739685e-01
1.970930770039558411e-02
-3.623191639780998230e-02
-1.034793034195899963e-01
4.333154484629631042e-02
1.473193429410457611e-02
-7.387254387140274048e-02
3.853602707386016846e-02
9.705064445734024048e-02
8.089921623468399048e-02
9.715225547552108765e-02
1.237937211990356445e-01
1.674240976572036743e-01
1.339703798294067383e-01
6.203687936067581177e-02
7.083734869956970215e-02
4.502933844923973083e-02
-2.196002192795276642e-02
-8.175439434126019478e-04
-2.794072218239307404e-02
-8.364064246416091919e-02
-9.646734222769737244e-03
-2.062955312430858612e-02
-8.719609677791595459e-02
-1.751725561916828156e-02
5.073237698525190353e-03
-4.255420714616775513e-02
5.307677667587995529e-03
5.943366512656211853e-02
-1.648986339569091797e-02
-5.970297008752822876e-02
1.515898667275905609e-02
1.945253275334835052e-02
-3.108388185501098633e-02
-3.094664216041564941e-02
6.417176220566034317e-03
3.948585689067840576e-02
-2.145053818821907043e-03
-1.791230216622352600e-02
7.170432712882757187e-03
-4.266388714313507080e-02
-3.377537056803703308e-02
2.990726567804813385e-02
-4.174538422375917435e-03
-4.575840756297111511e-02
-2.857392095029354095e-02
-6.673851981759071350e-03
-1.867641136050224304e-02
-2.072907611727714539e-02
1.387749426066875458e-02
-1.152500137686729431e-02
-8.255509659647941589e-03
6.379926204681396484e-02
4.033571109175682068e-02
2.449385076761245728e-02
6.851264834403991699e-02
4.752618819475173950e-02
-1.729033072479069233e-03
-5.499283596873283386e-02
-9.041140973567962646e-02
-8.398751169443130493e-02
-9.477974474430084229e-02
-1.172177344560623169e-01
-9.701552987098693848e-02
-4.867861047387123108e-02
-1.209749132394790649e-01
-2.442807406187057495e-01
-1.883156783878803253e-02
5.511629581451416016e-01
8.388302922248840332e-01
4.683422446250915527e-01
-1.630351506173610687e-02
-9.619042277336120605e-02
-5.840310826897621155e-02
-9.264495968818664551e-02
-1.098862960934638977e-01
-9.371857345104217529e-02
-4.413925483822822571e-02
-9.450914710760116577e-02
-1.355431675910949707e-01
-8.366657793521881104e-02
-1.212140545248985291e-01
-1.155207380652427673e-01
-7.503578811883926392e-02
-1.208510771393775940e-01
-1.011505946516990662e-01
-8.411174267530441284e-02
-9.176032990217208862e-02
-3.637570142745971680e-02
-2.954510040581226349e-02
-2.053539641201496124e-02
4.994657263159751892e-02
7.240923494100570679e-02
6.133996322751045227e-02
1.088861525058746338e-01
1.573938578367233276e-01
1.231115534901618958e-01
1.294515728950500488e-01
1.588678807020187378e-01
6.969109177589416504e-02
-2.489368431270122528e-02
-1.804669573903083801e-02
2.456486783921718597e-02
-8.890260942280292511e-03
-8.121309429407119751e-02
-5.106449499726295471e-02
1.755575649440288544e-02
-3.532458562403917313e-03
-4.288468137383460999e-02
-6.703326478600502014e-03
1.661654934287071228e-02
-2.365844510495662689e-02
-3.608481213450431824e-02
-9.574824012815952301e-03
1.735793054103851318e-02
1.941318996250629425e-02
-2.031811326742172241e-02
-2.871926501393318176e-02
8.987704291939735413e-03
-2.730842912569642067e-03
-1.092048268765211105e-02
7.926929742097854614e-03
-3.028543479740619659e-02
-2.748230285942554474e-02
2.739696064963936806e-03
-2.147094905376434326e-02
2.118852362036705017e-02
5.262067541480064392e-02
-1.699932850897312164e-02
-4.475709795951843262e-02
-3.478372842073440552e-02
-1.329566538333892822e-02
1.144196093082427979e-02
-4.047758877277374268e-02
-5.843118578195571899e-02
9.757995721884071827e-04
-1.599363423883914948e-02
-3.366500511765480042e-02
6.650387495756149292e-02
9.954768419265747070e-02
1.688432879745960236e-02
3.091199323534965515e-02
5.710758268833160400e-02
-2.521079406142234802e-02
-3.575796633958816528e-02
-2.571319602429866791e-02
-1.069522053003311157e-01
-1.417749226093292236e-01
-1.093806624412536621e-01
-1.047341078519821167e-01
-1.477971971035003662e-01
-1.818504035472869873e-01
-1.197137534618377686e-01
2.614185214042663574e-01
8.257373571395874023e-01
7.652220129966735840e-01
1.695305854082107544e-01
-5.294630303978919983e-02
-3.542517498135566711e-02
-9.901300817728042603e-02
-8.630588650703430176e-02
-1.552279442548751831e-01
-1.945156604051589966e-01
-5.615039169788360596e-02
-6.210449337959289551e-02
-1.409237831830978394e-01
-1.293275505304336548e-01
-1.217621266841888428e-01
-7.425940036773681641e-02
-1.020239293575286865e-01
-1.525720357894897461e-01
-5.429643765091896057e-02
-3.026349470019340515e-02
-7.950947433710098267e-02
-5.980305373668670654e-02
-3.873578459024429321e-02
-6.300340173766016960e-04
3.911494091153144836e-02
5.835356935858726501e-02
9.790980815887451172e-02
1.290293186902999878e-01
1.621058285236358643e-01
1.710746884346008301e-01
9.703920781612396240e-02
9.182997047901153564e-02
1.270821094512939453e-01
7.352682296186685562e-04
-7.344771176576614380e-02
1.133072748780250549e-02
-1.223929692059755325e-03
-9.237290918827056885e-02
-7.530655711889266968e-02
3.686347976326942444e-02
1.493061240762472153e-02
-1.046112701296806335e-01
-1.706736348569393158e-02
4.834675416350364685e-02
-4.341876506805419922e-02
1.081181317567825317e-02
2.887797541916370392e-02
-6.438163667917251587e-02
-1.674642413854598999e-02
4.519067704677581787e-02
3.431906551122665405e-02
-1.089159026741981506e-02
-5.584836006164550781e-02
5.130761303007602692e-03
2.455979771912097931e-02
-5.546563491225242615e-02
-9.253179654479026794e-03
6.413207948207855225e-02
-5.125373136252164841e-03
-2.372330427169799805e-02
2.113415114581584930e-02
-1.593483798205852509e-02
-3.366510942578315735e-02
-3.371917456388473511e-02
-6.052087619900703430e-02
5.406011827290058136e-03
5.265033617615699768e-02
-2.213137038052082062e-02
-3.822828084230422974e-02
-2.257410064339637756e-02
-3.157112747430801392e-02
3.490393236279487610e-02
7.805971056222915649e-02
7.561559230089187622e-02
6.450181454420089722e-02
2.643923088908195496e-02
1.454744115471839905e-02
-6.085115671157836914e-02
-1.289116293191909790e-01
-4.611798748373985291e-02
-3.383188694715499878e-02
-1.292668581008911133e-01
-1.430733948945999146e-01
-1.236167922616004944e-01
-1.648482531309127808e-01
-2.397150695323944092e-01
1.278127729892730713e-02
7.233542799949645996e-01
9.666229486465454102e-01
4.057198464870452881e-01
-4.861793294548988342e-02
-1.384143084287643433e-01
-1.348442584276199341e-01
-1.125547811388969421e-01
-1.322525143623352051e-01
-9.995806962251663208e-02
-8.362960070371627808e-02
-1.269284039735794067e-01
-1.449771672487258911e-01
-1.695403158664703369e-01
-8.894709497690200806e-02
-4.449963569641113281e-02
-1.354953646659851074e-01
-7.586315274238586426e-02
-3.162708133459091187e-02
-9.474681317806243896e-02
-4.803265258669853210e-02
-3.010516799986362457e-02
-2.614637464284896851e-02
8.587031625211238861e-03
9.018594864755868912e-04
9.742749482393264771e-02
1.387953460216522217e-01
5.312120541930198669e-02
1.332394927740097046e-01
2.179245501756668091e-01
1.494010984897613525e-01
1.013286560773849487e-01
2.273284643888473511e-02
-5.362190306186676025e-02
-4.972692113369703293e-03
1.280865725129842758e-02
-3.372736275196075439e-02
-2.646442316472530365e-02
-3.955029696226119995e-02
-6.638147681951522827e-02
-2.818945096805691719e-03
3.861755877733230591e-02
-3.736368939280509949e-02
-7.188984751701354980e-02
6.757556926459074020e-03
1.286348607391119003e-02
-1.219826284795999527e-02
4.827950522303581238e-02
-8.629207150079309940e-05
-5.663594976067543030e-02
4.254914820194244385e-02
4.465780034661293030e-02
-4.062365368008613586e-02
-4.612516984343528748e-02
-6.140756886452436447e-03
1.381287444382905960e-02
-1.423532422631978989e-02
9.273545816540718079e-03
6.962549872696399689e-03
-2.705835364758968353e-02
4.658917710185050964e-02
4.407071508467197418e-03
-9.647071361541748047e-02
-4.284720867872238159e-02
-2.797695063054561615e-02
-5.101434513926506042e-02
-5.261852219700813293e-02
-5.710141733288764954e-02
7.923828437924385071e-03
3.483787924051284790e-02
2.000873908400535583e-02
6.245595961809158325e-02
2.418796718120574951e-02
-3.304280340671539307e-02
8.118859678506851196e-02
1.301232129335403442e-01
-6.560227833688259125e-03
-5.047421529889106750e-02
-4.647906124591827393e-02
-8.802045881748199463e-02
-4.134502261877059937e-02
-3.478094562888145447e-02
-9.207326173782348633e-02
-8.604870736598968506e-02
-1.543951779603958130e-01
-2.686169743537902832e-01
-2.188893966376781464e-02
6.448484063148498535e-01
9.195423126220703125e-01
3.991594314575195312e-01
-6.574580073356628418e-02
-9.840114414691925049e-02
-1.398480087518692017e-01
-1.579713076353073120e-01
-8.594819158315658569e-02
-8.088571578264236450e-02
-8.275029808282852173e-02
-1.206066608428955078e-01
-1.251270174980163574e-01
-5.590434744954109192e-02
-1.576079428195953369e-01
-2.106090784072875977e-01
-8.586283773183822632e-02
-1.070421189069747925e-01
-1.117248013615608215e-01
-1.282184198498725891e-02
-2.650698460638523102e-02
-3.554953262209892273e-02
-1.857961714267730713e-02
1.685084402561187744e-02
1.101421192288398743e-01
8.456002175807952881e-02
8.478594571352005005e-02
1.601684838533401489e-01
9.347844123840332031e-02
1.184050515294075012e-01
1.796061098575592041e-01
4.765516892075538635e-02
3.731856867671012878e-02
9.091948717832565308e-02
-5.378834530711174011e-02
-9.389238804578781128e-02
3.818869590759277344e-02
5.782197695225477219e-03
-9.364661574363708496e-02
-4.897239431738853455e-02
-2.243705838918685913e-02
-3.686466068029403687e-02
-2.915529906749725342e-02
-3.287606313824653625e-02
4.121897369623184204e-02
3.921967372298240662e-02
-7.616864889860153198e-02
-3.393931686878204346e-02
-1.801480166614055634e-02
-6.150971353054046631e-02
4.982181638479232788e-02
7.167039811611175537e-02
-5.058160517364740372e-03
-4.392334725707769394e-03
-3.169542644172906876e-03
1.671897619962692261e-02
-1.811681129038333893e-02
-7.036235183477401733e-02
3.240885585546493530e-02
6.038710847496986389e-02
-5.976931378245353699e-02
-5.537086352705955505e-02
2.891267277300357819e-02
1.340822502970695496e-02
-3.042183071374893188e-02
-2.035620622336864471e-02
-1.271530706435441971e-02
-1.770225353538990021e-02
-5.162463989108800888e-03
-1.880895905196666718e-02
-3.193734586238861084e-02
1.960024051368236542e-02
6.120655313134193420e-02
1.139173060655593872e-01
1.340547949075698853e-01
-7.006469531916081905e-04
-5.670271813869476318e-02
-3.653626888990402222e-02
-1.138457804918289185e-01
-8.554268628358840942e-02
-2.902904152870178223e-02
-7.553139328956604004e-02
-9.460248053073883057e-02
-1.239931285381317139e-01
-1.821845173835754395e-01
-1.441716104745864868e-01
3.130140006542205811e-01
8.568603396415710449e-01
5.324733853340148926e-01
-7.065500319004058838e-02
-2.597394771873950958e-02
1.549789216369390488e-02
-1.711627095937728882e-01
-1.031602099537849426e-01
-2.678301534615457058e-04
-7.885609567165374756e-02
-1.458128541707992554e-01
-1.708609610795974731e-01
-1.719680130481719971e-01
-9.576483070850372314e-02
-3.698041662573814392e-02
-5.558712407946586609e-02
-7.580674439668655396e-02
-8.456330746412277222e-02
-1.039670556783676147e-01
-9.367258846759796143e-02
-4.156221821904182434e-02
-9.212015196681022644e-03
1.152340322732925415e-02
3.337765857577323914e-02
3.690648451447486877e-02
8.061673492193222046e-02
1.127382218837738037e-01
9.393955022096633911e-02
1.581079661846160889e-01
1.993001401424407959e-01
8.466535806655883789e-02
3.632632270455360413e-02
6.056444719433784485e-02
-5.099269095808267593e-03
-2.573481574654579163e-02
-1.835429295897483826e-02
-5.146415904164314270e-02
1.185602392069995403e-03
1.247023511677980423e-02
-2.973959408700466156e-02
-7.793315686285495758e-03
-5.126763880252838135e-02
-3.951433673501014709e-02
6.102422252297401428e-02
9.953744010999798775e-04
-7.136284559965133667e-02
-2.499636076390743256e-02
-2.048032730817794800e-02
-1.792645640671253204e-02
3.398799523711204529e-02
1.372929289937019348e-02
-1.333710364997386932e-02
4.614105820655822754e-02
1.133616548031568527e-02
-6.897234171628952026e-02
-1.785551197826862335e-02
-4.322829842567443848e-02
-9.108882397413253784e-02
1.425180397927761078e-02
2.919462136924266815e-02
1.215896476060152054e-02
4.107496142387390137e-02
-4.076243191957473755e-02
-3.794872015714645386e-02
4.268302116543054581e-03
-3.638928011059761047e-02
1.641812920570373535e-02
4.318946041166782379e-03
-7.109016925096511841e-02
-1.699751242995262146e-02
-1.025383942760527134e-03
1.458361744880676270e-02
8.347738534212112427e-02
3.614475950598716736e-02
4.000298306345939636e-02
1.401572078466415405e-01
5.806156247854232788e-02
-7.203337550163269043e-02
-5.659342557191848755e-02
-7.941660284996032715e-02
-1.151518896222114563e-01
-6.198130920529365540e-02
-7.045666128396987915e-02
-1.365704089403152466e-01
-1.568721234798431396e-01
-1.434721350669860840e-01
-1.171567812561988831e-01
1.660882681608200073e-01
7.706385254859924316e-01
7.993237376213073730e-01
1.360618323087692261e-01
-8.228047937154769897e-02
8.795279078185558319e-03
-1.406253874301910400e-01
-1.345663666725158691e-01
-5.749828368425369263e-02
-1.256719827651977539e-01
-1.349472850561141968e-01
-1.272923499345779419e-01
-8.369138836860656738e-02
-4.166022688150405884e-02
-1.301972270011901855e-01
-1.612617671489715576e-01
-1.156571283936500549e-01
-5.295808985829353333e-02
-1.741841807961463928e-02
-1.143591403961181641e-01
-9.452937543392181396e-02
-1.513783261179924011e-02
-6.415300816297531128e-02
1.416140235960483551e-02
8.135751634836196899e-02
3.790719062089920044e-02
8.399214595556259155e-02
1.018834933638572693e-01
1.283929347991943359e-01
1.837799549102783203e-01
1.331175267696380615e-01
9.682279080152511597e-02
6.536061316728591919e-02
1.333203725516796112e-02
3.130019083619117737e-02
-2.342180721461772919e-02
-9.211717545986175537e-02
-1.940242573618888855e-02
-3.222306258976459503e-03
-4.759253561496734619e-02
-3.088360279798507690e-02
-8.714794530533254147e-04
3.216588497161865234e-02
-2.978218905627727509e-02
-8.679845929145812988e-02
9.973680600523948669e-03
2.404499240219593048e-02
-4.946683719754219055e-02
-1.823555305600166321e-02
4.604139551520347595e-02
3.227827325463294983e-02
-5.201869830489158630e-02
-1.823453977704048157e-02
7.296250015497207642e-02
-3.740767389535903931e-02
-6.236442923545837402e-02
7.591728121042251587e-02
2.084595337510108948e-02
-5.783550068736076355e-02
-1.379171200096607208e-02
-5.921575240790843964e-03
-5.316621158272027969e-03
2.605183608829975128e-02
3.611396253108978271e-02
-2.535472437739372253e-02
-5.175315588712692261e-02
-1.355521008372306824e-02
-5.916672199964523315e-02
-2.784195914864540100e-02
6.934738904237747192e-02
-3.999471664428710938e-02
-9.831866621971130371e-02
1.155111566185951233e-02
-1.187695655971765518e-02
-2.295748516917228699e-02
9.961941838264465332e-02
9.899400174617767334e-02
4.435925930738449097e-02
6.981530785560607910e-02
3.175647556781768799e-02
-3.857177495956420898e-02
-6.330682337284088135e-02
-8.145036548376083374e-02
-6.740819662809371948e-02
-6.699703633785247803e-02
-1.028043776750564575e-01
-9.269722551107406616e-02
-1.070064231753349304e-01
-2.383274435997009277e-01
-2.026141434907913208e-01
3.549760282039642334e-01
8.971330523490905762e-01
6.824808716773986816e-01
1.661667376756668091e-01
-5.462541058659553528e-02
-9.491019695997238159e-02
-1.130582094192504883e-01
-1.918776333332061768e-01
-1.891256272792816162e-01
-5.274144560098648071e-02
-9.874912351369857788e-02
-1.712834686040878296e-01
-6.701830029487609863e-02
-9.663432836532592773e-02
-1.674465239048004150e-01
-1.203453913331031799e-01
-1.194308400154113770e-01
-1.005835682153701782e-01
-9.381106495857238770e-02
-7.223495841026306152e-02
5.027974490076303482e-03
-2.886536158621311188e-02
-3.852863097563385963e-03
1.508363755419850349e-03
-4.623049125075340271e-02
1.695450395345687866e-01
2.091260999441146851e-01
5.003035441040992737e-02
1.862034350633621216e-01
2.073742449283599854e-01
8.898285776376724243e-02
1.207129359245300293e-01
3.844888508319854736e-02
-1.487247762270271778e-03
5.957991257309913635e-02
-2.739052660763263702e-02
-7.115362584590911865e-02
-3.230515494942665100e-02
-3.522338718175888062e-02
-5.933120101690292358e-02
-6.589474529027938843e-02
9.718527086079120636e-03
2.008987218141555786e-02
-5.474543198943138123e-02
-1.480833999812602997e-02
2.865702472627162933e-02
-3.396138548851013184e-02
-7.286403328180313110e-02
-2.477808855473995209e-02
1.883662119507789612e-02
-4.832406120840460062e-04
7.127748336642980576e-03
9.048195555806159973e-03
-3.905921429395675659e-02
-5.313022993505001068e-03
7.865972816944122314e-03
-3.408791124820709229e-02
5.752678588032722473e-02
6.407839059829711914e-02
-5.325485765933990479e-02
-5.149280652403831482e-03
6.827916018664836884e-03
-6.587315350770950317e-02
-2.524273842573165894e-02
-1.787636801600456238e-02
4.292481578886508942e-03
2.895286120474338531e-02
-4.647954925894737244e-02
1.742863655090332031e-02
4.270314052700996399e-02
-6.089497730135917664e-02
-1.374772936105728149e-02
-2.302940562367439270e-02
-4.942233115434646606e-02
3.481523320078849792e-02
4.612741176970303059e-04
6.451024860143661499e-02
1.771572083234786987e-01
1.954685337841510773e-02
-4.940019175410270691e-02
5.059815943241119385e-02
-4.592693410813808441e-03
-7.384839653968811035e-02
-5.370548367500305176e-02
-7.794142514467239380e-02
-1.242093518376350403e-01
-1.166859418153762817e-01
-8.971680700778961182e-02
-1.503096520900726318e-01
-2.513616681098937988e-01
-1.070767715573310852e-01
4.745803773403167725e-01
9.572691321372985840e-01
6.389303207397460938e-01
2.783416025340557098e-02
-1.136173382401466370e-01
-5.436350032687187195e-02
-1.361923515796661377e-01
-1.728842258453369141e-01
-8.794588595628738403e-02
-7.404938340187072754e-02
-1.160668358206748962e-01
-1.079821065068244934e-01
-1.343550533056259155e-01
-1.703539788722991943e-01
-1.498559862375259399e-01
-8.943148702383041382e-02
-5.288308113813400269e-02
-1.119522005319595337e-01
-1.133813336491584778e-01
-5.763062462210655212e-02
-8.288887888193130493e-02
-7.235232740640640259e-02
-1.438142079859972000e-02
4.059716314077377319e-02
8.980147540569305420e-02
9.357216209173202515e-02
1.079220324754714966e-01
1.643335372209548950e-01
2.018096446990966797e-01
1.447923183441162109e-01
8.023700863122940063e-02
9.685534238815307617e-02
7.419565320014953613e-02
4.304248839616775513e-02
2.364447526633739471e-02
-6.242963671684265137e-02
-4.238586127758026123e-02
2.534637972712516785e-02
-6.810585409402847290e-02
-9.714547544717788696e-02
-1.982336677610874176e-02
-2.916640788316726685e-02
-2.794898860156536102e-02
-9.734179824590682983e-03
-2.215383574366569519e-02
5.903565790504217148e-03
4.404697567224502563e-02
3.668303415179252625e-02
-5.189403519034385681e-02
-9.943552315235137939e-02
-1.726796105504035950e-02
3.730950877070426941e-02
2.344677411019802094e-02
-4.772323649376630783e-03
-3.014700859785079956e-02
-7.260853890329599380e-03
4.092645645141601562e-02
1.326372195035219193e-02
-5.460979416966438293e-02
-1.021968107670545578e-02
5.018286034464836121e-02
1.063180388882756233e-03
-3.035414032638072968e-02
-7.884654216468334198e-03
-2.664808742702007294e-02
-5.688086152076721191e-02
-1.653395034372806549e-02
-1.721251942217350006e-02
-6.044577062129974365e-02
8.289931342005729675e-03
1.499341800808906555e-02
-2.403068169951438904e-02
5.152370408177375793e-02
2.639859728515148163e-02
2.434756606817245483e-02
1.283822953701019287e-01
5.884752050042152405e-02
1.216259598731994629e-02
4.359033703804016113e-02
-5.689012259244918823e-02
-8.012369275093078613e-02
-3.593464568257331848e-02
-1.154402419924736023e-01
-1.274458616971969604e-01
-5.245153978466987610e-02
-5.834028124809265137e-02
-6.723573803901672363e-02
-1.913770884275436401e-01
-2.759881913661956787e-01
3.204949796199798584e-01
9.388118386268615723e-01
5.771799087524414062e-01
3.361166641116142273e-02
-3.002994321286678314e-02
-5.355061218142509460e-02
-8.915732055902481079e-02
-6.615613400936126709e-02
-1.211245954036712646e-01
-1.570017635822296143e-01
-1.359473168849945068e-01
-1.451531648635864258e-01
-1.271347403526306152e-01
-6.920416653156280518e-02
-8.023031800985336304e-02
-1.342027187347412109e-01
-1.057338789105415344e-01
-2.813836745917797089e-02
-2.935218065977096558e-02
-1.079644635319709778e-01
-1.050890386104583740e-01
-2.072595991194248199e-03
4.302105400711297989e-03
-5.120857153087854385e-03
9.552564471960067749e-02
1.024034544825553894e-01
8.509877324104309082e-02
1.774757355451583862e-01
1.667700707912445068e-01
9.528219699859619141e-02
1.256164610385894775e-01
1.067556887865066528e-01
2.504435554146766663e-02
3.680304437875747681e-02
8.263164199888706207e-03
-1.160866916179656982e-01
-9.753493219614028931e-02
5.945883691310882568e-03
-5.310170818120241165e-03
-3.439626097679138184e-02
-1.764211244881153107e-02
-6.669850088655948639e-03
-1.065206131897866726e-03
-5.700463801622390747e-02
-9.786508232355117798e-02
-2.610427513718605042e-02
8.118325844407081604e-03
1.591953262686729431e-02
3.589846193790435791e-02
-2.676227316260337830e-02
-4.811733961105346680e-02
-2.059180755168199539e-03
4.325597360730171204e-02
6.995594501495361328e-02
-1.047420874238014221e-02
-2.282035723328590393e-02
6.000937148928642273e-02
5.991510581225156784e-03
-2.874696440994739532e-02
-6.051394157111644745e-03
-3.083147108554840088e-02
2.740392275154590607e-02
1.691248267889022827e-02
-7.029291242361068726e-02
-9.570285328663885593e-04
-3.465388726908713579e-04
-7.263205945491790771e-02
-5.541497841477394104e-03
-4.180822987109422684e-03
-3.810430690646171570e-02
-9.474368765950202942e-03
-2.492295578122138977e-02
5.126372352242469788e-02
8.107197284698486328e-02
-3.941398859024047852e-02
2.531888522207736969e-02
1.115814149379730225e-01
1.232403051108121872e-02
-2.681528218090534210e-02
-5.131420120596885681e-02
-1.062864139676094055e-01
-5.416366457939147949e-02
-4.348850250244140625e-02
-1.413899213075637817e-01
-1.322224885225296021e-01
-1.036264076828956604e-01
-1.753083914518356323e-01
6.440259516239166260e-02
6.164348721504211426e-01
7.467632293701171875e-01
3.267790079116821289e-01
-2.137568965554237366e-02
-5.847389250993728638e-02
-8.361281454563140869e-02
-1.439427435398101807e-01
-8.618730306625366211e-02
-1.008317992091178894e-01
-1.639471203088760376e-01
-7.798832654953002930e-02
-9.208171069622039795e-02
-1.624256968498229980e-01
-6.142668798565864563e-02
-5.819726362824440002e-02
-1.327402442693710327e-01
-4.715602844953536987e-02
-2.503791265189647675e-02
-1.097861230373382568e-01
-8.384309709072113037e-02
-3.766313195228576660e-02
-3.785891085863113403e-02
-7.526156026870012283e-03
1.786131784319877625e-02
4.036497697234153748e-02
9.959942102432250977e-02
1.508822888135910034e-01
1.538723260164260864e-01
1.442092657089233398e-01
1.378891468048095703e-01
1.185397356748580933e-01
6.298506259918212891e-02
-9.246724657714366913e-03
-1.106562372297048569e-02
-9.165237657725811005e-03
-5.076386779546737671e-02
-5.294781550765037537e-02
-4.469727724790573120e-02
-4.576317034661769867e-03
3.554455190896987915e-02
-2.452061139047145844e-02
-2.988052181899547577e-02
1.989813148975372314e-02
-3.219030424952507019e-02
-3.804608061909675598e-02
1.397150568664073944e-02
-1.514153182506561279e-02
-2.574902400374412537e-02
-8.658772334456443787e-03
-2.649696357548236847e-02
-1.216903701424598694e-02
9.775036945939064026e-03
-7.892444729804992676e-03
-3.068569861352443695e-02
-3.328627347946166992e-02
-1.688288897275924683e-02
-4.917423357255756855e-04
3.256774693727493286e-02
3.653221204876899719e-02
-5.456787068396806717e-03
1.678433828055858612e-02
4.298933595418930054e-02
-1.460015773773193359e-02
-5.253943800926208496e-02
-2.411345019936561584e-02
2.705416874960064888e-03
-1.956042461097240448e-02
-4.353842884302139282e-02
-5.371957551687955856e-03
7.528010290116071701e-03
-5.866356939077377319e-02
-4.497187584638595581e-02
3.479887172579765320e-02
4.092780873179435730e-02
6.803578883409500122e-02
9.208270907402038574e-02
7.130066305398941040e-02
6.825419515371322632e-02
-1.972351595759391785e-02
-1.029165089130401611e-01
-7.638783007860183716e-02
-4.770277068018913269e-02
-4.511472955346107483e-02
-1.039574071764945984e-01
-1.557497680187225342e-01
-1.329159140586853027e-01
-1.710458397865295410e-01
-1.672362536191940308e-01
2.667143940925598145e-01
8.796626329421997070e-01
7.516097426414489746e-01
7.664671540260314941e-02
-1.141727790236473083e-01
-2.902836166322231293e-02
-1.507716476917266846e-01
-1.628499180078506470e-01
-1.059102416038513184e-01
-1.329594254493713379e-01
-9.731605648994445801e-02
-9.653376042842864990e-02
-1.460399031639099121e-01
-1.298551559448242188e-01
-9.352140128612518311e-02
-1.021018847823143005e-01
-1.097991541028022766e-01
-7.003363221883773804e-02
-8.707363903522491455e-02
-7.459368556737899780e-02
2.257526107132434845e-02
-5.177262052893638611e-02
-9.425988793373107910e-02
5.514306575059890747e-02
4.929344356060028076e-02
5.784251913428306580e-02
1.644588410854339600e-01
9.057956188917160034e-02
1.012767925858497620e-01
2.053152769804000854e-01
1.792842447757720947e-01
1.455749869346618652e-01
5.103996023535728455e-02
-5.253457929939031601e-03
-2.024114597588777542e-03
-1.013470515608787537e-01
-2.029170654714107513e-02
7.456148415803909302e-02
-9.849992394447326660e-02
-8.402843773365020752e-02
3.434752672910690308e-02
-2.327124401926994324e-02
1.424509007483720779e-02
3.161812783218920231e-04
-8.524637669324874878e-02
1.310588791966438293e-02
-1.049632020294666290e-02
-1.221241950988769531e-01
-8.247861638665199280e-03
5.544312298297882080e-02
-3.233657404780387878e-02
-2.684490755200386047e-02
4.867201671004295349e-02
3.926586732268333435e-02
-4.433320835232734680e-02
-1.746021583676338196e-02
4.201116040349006653e-02
-5.581189319491386414e-02
-2.737660519778728485e-02
9.797715395689010620e-02
1.644493266940116882e-02
-1.686424948275089264e-02
8.773459121584892273e-03
-7.029334455728530884e-02
-5.216313898563385010e-02
3.245893493294715881e-02
4.136388748884201050e-02
-2.931843325495719910e-02
-6.397923082113265991e-02
4.173755180090665817e-03
-3.594124689698219299e-02
-6.417917460203170776e-02
3.664018586277961731e-02
-4.847343266010284424e-02
-1.005578339099884033e-01
1.101330742239952087e-01
1.634214222431182861e-01
5.005662143230438232e-02
2.936122380197048187e-02
1.134264189749956131e-02
-2.275895094498991966e-03
-4.866792634129524231e-02
-1.449192315340042114e-01
-8.801092952489852905e-02
-1.743997074663639069e-02
-6.823410093784332275e-02
-9.813673794269561768e-02
-1.490046232938766479e-01
-2.058819234371185303e-01
-1.712541133165359497e-01
1.321815997362136841e-01
7.475303411483764648e-01
9.063293337821960449e-01
3.093665838241577148e-01
-9.645622223615646362e-02
-5.482373759150505066e-02
-9.126742184162139893e-02
-1.433345675468444824e-01
-7.780651748180389404e-02
-9.185311198234558105e-02
-1.358469426631927490e-01
-4.370018094778060913e-02
-7.468032836914062500e-02
-2.411673516035079956e-01
-9.084676206111907959e-02
-1.648280210793018341e-02
-2.336753457784652710e-01
-1.114255115389823914e-01
-2.742172591388225555e-02
-1.663681566715240479e-01
-2.891924232244491577e-02
-5.841341987252235413e-02
-1.314081996679306030e-01
1.143451109528541565e-01
5.653345957398414612e-02
-4.966895654797554016e-02
1.645367294549942017e-01
1.550119072198867798e-01
6.216306984424591064e-02
1.760946512222290039e-01
1.899583190679550171e-01
9.556510299444198608e-02
6.549645960330963135e-02
2.924385853111743927e-02
-2.987567894160747528e-02
-3.254540637135505676e-02
-2.628329209983348846e-02
-2.863855846226215363e-02
1.273008412681519985e-03
-1.838306151330471039e-02
-5.705423280596733093e-02
-3.764408081769943237e-02
-3.221557289361953735e-02
-5.062384903430938721e-02
-4.351272061467170715e-02
1.368507649749517441e-02
4.001844674348831177e-02
-2.172815240919589996e-02
-4.126518964767456055e-02
-1.144685223698616028e-02
4.076732695102691650e-02
8.553595840930938721e-02
-1.725794188678264618e-02
-6.252277642488479614e-02
3.983250632882118225e-02
6.614952813833951950e-03
-5.434753373265266418e-02
-1.484248414635658264e-02
3.303679451346397400e-02
6.773113459348678589e-02
-9.760872460901737213e-03
-4.686352610588073730e-02
3.309046477079391479e-02
1.475904136896133423e-02
-8.567378972657024860e-04
-2.292852103710174561e-02
-6.155057996511459351e-02
6.501399725675582886e-02
6.334453821182250977e-02
-9.754288941621780396e-02
-2.381103672087192535e-02
5.298360064625740051e-02
-7.188139110803604126e-02
-7.314443588256835938e-02
1.748368889093399048e-02
3.233842551708221436e-02
7.893121242523193359e-02
8.689833432435989380e-02
5.655049905180931091e-02
5.901401489973068237e-02
-4.369215294718742371e-02
-1.148711815476417542e-01
-2.113906666636466980e-02
-3.182202205061912537e-02
-1.663321554660797119e-01
-1.683252900838851929e-01
-9.000921249389648438e-02
-7.769247889518737793e-02
-1.691334098577499390e-01
-2.737975418567657471e-01
1.535842567682266235e-01
9.028999805450439453e-01
7.611659169197082520e-01
5.779448151588439941e-02
-1.012500599026679993e-01
-5.234612151980400085e-02
-1.149906441569328308e-01
-1.191958189010620117e-01
-1.585762649774551392e-01
-1.330400556325912476e-01
-7.941743731498718262e-02
-1.048282310366630554e-01
-7.938968390226364136e-02
-1.035291403532028198e-01
-1.248521655797958374e-01
-4.262335598468780518e-02
-5.812394246459007263e-02
-9.499344974756240845e-02
-4.343795776367187500e-02
-3.164139017462730408e-02
-5.368483066558837891e-02
-3.475395590066909790e-02
2.916052937507629395e-02
2.835348807275295258e-02
-5.049035418778657913e-03
1.292469799518585205e-01
2.058244645595550537e-01
1.062771007418632507e-01
1.624406576156616211e-01
2.096807807683944702e-01
9.574738889932632446e-02
9.725764393806457520e-02
1.009281575679779053e-01
7.973754778504371643e-03
-1.970695145428180695e-02
-2.660556323826313019e-02
-6.282897293567657471e-02
-8.157316595315933228e-02
-5.353370308876037598e-02
-3.060503862798213959e-02
-5.868521705269813538e-02
-6.632921099662780762e-02
-4.829605668783187866e-02
-5.363209173083305359e-02
-6.668781489133834839e-02
-3.651258721947669983e-02
1.057321950793266296e-02
-3.517923876643180847e-02
-5.776143819093704224e-02
2.037229016423225403e-02
-7.595205679535865784e-04
-5.811455473303794861e-02
-1.801145449280738831e-02
9.633459150791168213e-03
-1.925799064338207245e-02
-5.220814049243927002e-02
1.596675626933574677e-02
8.270195871591567993e-02
-1.871319673955440521e-02
-4.480845853686332703e-02
4.074000567197799683e-02
-9.455245919525623322e-03
-2.310540899634361267e-02
8.005300164222717285e-02
5.657681450247764587e-02
-3.780000284314155579e-02
-7.985262200236320496e-03
6.051512062549591064e-02
1.364093832671642303e-02
-4.188983142375946045e-02
1.118850056082010269e-02
3.220839053392410278e-02
1.482109352946281433e-02
1.012719571590423584e-01
1.114019900560379028e-01
1.339854788966476917e-03
4.540729150176048279e-02
5.325851589441299438e-02
-6.160793453454971313e-02
3.402578877285122871e-03
3.334595263004302979e-02
-7.554870843887329102e-02
-9.647094458341598511e-02
-1.455457508563995361e-01
-1.822741478681564331e-01
-1.380756795406341553e-01
-2.104067206382751465e-01
-2.231978327035903931e-01
1.673584878444671631e-01
7.109601497650146484e-01
6.833079457283020020e-01
1.041671335697174072e-01
-1.690391153097152710e-01
-1.254835575819015503e-01
-1.985114514827728271e-01
-1.464184075593948364e-01
-6.382256746292114258e-02
-1.644884645938873291e-01
-1.212868914008140564e-01
-2.277112007141113281e-02
-9.199444949626922607e-02
-1.049918681383132935e-01
-5.899991840124130249e-02
-4.081527143716812134e-02
