3.034461103379726410e-02
5.517415702342987061e-03
-9.294403344392776489e-02
-8.483974635601043701e-02
-6.415066123008728027e-02
-7.294495403766632080e-02
-5.797680467367172241e-02
-1.205385178327560425e-01
-9.489969164133071899e-02
-5.832496657967567444e-02
-7.081661373376846313e-02
-3.754148259758949280e-02
4.771182313561439514e-02
4.009755328297615051e-02
4.092060029506683350e-03
1.948522478342056274e-01
4.230296015739440918e-01
4.707227051258087158e-01
5.308594703674316406e-01
2.184409052133560181e-01
-4.719251990318298340e-01
-8.181870579719543457e-01
-7.796512842178344727e-01
-5.198779702186584473e-01
-1.577853262424468994e-01
-7.895474135875701904e-02
-9.425359964370727539e-02
-1.297140680253505707e-02
-2.671974338591098785e-02
-9.885746985673904419e-03
3.849486634135246277e-02
-2.436215989291667938e-02
2.329743094742298126e-02
8.608269691467285156e-02
2.824625931680202484e-02
1.657588034868240356e-02
-3.819337859749794006e-02
-8.936855942010879517e-02
3.598826751112937927e-02
1.109626367688179016e-01
1.568351686000823975e-01
3.017347157001495361e-01
3.142969906330108643e-01
2.154900580644607544e-01
1.936621218919754028e-01
2.083953768014907837e-01
3.097282946109771729e-01
3.800724744796752930e-01
2.950742840766906738e-01
2.380412966012954712e-01
1.916975229978561401e-01
3.247387334704399109e-02
-1.493562310934066772e-01
-1.988881230354309082e-01
-1.315431892871856689e-01
-1.775605678558349609e-01
-2.089754939079284668e-01
-1.075353622436523438e-01
-1.138582974672317505e-01
-2.069110274314880371e-01
-2.085986435413360596e-01
-1.498592495918273926e-01
-1.717415601015090942e-01
-2.239143550395965576e-01
-1.683941930532455444e-01
-1.530631929636001587e-01
-1.434698104858398438e-01
-3.842011839151382446e-02
-7.664744742214679718e-03
-5.440738052129745483e-02
-1.116153746843338013e-01
-1.572366356849670410e-01
-1.288455575704574585e-01
-8.660019934177398682e-02
-3.337250649929046631e-02
3.666306287050247192e-02
1.485809683799743652e-01
2.435592114925384521e-01
1.139868646860122681e-01
6.224187090992927551e-02
1.767222583293914795e-01
4.299931228160858154e-02
4.533845931291580200e-02
2.096430510282516479e-01
7.846701890230178833e-02
6.355132162570953369e-02
1.046208813786506653e-01
-1.224844977259635925e-01
-1.032451465725898743e-01
9.270380437374114990e-02
1.912746392190456390e-02
-3.421002626419067383e-02
9.778763353824615479e-02
1.813713610172271729e-01
2.211543917655944824e-01
3.049287199974060059e-01
4.363784193992614746e-01
5.905448794364929199e-01
5.570516586303710938e-01
1.936333030462265015e-01
-3.331525921821594238e-01
-7.850028276443481445e-01
-8.107388615608215332e-01
-4.352008104324340820e-01
-1.741198599338531494e-01
-1.444206833839416504e-01
-1.502542942762374878e-01
-1.088701039552688599e-01
-3.224892541766166687e-02
-4.018694907426834106e-02
-1.164376512169837952e-01
-1.437324732542037964e-01
-5.423801764845848083e-02
-1.495180185884237289e-02
-1.688629835844039917e-01
-1.645757555961608887e-01
4.695361107587814331e-02
8.161873370409011841e-02
1.633806712925434113e-02
8.206272614188492298e-04
2.941391430795192719e-02
1.807558089494705200e-01
2.436319589614868164e-01
1.365452408790588379e-01
2.634721398353576660e-01
4.609081745147705078e-01
3.717699050903320312e-01
2.867242693901062012e-01
2.273415029048919678e-01
1.146870702505111694e-01
6.650616973638534546e-02
-9.058018028736114502e-02
-1.655552536249160767e-01
-4.324138164520263672e-02
-9.259435534477233887e-02
-2.222866266965866089e-01
-2.357877343893051147e-01
-2.152167856693267822e-01
-1.633080095052719116e-01
-1.733084022998809814e-01
-2.134060561656951904e-01
-1.389296203851699829e-01
-1.353595852851867676e-01
-1.908388137817382812e-01
-5.985682830214500427e-02
6.275822222232818604e-02
-5.772368516772985458e-03
-2.984719537198543549e-02
4.350446537137031555e-02
-1.947205699980258942e-02
-2.950279787182807922e-02
1.725189089775085449e-01
1.825797706842422485e-01
3.491446748375892639e-02
1.011799275875091553e-01
1.650773584842681885e-01
9.120336920022964478e-02
7.176160067319869995e-02
6.234395131468772888e-02
4.192204773426055908e-02
-1.197825931012630463e-02
-1.121727675199508667e-01
-2.791073173284530640e-02
9.053435921669006348e-02
2.987139299511909485e-02
-3.434055298566818237e-02
-7.593712955713272095e-02
-8.508400619029998779e-02
-6.381545960903167725e-02
-7.249939441680908203e-02
-4.402660578489303589e-02
2.634158590808510780e-03
1.110356971621513367e-01
1.836074590682983398e-01
1.892971843481063843e-01
3.719978034496307373e-01
5.390214323997497559e-01
6.034148335456848145e-01
5.426548123359680176e-01
3.659379482269287109e-02
-5.049921274185180664e-01
-7.030387520790100098e-01
-6.970851421356201172e-01
-4.070318639278411865e-01
-1.622319817543029785e-01
-1.748212426900863647e-01
-7.923770695924758911e-02
-6.034887954592704773e-02
-1.367875635623931885e-01
-2.120793610811233521e-02
-5.920731648802757263e-02
-1.767973154783248901e-01
-8.841608464717864990e-02
-1.031713634729385376e-01
-1.695765852928161621e-01
-1.440783888101577759e-01
-9.092789143323898315e-02
1.343809906393289566e-02
-2.759407646954059601e-02
-6.999206542968750000e-02
1.049803346395492554e-01
1.343033462762832642e-01
1.125692129135131836e-01
2.843192815780639648e-01
3.565198481082916260e-01
3.785757422447204590e-01
4.471867680549621582e-01
3.910262882709503174e-01
3.065689802169799805e-01
2.448118180036544800e-01
1.360703110694885254e-01
2.903866954147815704e-02
3.698328882455825806e-02
1.076268404722213745e-01
4.241741448640823364e-02
1.473856437951326370e-02
8.030381053686141968e-02
-1.355573385953903198e-01
-2.770295441150665283e-01
-1.493783444166183472e-01
-2.913966774940490723e-01
-3.921702802181243896e-01
-2.928044497966766357e-01
-3.976533412933349609e-01
-4.213438928127288818e-01
-2.616073489189147949e-01
-1.539251953363418579e-01
-1.061543747782707214e-01
-4.703287407755851746e-02
1.258881241083145142e-01
1.768145859241485596e-01
6.166346743702888489e-02
1.322205513715744019e-01
2.203011810779571533e-01
1.461428850889205933e-01
9.558164328336715698e-02
9.869063645601272583e-02
9.042648226022720337e-02
6.488714367151260376e-02
1.102614924311637878e-01
1.376986503601074219e-01
-4.742567986249923706e-02
-1.646204590797424316e-01
-2.455267496407032013e-02
5.692788213491439819e-02
-2.551687881350517273e-02
-1.073655635118484497e-01
-1.409714370965957642e-01
-1.885434389114379883e-01
-1.376922726631164551e-01
4.531781002879142761e-02
3.015199117362499237e-02
-4.865213111042976379e-02
1.254718452692031860e-01
3.630347251892089844e-01
5.244355201721191406e-01
6.245125532150268555e-01
6.795255541801452637e-01
4.885541796684265137e-01
-1.021248400211334229e-01
-6.339528560638427734e-01
-7.897705435752868652e-01
-6.117157340049743652e-01
-2.839938700199127197e-01
-1.664509326219558716e-01
-9.278391301631927490e-02
1.225130353122949600e-02
-1.374015957117080688e-01
-1.137311682105064392e-01
9.040975570678710938e-02
-6.362476199865341187e-02
-1.362470090389251709e-01
3.844073042273521423e-02
1.898309029638767242e-02
9.941986063495278358e-04
-3.900260478258132935e-02
-1.613694876432418823e-01
-2.259519137442111969e-02
6.651590019464492798e-02
-2.822028659284114838e-02
7.951218634843826294e-02
2.074348628520965576e-01
1.960454434156417847e-01
2.083922922611236572e-01
2.450441718101501465e-01
2.799746394157409668e-01
3.030945062637329102e-01
3.302869498729705811e-01
3.087019026279449463e-01
1.390233188867568970e-01
-2.072926051914691925e-02
-9.413751959800720215e-02
-1.549842357635498047e-01
-1.470353156328201294e-01
-1.238535046577453613e-01
-1.340765804052352905e-01
-1.026149988174438477e-01
-8.532837778329849243e-02
-1.413135677576065063e-01
-2.172949463129043579e-01
-1.961486935615539551e-01
-7.749320566654205322e-02
-3.278356045484542847e-02
-5.710547044873237610e-02
-9.127018600702285767e-02
-1.732885986566543579e-01
-1.510268896818161011e-01
-7.247336208820343018e-02
-1.013308838009834290e-01
-4.329460114240646362e-02
3.303278237581253052e-02
-4.880928993225097656e-02
-1.035732924938201904e-01
-9.456800669431686401e-02
-4.937711358070373535e-02
2.797412872314453125e-02
1.011263206601142883e-01
2.613378465175628662e-01
2.583233416080474854e-01
6.150463223457336426e-02
1.614383310079574585e-01
2.170771062374114990e-01
-2.654464170336723328e-02
1.813047938048839569e-02
1.304790228605270386e-01
-5.642205942422151566e-03
3.279925882816314697e-02
1.032062768936157227e-01
1.929059857502579689e-03
-2.800811780616641045e-03
-3.785257693380117416e-03
-5.744293704628944397e-02
4.126045852899551392e-02
1.572487205266952515e-01
1.583410799503326416e-01
2.354284077882766724e-01
4.434288442134857178e-01
5.830115079879760742e-01
4.469121396541595459e-01
7.864458113908767700e-02
-3.941077291965484619e-01
-8.724490404129028320e-01
-8.622942566871643066e-01
-3.898145258426666260e-01
-1.915795207023620605e-01
-2.146626114845275879e-01
-1.347957253456115723e-01
-6.437270343303680420e-02
-2.631237544119358063e-02
-3.876058012247085571e-02
-6.561256945133209229e-02
-4.227273538708686829e-02
-2.306113764643669128e-02
-3.628192096948623657e-02
-6.230442970991134644e-02
-4.684153199195861816e-02
-5.703003704547882080e-02
-1.018945872783660889e-01
4.218749236315488815e-03
1.530273854732513428e-01
1.496324539184570312e-01
1.792244315147399902e-01
2.734422683715820312e-01
2.152194529771804810e-01
1.616695672273635864e-01
2.691789567470550537e-01
3.619240522384643555e-01
3.564733266830444336e-01
2.594670057296752930e-01
1.854991912841796875e-01
1.290312409400939941e-01
-5.243899673223495483e-02
-1.071930602192878723e-01
-8.367687463760375977e-02
-2.024429291486740112e-01
-1.558835506439208984e-01
-9.530961513519287109e-02
-2.281775921583175659e-01
-1.477196216583251953e-01
-2.162692695856094360e-02
-1.345308125019073486e-01
-1.391963958740234375e-01
-6.048640236258506775e-02
-1.466365009546279907e-01
-2.065280526876449585e-01
-7.498998939990997314e-02
4.128751158714294434e-02
-4.444520175457000732e-02
-1.004390120506286621e-01
-5.646336078643798828e-02
-1.051720902323722839e-01
-9.711692482233047485e-02
-5.387103930115699768e-02
-1.124696508049964905e-01
-1.655001752078533173e-02
1.300684511661529541e-01
1.440529376268386841e-01
2.118030935525894165e-01
1.648919880390167236e-01
4.484464228153228760e-02
1.406359523534774780e-01
1.597963273525238037e-01
7.190878689289093018e-02
8.062422275543212891e-02
8.727772161364555359e-03
-2.083182148635387421e-02
1.045021489262580872e-01
8.294288069009780884e-02
-4.772037640213966370e-02
-4.566554352641105652e-02
2.922749333083629608e-02
1.956245489418506622e-02
-6.027295812964439392e-02
6.047345232218503952e-03
1.776273697614669800e-01
1.553885191679000854e-01
1.895094066858291626e-01
5.081106424331665039e-01
5.875471234321594238e-01
2.548119723796844482e-01
-1.268348693847656250e-01
-5.338696241378784180e-01
-8.707132339477539062e-01
-7.639690041542053223e-01
-3.795140385627746582e-01
-2.035963088274002075e-01
-1.927401274442672729e-01
-1.121446788311004639e-01
2.285522175952792168e-03
1.773846335709095001e-03
-5.146711692214012146e-02
2.634593984112143517e-03
-4.345713555812835693e-02
-1.324729323387145996e-01
1.063849870115518570e-02
7.270368933677673340e-02
4.341407679021358490e-03
4.862521961331367493e-02
5.323626101016998291e-02
3.156453743577003479e-02
4.584302008152008057e-02
3.733447566628456116e-02
2.070972621440887451e-01
3.816695213317871094e-01
2.108281254768371582e-01
1.519042849540710449e-01
4.129562377929687500e-01
4.324845373630523682e-01
3.268414735794067383e-01
4.074025154113769531e-01
2.823565602302551270e-01
-2.608222700655460358e-02
-6.658686697483062744e-02
3.340214863419532776e-02
-1.046032682061195374e-01
-2.617831826210021973e-01
-1.588545143604278564e-01
-1.453871130943298340e-01
-2.200748920440673828e-01
-1.338673233985900879e-01
-1.381315588951110840e-01
-1.928348392248153687e-01
-1.564629673957824707e-01
-2.350620031356811523e-01
-2.641777098178863525e-01
-9.888824820518493652e-02
-8.196757733821868896e-02
-1.629285216331481934e-01
-8.639983832836151123e-02
-8.327315002679824829e-02
-1.671246588230133057e-01
-1.252635568380355835e-01
-7.277411967515945435e-02
-4.151444509625434875e-02
1.951193809509277344e-02
-2.157364413142204285e-02
-8.027897030115127563e-02
3.592455014586448669e-02
1.368958204984664917e-01
1.211388334631919861e-01
2.046800702810287476e-01
2.680819630622863770e-01
1.761570870876312256e-01
1.088003963232040405e-01
1.322642434388399124e-02
-3.411412984132766724e-02
1.657775044441223145e-01
1.790760457515716553e-01
-3.710518404841423035e-02
-3.985675983130931854e-03
1.007163082249462605e-03
-4.231224581599235535e-02
8.922116458415985107e-02
8.542266674339771271e-03
-2.605592645704746246e-02
1.522430181503295898e-01
1.232306137681007385e-01
2.031188309192657471e-01
4.834607243537902832e-01
5.963914394378662109e-01
5.511310696601867676e-01
2.235042601823806763e-01
-3.199216723442077637e-01
-7.561522126197814941e-01
-8.606125116348266602e-01
-4.593937993049621582e-01
-6.448152661323547363e-02
-1.200448870658874512e-01
-1.805939078330993652e-01
-6.143656745553016663e-02
-2.317922934889793396e-02
-7.493452727794647217e-02
-1.196142956614494324e-01
-8.466076105833053589e-02
1.830545812845230103e-02
-2.155536971986293793e-02
-9.681524336338043213e-02
-2.701770700514316559e-02
-4.229305312037467957e-03
-3.124627843499183655e-02
-4.226717352867126465e-02
-1.074322219938039780e-02
6.946277339011430740e-03
-5.888075381517410278e-02
5.962684378027915955e-02
1.854234486818313599e-01
1.461519747972488403e-01
2.909925580024719238e-01
4.254800677299499512e-01
3.344925045967102051e-01
2.305765450000762939e-01
1.709660440683364868e-01
1.132394596934318542e-01
-5.451159924268722534e-02
-1.462362557649612427e-01
-4.636485502123832703e-02
-1.176237240433692932e-01
-1.724155992269515991e-01
-2.640972472727298737e-02
-8.773159980773925781e-02
-2.071388363838195801e-01
-1.346330940723419189e-01
-1.004924699664115906e-01
-1.441062837839126587e-01
-1.253868043422698975e-01
-8.131676167249679565e-02
-6.113424152135848999e-02
-2.043190598487854004e-02
-5.036207288503646851e-02
-6.828304380178451538e-02
6.501908600330352783e-02
9.739618003368377686e-02
6.824019365012645721e-03
-9.650929830968379974e-03
-4.223832860589027405e-02
1.121466862969100475e-03
1.647670418024063110e-01
7.929833978414535522e-02
-3.647033497691154480e-02
1.752596050500869751e-01
2.739020884037017822e-01
1.374221593141555786e-01
1.116529628634452820e-01
1.474033296108245850e-01
7.995960116386413574e-02
-1.591437496244907379e-02
-2.427176572382450104e-02
8.626230992376804352e-03
-1.341488026082515717e-02
-6.775228679180145264e-02
-1.028851196169853210e-01
-1.395727992057800293e-01
-1.812735944986343384e-01
-2.272582650184631348e-01
-2.196677327156066895e-01
-8.215282857418060303e-02
7.117722416296601295e-04
3.952110558748245239e-02
3.049890697002410889e-01
5.385798215866088867e-01
5.543451905250549316e-01
5.724911689758300781e-01
4.226478636264801025e-01
-1.080525740981101990e-01
-7.461231350898742676e-01
-8.848516345024108887e-01
-4.748284518718719482e-01
-2.581750452518463135e-01
-2.163968980312347412e-01
-4.787947982549667358e-02
-9.935629367828369141e-02
-1.265171766281127930e-01
1.622484624385833740e-02
-6.903887540102005005e-02
-1.127374321222305298e-01
1.106556272134184837e-03
-3.443262726068496704e-02
-9.382791072130203247e-02
-2.525380626320838928e-02
1.073263492435216904e-02
-6.509629637002944946e-02
-7.673365622758865356e-02
5.217862501740455627e-02
1.381223499774932861e-01
9.987838566303253174e-02
1.860589981079101562e-01
4.344287812709808350e-01
4.492472112178802490e-01
3.175605833530426025e-01
4.632847607135772705e-01
6.050919294357299805e-01
4.036335051059722900e-01
2.379040718078613281e-01
2.193828374147415161e-01
-1.157329138368368149e-02
-2.080504596233367920e-01
-1.265458464622497559e-01
-2.394623160362243652e-01
-4.706518948078155518e-01
-3.503708839416503906e-01
-2.103980481624603271e-01
-2.450906485319137573e-01
-1.550360471010208130e-01
-7.092906534671783447e-02
-1.114766299724578857e-01
-1.029524505138397217e-01
-1.890442892909049988e-02
-3.290907712653279305e-03
-8.786832541227340698e-02
-7.848103344440460205e-02
-3.057723864912986755e-02
-5.416860803961753845e-02
-3.745485097169876099e-02
-7.062860578298568726e-02
-1.093172430992126465e-01
-6.831061840057373047e-02
-1.304446607828140259e-01
-1.284868419170379639e-01
4.642123356461524963e-02
1.382699757814407349e-01
2.071171551942825317e-01
2.593887150287628174e-01
1.673474907875061035e-01
8.572594076395034790e-02
5.465223267674446106e-02
-1.971927285194396973e-02
-6.080716475844383240e-02
-2.283917367458343506e-02
-5.834504961967468262e-02
-1.506933569908142090e-01
-1.502036303281784058e-01
-1.576813310384750366e-01
-1.766602993011474609e-01
-1.735970973968505859e-01
-1.680884063243865967e-01
-3.234857693314552307e-02
4.444457963109016418e-02
6.803879886865615845e-02
3.079628348350524902e-01
4.434308707714080811e-01
4.877841472625732422e-01
7.723051309585571289e-01
9.147140383720397949e-01
5.856911540031433105e-01
-2.074872702360153198e-02
-6.007991433143615723e-01
-7.986729145050048828e-01
-5.284197330474853516e-01
-2.200809717178344727e-01
-1.035912483930587769e-01
2.964959945529699326e-03
5.377763137221336365e-02
5.216671898961067200e-02
4.774007201194763184e-02
-7.125412672758102417e-02
-1.298052966594696045e-01
-8.305175602436065674e-02
-9.740117937326431274e-02
-1.238059997558593750e-01
-1.374512165784835815e-01
-1.801640242338180542e-01
-2.072757780551910400e-01
-1.950955837965011597e-01
-1.655040234327316284e-01
-1.947224140167236328e-02
6.472996622323989868e-02
-3.423171862959861755e-02
1.020983904600143433e-01
2.557575106620788574e-01
1.677566170692443848e-01
2.916557490825653076e-01
3.934184312820434570e-01
2.241272181272506714e-01
1.491522639989852905e-01
1.277925223112106323e-01
4.408911988139152527e-02
-2.988462150096893311e-02
-6.970061361789703369e-02
-4.397617653012275696e-02
-8.548589050769805908e-02
-1.642891019582748413e-01
-1.372320801019668579e-01
-1.444260627031326294e-01
-9.724482148885726929e-02
6.218061596155166626e-02
1.583651266992092133e-02
-1.159621924161911011e-01
-6.716350466012954712e-02
-4.705174639821052551e-02
-1.056952774524688721e-01
-6.144914776086807251e-02
-2.346748858690261841e-02
-7.595288753509521484e-02
-7.292757183313369751e-02
-1.448514033108949661e-02
-1.732659153640270233e-02
-1.997854933142662048e-02
3.011508658528327942e-02
1.450873212888836861e-03
-8.658111095428466797e-03
7.915422320365905762e-02
1.245758868753910065e-02
-4.614853765815496445e-03
2.174171358346939087e-01
2.522184252738952637e-01
1.477564573287963867e-01
1.703997552394866943e-01
4.821603372693061829e-02
-9.467407315969467163e-02
5.429925024509429932e-02
8.155049383640289307e-02
-9.818073362112045288e-02
-1.099723726511001587e-01
-6.870072335004806519e-02
-2.758335787802934647e-03
7.928044348955154419e-02
2.373329363763332367e-02
-1.315106987021863461e-03
-8.915063925087451935e-03
-9.719742462038993835e-03
7.440811395645141602e-02
1.034873500466346741e-01
2.794151306152343750e-01
5.667441487312316895e-01
5.490271449089050293e-01
2.681736648082733154e-01
-2.556619942188262939e-01
-8.223621249198913574e-01
-8.469237685203552246e-01
-4.650547802448272705e-01
-2.125576436519622803e-01
-1.032115593552589417e-01
-2.465855702757835388e-02
-4.207264631986618042e-02
-9.800167381763458252e-02
-1.193241104483604431e-01
-1.059533804655075073e-01
-1.400456391274929047e-02
1.998684927821159363e-02
-5.896466597914695740e-02
-4.639154300093650818e-02
-2.482068352401256561e-02
-6.674732267856597900e-02
1.803552382625639439e-03
4.630760848522186279e-02
1.035285741090774536e-02
9.684184938669204712e-02
1.150648221373558044e-01
4.105362296104431152e-02
2.056481093168258667e-01
3.918902277946472168e-01
3.770715892314910889e-01
3.926197588443756104e-01
4.728404879570007324e-01
4.479062855243682861e-01
2.084488123655319214e-01
1.256781106349080801e-04
2.745326235890388489e-02
-4.190512374043464661e-02
-1.745770275592803955e-01
-1.164280325174331665e-01
-1.190774962306022644e-01
-1.915470063686370850e-01
-1.162137091159820557e-01
-7.407216727733612061e-02
-1.555863469839096069e-01
-1.610214561223983765e-01
-1.364067047834396362e-01
-1.744934022426605225e-01
-1.418181359767913818e-01
-8.320866525173187256e-02
-1.165014207363128662e-01
-1.119127571582794189e-01
-6.522553414106369019e-02
-1.209936365485191345e-01
-1.579152494668960571e-01
-1.049574166536331177e-01
-8.915986120700836182e-02
-5.324539542198181152e-02
1.339970901608467102e-02
5.129951518028974533e-03
-4.630747437477111816e-02
-6.694772839546203613e-02
1.413546688854694366e-02
1.025886833667755127e-01
1.137181743979454041e-01
1.678865700960159302e-01
1.922530382871627808e-01
1.114604696631431580e-01
5.400736257433891296e-02
7.123289257287979126e-02
9.097073227167129517e-02
8.116798102855682373e-02
9.477471560239791870e-02
5.944300070405006409e-02
-1.247694436460733414e-02
5.878685042262077332e-03
-2.905636467039585114e-02
-6.939318776130676270e-02
2.627824433147907257e-02
3.075834922492504120e-02
6.178363040089607239e-02
2.329048216342926025e-01
2.425572276115417480e-01
3.060639798641204834e-01
5.551872849464416504e-01
5.504338145256042480e-01
2.548877000808715820e-01
-1.165271326899528503e-01
-5.308051109313964844e-01
-7.951923608779907227e-01
-6.513439416885375977e-01
-3.434167802333831787e-01
-2.070869505405426025e-01
-1.009499803185462952e-01
-6.857442855834960938e-02
-1.775409132242202759e-01
-1.659996211528778076e-01
-1.298464536666870117e-01
-1.475547701120376587e-01
-2.779497765004634857e-02
3.100814297795295715e-02
-7.124136388301849365e-02
-7.071643322706222534e-02
-1.104737725108861923e-02
1.420141663402318954e-02
4.302283376455307007e-02
-4.940855875611305237e-02
-6.917090713977813721e-02
1.736913770437240601e-01
2.952154874801635742e-01
2.071853578090667725e-01
2.052433937788009644e-01
3.273529410362243652e-01
4.697392880916595459e-01
4.742406010627746582e-01
3.478069007396697998e-01
2.437287867069244385e-01
1.330615133047103882e-01
5.390928685665130615e-02
-1.706552319228649139e-02
-1.472614258527755737e-01
-1.826162040233612061e-01
-1.468551307916641235e-01
-9.038233011960983276e-02
-1.396754682064056396e-01
-2.434268146753311157e-01
-1.084080487489700317e-01
-1.506814658641815186e-01
-2.815313339233398438e-01
-3.016775473952293396e-02
-4.322692751884460449e-03
-1.570294201374053955e-01
-7.651978731155395508e-02
-2.072562873363494873e-01
-2.549058198928833008e-01
6.302029639482498169e-02
8.122532814741134644e-02
-7.901610434055328369e-02
-7.236456498503684998e-03
-4.849689826369285583e-02
-1.616467982530593872e-01
-7.023223489522933960e-02
-4.727699980139732361e-02
-7.811897993087768555e-02
5.378639325499534607e-02
9.548896551132202148e-02
8.798262476921081543e-02
1.446812599897384644e-01
6.438318639993667603e-02
8.774274587631225586e-02
1.895209848880767822e-01
5.136927217245101929e-02
1.819201372563838959e-02
1.603414416313171387e-01
1.483939141035079956e-01
8.610160648822784424e-02
6.173045933246612549e-02
2.214764058589935303e-02
-5.290301144123077393e-02
-1.570297032594680786e-01
-1.102367565035820007e-01
7.276278734207153320e-02
1.791877150535583496e-01
2.029537260532379150e-01
2.487438321113586426e-01
4.176608026027679443e-01
6.294161081314086914e-01
5.762164592742919922e-01
1.875763982534408569e-01
-3.109498322010040283e-01
-6.976769566535949707e-01
-7.802885174751281738e-01
-6.020224690437316895e-01
-3.348239064216613770e-01
-1.453766971826553345e-01
-2.012436538934707642e-01
-2.209521830081939697e-01
-2.784444950520992279e-02
-1.313797384500503540e-02
-1.534370034933090210e-01
-1.004244536161422729e-01
1.907940208911895752e-02
5.141569301486015320e-02
6.577823311090469360e-02
3.108347393572330475e-02
-5.632803961634635925e-02
-1.010564118623733521e-01
-6.188853085041046143e-02
-8.311214856803417206e-03
5.536027252674102783e-02
1.388550251722335815e-01
1.562365591526031494e-01
2.044725418090820312e-01
3.008425831794738770e-01
2.249656766653060913e-01
1.859574913978576660e-01
3.879974186420440674e-01
4.265190362930297852e-01
2.531843781471252441e-01
1.722149848937988281e-01
1.103247851133346558e-01
-7.612097077071666718e-03
-1.359736323356628418e-01
-1.661696881055831909e-01
-1.044441908597946167e-01
-1.392860561609268188e-01
-1.296965628862380981e-01
-5.900494381785392761e-02
-8.567898720502853394e-02
-9.854725748300552368e-02
-1.692852526903152466e-01
-1.970072686672210693e-01
-1.048400327563285828e-01
-1.567262560129165649e-01
-1.264002621173858643e-01
-1.995512843132019043e-02
-1.172658577561378479e-01
-8.115729689598083496e-02
-4.964239895343780518e-02
-2.014137655496597290e-01
-9.104473143815994263e-02
-3.598880022764205933e-02
-1.926215738058090210e-01
-1.082792356610298157e-01
3.778751939535140991e-02
1.554954499006271362e-01
2.122173160314559937e-01
1.023311316967010498e-01
1.189290285110473633e-01
1.378437876701354980e-01
9.905536659061908722e-03
-1.653261110186576843e-02
5.900485441088676453e-02
1.636129319667816162e-01
1.513763070106506348e-01
3.865504264831542969e-02
4.853359982371330261e-02
3.836311632767319679e-03
-8.868528157472610474e-02
2.029157243669033051e-02
6.188935786485671997e-02
-8.450301736593246460e-02
-9.019233286380767822e-03
2.286832630634307861e-01
2.666025161743164062e-01
3.659401237964630127e-01
6.218550801277160645e-01
6.408983469009399414e-01
3.711377382278442383e-01
-9.612307697534561157e-02
-6.038306355476379395e-01
-8.157327175140380859e-01
-6.545215249061584473e-01
-3.714274466037750244e-01
-2.158853113651275635e-01
-1.194486543536186218e-01
-2.581345289945602417e-02
-1.392994672060012817e-01
-2.175610810518264771e-01
1.990052312612533569e-02
4.977275431156158447e-02
-2.030264884233474731e-01
-1.587953418493270874e-01
2.327238954603672028e-02
-3.484909608960151672e-02
-1.744771450757980347e-01
-1.685989499092102051e-01
1.952987909317016602e-02
1.581201553344726562e-01
8.712024986743927002e-02
7.943814992904663086e-02
1.737230569124221802e-01
1.108785867691040039e-01
1.667013317346572876e-01
4.192071259021759033e-01
4.303394556045532227e-01
3.746056258678436279e-01
4.016408920288085938e-01
2.561058700084686279e-01
1.010082438588142395e-01
4.968199506402015686e-02
-2.823629043996334076e-02
-1.194647848606109619e-01
-1.744187921285629272e-01
-1.720685958862304688e-01
-1.702288985252380371e-01
-1.311677098274230957e-01
-1.468485221266746521e-02
-3.473353385925292969e-02
-1.570098251104354858e-01
-1.557147204875946045e-01
-1.241958737373352051e-01
-1.342012435197830200e-01
-1.057409718632698059e-01
-9.800238162279129028e-02
-1.049050763249397278e-01
-3.488841280341148376e-02
-1.327312085777521133e-02
-1.078204661607742310e-01
-1.240274235606193542e-01
-8.645164221525192261e-02
-7.547046244144439697e-02
-1.163309323601424694e-03
-1.522291451692581177e-02
-3.286399692296981812e-02
6.854794174432754517e-02
2.731349505484104156e-02
6.311355531215667725e-02
2.157639116048812866e-01
1.310632973909378052e-01
7.700791209936141968e-02
1.378362327814102173e-01
7.087372988462448120e-02
-1.466117799282073975e-03
2.277251332998275757e-02
4.438954964280128479e-02
1.459770929068326950e-02
-4.741304554045200348e-03
-2.268076129257678986e-02
-8.694804273545742035e-03
2.526851370930671692e-02
-4.375787079334259033e-02
-4.517999663949012756e-02
7.855694741010665894e-02
1.385156959295272827e-01
2.792559564113616943e-01
5.028137564659118652e-01
5.606676340103149414e-01
4.831725955009460449e-01
2.171521484851837158e-01
-3.105927705764770508e-01
-7.878835201263427734e-01
-8.005504012107849121e-01
-4.178556799888610840e-01
-1.800133734941482544e-01
-1.376228332519531250e-01
-5.645617097616195679e-02
-4.506462439894676208e-02
-6.690182536840438843e-02
-6.547135859727859497e-02
-9.950549900531768799e-02
-1.096859872341156006e-01
-1.086226329207420349e-01
-8.796583116054534912e-02
-6.969471275806427002e-02
-1.128930449485778809e-01
-8.573041856288909912e-02
9.609110653400421143e-03
3.838188946247100830e-02
-8.611098863184452057e-03
1.490236259996891022e-02
1.845416128635406494e-01
2.600272893905639648e-01
2.726762294769287109e-01
3.285543322563171387e-01
3.018366396427154541e-01
3.885625898838043213e-01
4.896939992904663086e-01
3.232670724391937256e-01
2.549064755439758301e-01
2.759877443313598633e-01
4.778554197400808334e-03
-1.424981057643890381e-01
-3.850188106298446655e-02
-1.515259146690368652e-01
-2.230416685342788696e-01
-1.849533319473266602e-01
-3.243416845798492432e-01
-2.698052227497100830e-01
-1.270356774330139160e-01
-2.456320822238922119e-01
-2.072100043296813965e-01
-3.030010499060153961e-02
-8.629124611616134644e-02
-1.438455581665039062e-01
-9.766816347837448120e-02
-1.487275213003158569e-01
-1.209411546587944031e-01
1.190900336951017380e-02
-4.846088588237762451e-02
-7.667164504528045654e-02
-2.429967746138572693e-03
-9.790697693824768066e-02
-4.162665829062461853e-02
1.143967881798744202e-01
-4.109821468591690063e-02
-1.032228320837020874e-01
8.127138018608093262e-02
1.479540616273880005e-01
1.603346168994903564e-01
1.762758046388626099e-01
1.338935345411300659e-01
1.315292716026306152e-01
1.377305090427398682e-01
6.889791041612625122e-02
5.688944458961486816e-02
1.467276513576507568e-01
1.090449616312980652e-01
-2.900967374444007874e-02
-1.926233805716037750e-02
3.078660741448402405e-02
2.508591301739215851e-02
3.113429294899106026e-03
-1.211935430765151978e-01
-1.180179044604301453e-01
8.651501685380935669e-02
1.641813218593597412e-01
2.372572273015975952e-01
4.381263852119445801e-01
5.700982213020324707e-01
4.562518894672393799e-01
6.389825791120529175e-02
-3.387962281703948975e-01
-6.644131541252136230e-01
-7.463350296020507812e-01
-3.772518038749694824e-01
-1.435257345438003540e-01
-2.027956843376159668e-01
-1.498925983905792236e-01
-1.360680460929870605e-01
-1.172790303826332092e-01
-4.245924577116966248e-02
-1.316455304622650146e-01
-1.300876140594482422e-01
-6.132449582219123840e-02
-1.262730062007904053e-01
-2.741401642560958862e-02
4.366071522235870361e-02
-9.072278439998626709e-02
-1.075644791126251221e-02
1.067984923720359802e-01
-1.305723749101161957e-02
7.582239806652069092e-03
2.389838099479675293e-01
2.742739021778106689e-01
1.326593011617660522e-01
2.267505526542663574e-01
4.713534712791442871e-01
4.676510393619537354e-01
3.093684017658233643e-01
2.583453655242919922e-01
2.734223008155822754e-01
2.051390260457992554e-01
4.112321138381958008e-02
-6.391218304634094238e-02
-1.270322799682617188e-01
-2.292346060276031494e-01
-2.519385218620300293e-01
-2.229056060314178467e-01
-1.799197793006896973e-01
-6.075531616806983948e-02
-4.642090946435928345e-02
-1.887227296829223633e-01
-1.773690581321716309e-01
-8.200599998235702515e-02
-2.131898999214172363e-01
-2.253622710704803467e-01
-1.212321221828460693e-02
-9.667785465717315674e-02
-1.625078916549682617e-01
7.955154031515121460e-02
1.359590236097574234e-02
-2.204815298318862915e-01
-1.112654954195022583e-01
5.393005162477493286e-02
3.391315042972564697e-02
-5.295662581920623779e-02
-3.706255182623863220e-02
8.687761425971984863e-02
1.250728070735931396e-01
1.591663658618927002e-01
1.888151168823242188e-01
7.181892544031143188e-02
8.113790303468704224e-02
1.346095353364944458e-01
-3.673790022730827332e-02
-1.674606697633862495e-03
2.034255117177963257e-01
3.177373856306076050e-02
-1.259404718875885010e-01
3.440306335687637329e-02
1.445041503757238388e-02
-7.543648034334182739e-02
3.080258518457412720e-02
-6.161998026072978973e-03
-3.513253852725028992e-02
1.884838938713073730e-01
3.062845468521118164e-01
3.497759401798248291e-01
4.849053323268890381e-01
4.779678583145141602e-01
3.251959979534149170e-01
4.525639116764068604e-02
-4.312279820442199707e-01
-8.056666254997253418e-01
-7.297517061233520508e-01
-3.753532171249389648e-01
-1.938879042863845825e-01
-1.924913674592971802e-01
-1.707604527473449707e-01
-9.802178293466567993e-02
5.529249459505081177e-02
7.186506688594818115e-02
-1.113689467310905457e-01
-1.229679882526397705e-01
-1.223314926028251648e-02
-4.652276635169982910e-02
-3.151722997426986694e-02
6.244001165032386780e-02
2.705048583447933197e-02
1.919069886207580566e-02
3.603399917483329773e-02
-2.085013687610626221e-02
4.719298705458641052e-02
1.294344067573547363e-01
1.581278592348098755e-01
2.685588896274566650e-01
3.000063598155975342e-01
2.958929836750030518e-01
3.422344624996185303e-01
3.214195370674133301e-01
3.254360556602478027e-01
2.236064821481704712e-01
-1.684069260954856873e-02
-6.614166311919689178e-03
-7.327191531658172607e-03
-2.400317639112472534e-01
-2.217967659235000610e-01
-8.170541375875473022e-02
-1.409317553043365479e-01
-1.791115701198577881e-01
-1.317403167486190796e-01
-1.416451185941696167e-01
-2.216190397739410400e-01
-2.545742392539978027e-01
-2.100948542356491089e-01
-1.420156061649322510e-01
-1.168983727693557739e-01
-1.541829705238342285e-01
-1.468515396118164062e-01
-9.471168369054794312e-02
-3.079183399677276611e-02
-4.752890020608901978e-02
-1.459597796201705933e-01
-1.640726253390312195e-02
1.119649633765220642e-01
-3.975623100996017456e-02
1.423040591180324554e-02
2.341049164533615112e-01
2.217779159545898438e-01
2.352760136127471924e-01
2.834103703498840332e-01
1.541027277708053589e-01
1.135256439447402954e-01
1.233411133289337158e-01
2.587475255131721497e-02
7.526135444641113281e-02
1.133632659912109375e-01
-6.360423751175403595e-03
-1.103476434946060181e-02
4.758260212838649750e-03
4.150228202342987061e-02
8.681122958660125732e-02
-8.243835717439651489e-02
-3.743058815598487854e-02
1.853507161140441895e-01
6.854146718978881836e-02
1.562264710664749146e-01
5.971146225929260254e-01
6.693166494369506836e-01
4.733357131481170654e-01
1.961428821086883545e-01
-4.067493379116058350e-01
-9.393889904022216797e-01
-9.182782769203186035e-01
-5.427721738815307617e-01
-2.841654121875762939e-01
-3.056264221668243408e-01
-2.257631272077560425e-01
2.620972879230976105e-02
-2.055317722260951996e-02
-1.629725694656372070e-01
-9.672580659389495850e-02
-1.840691715478897095e-01
-2.723405957221984863e-01
-1.248356699943542480e-01
-1.158001646399497986e-01
-1.197352111339569092e-01
2.720122039318084717e-02
2.295256406068801880e-02
9.719436988234519958e-03
2.276992239058017731e-02
2.179439179599285126e-02
2.612182199954986572e-01
3.331527411937713623e-01
2.071721702814102173e-01
3.978974223136901855e-01
4.743386507034301758e-01
3.834957182407379150e-01
5.452763438224792480e-01
5.068581700325012207e-01
2.618548870086669922e-01
2.210638225078582764e-01
1.465860307216644287e-01
4.546566680073738098e-02
6.691548228263854980e-02
1.363142766058444977e-02
-7.346329838037490845e-02
-1.376004368066787720e-01
-3.019319772720336914e-01
-3.783118128776550293e-01
-1.925992667675018311e-01
-6.835728883743286133e-02
-1.467062383890151978e-01
-1.669082790613174438e-01
-1.652196049690246582e-01
-2.131400853395462036e-01
-1.799699664115905762e-01
-1.572474837303161621e-01
-1.808111667633056641e-01
-1.444989740848541260e-01
-1.177532374858856201e-01
-1.249868869781494141e-01
-7.840578258037567139e-02
-4.664162546396255493e-02
-7.658126950263977051e-02
-3.711579740047454834e-02
4.658700898289680481e-03
4.286566376686096191e-02
1.622271239757537842e-01
1.241903677582740784e-01
-1.025281730107963085e-03
3.306517377495765686e-02
5.745671689510345459e-02
-4.382923711091279984e-03
2.810995467007160187e-02
7.542880624532699585e-02
-6.690840423107147217e-02
-1.460432559251785278e-01
-4.666712507605552673e-02
-1.639744639396667480e-02
-4.030247032642364502e-02
-5.389664322137832642e-02
4.768845066428184509e-02
1.920772194862365723e-01
1.941346973180770874e-01
3.121264278888702393e-01
5.397101044654846191e-01
6.608057022094726562e-01
6.773717999458312988e-01
3.643190860748291016e-01
-1.922249495983123779e-01
-6.031325459480285645e-01
-7.711099982261657715e-01
-5.693146586418151855e-01
-2.044783830642700195e-01
-1.015768498182296753e-01
-1.303331851959228516e-01
-9.820473939180374146e-02
5.051270872354507446e-02
2.123506367206573486e-01
1.327853500843048096e-01
7.453396916389465332e-02
1.645669341087341309e-01
1.072874963283538818e-01
4.125858470797538757e-02
4.984153062105178833e-02
3.793049603700637817e-02
3.678955137729644775e-02
-1.036508753895759583e-01
-3.132588863372802734e-01
-3.264833092689514160e-01
-1.960168480873107910e-01
-4.091474041342735291e-02
6.172742322087287903e-02
6.575389206409454346e-02
1.478526443243026733e-01
2.835453152656555176e-01
2.753348946571350098e-01
2.401546835899353027e-01
1.498974561691284180e-01
3.679467132315039635e-03
1.843965984880924225e-02
-3.770923987030982971e-02
-1.836467832326889038e-01
-1.327423751354217529e-01
-1.220823302865028381e-01
-2.094624787569046021e-01
-1.924383193254470825e-01
-1.274572461843490601e-01
-7.641988247632980347e-02
-1.175241470336914062e-01
-1.189658269286155701e-01
7.603879086673259735e-03
-4.544600471854209900e-02
-1.214774549007415771e-01
5.186282098293304443e-02
1.054371595382690430e-01
-2.484691888093948364e-02
1.033579465001821518e-03
6.065383926033973694e-02
-3.550007939338684082e-02
-7.189668715000152588e-02
1.628704741597175598e-02
4.958753287792205811e-02
3.260457888245582581e-02
8.074310421943664551e-02
2.115856558084487915e-01
2.431329190731048584e-01
1.193820983171463013e-01
1.049273014068603516e-01
1.637969166040420532e-01
8.327834308147430420e-02
3.562111407518386841e-02
1.239276975393295288e-01
9.528750926256179810e-02
-9.783064574003219604e-02
-1.385027915239334106e-01
2.466740086674690247e-02
4.998594522476196289e-02
-1.247618794441223145e-01
-1.604353785514831543e-01
1.675847684964537621e-03
1.391400247812271118e-01
2.109313756227493286e-01
2.402934432029724121e-01
3.659041821956634521e-01
5.854673385620117188e-01
5.186704397201538086e-01
1.139911040663719177e-01
-4.416781961917877197e-01
-8.850764036178588867e-01
-7.872076630592346191e-01
-4.441267549991607666e-01
-2.973837554454803467e-01
-1.695294678211212158e-01
-1.320875734090805054e-01
-2.321478724479675293e-01
-2.403632700443267822e-01
-1.300869137048721313e-01
-3.518439084291458130e-02
-8.403778076171875000e-02
-7.949887216091156006e-02
4.873596504330635071e-02
3.508717939257621765e-02
-5.916419252753257751e-02
-1.580679789185523987e-02
1.165314540266990662e-01
1.079512760043144226e-01
3.438850864768028259e-02
1.220620200037956238e-01
1.680470556020736694e-01
1.531641334295272827e-01
2.552380263805389404e-01
3.163234591484069824e-01
3.468045294284820557e-01
4.617503881454467773e-01
5.121361613273620605e-01
3.549651205539703369e-01
1.552148163318634033e-01
1.351417303085327148e-01
1.394109874963760376e-01
1.882475614547729492e-02
-1.247298195958137512e-01
-1.861593723297119141e-01
-1.512658447027206421e-01
-1.773344576358795166e-01
-2.253593206405639648e-01
-1.355900764465332031e-01
-1.333491206169128418e-01
-2.242337316274642944e-01
-1.236039102077484131e-01
-1.164374873042106628e-01
-3.001055419445037842e-01
-2.088440656661987305e-01
-6.880086660385131836e-02
-1.382838487625122070e-01
-7.503904402256011963e-02
-2.022692188620567322e-02
-1.104786619544029236e-01
-6.118734553456306458e-02
-5.256645381450653076e-02
-1.654694676399230957e-01
-2.116833068430423737e-02
8.231347054243087769e-02
-9.582582861185073853e-02
-7.675985805690288544e-03
1.752942204475402832e-01
1.152083724737167358e-01
1.564881354570388794e-01
1.693541705608367920e-01
6.942431628704071045e-02
9.208628535270690918e-02
1.093965321779251099e-01
8.520854264497756958e-02
8.641307242214679718e-03
-2.074926346540451050e-02
9.331583976745605469e-02
-1.183985266834497452e-02
-7.819285243749618530e-02
1.379683315753936768e-01
1.084311399608850479e-02
-1.220906674861907959e-01
1.768528968095779419e-01
1.994734704494476318e-01
5.868733301758766174e-02
3.025202155113220215e-01
5.336223244667053223e-01
4.952346384525299072e-01
3.950472772121429443e-01
9.188800305128097534e-02
-5.326729416847229004e-01
-9.260889291763305664e-01
-7.225079536437988281e-01
-3.975161910057067871e-01
-2.134483158588409424e-01
-3.241318091750144958e-02
-2.844754792749881744e-02
-8.913369476795196533e-02
2.619745023548603058e-02
3.096368536353111267e-02
-1.215005218982696533e-01
-1.891989111900329590e-01
-1.123073324561119080e-01
2.343789860606193542e-02
6.725967861711978912e-03
-7.643087208271026611e-02
-1.766609214246273041e-02
3.740941360592842102e-02
3.639441356062889099e-02
1.034587025642395020e-01
1.239217147231101990e-01
8.130998164415359497e-02
2.104813754558563232e-01
3.202331364154815674e-01
2.564007043838500977e-01
3.126106560230255127e-01
4.201300442218780518e-01
4.231790304183959961e-01
2.972370088100433350e-01
6.506756693124771118e-02
3.872463107109069824e-02
3.306443244218826294e-02
-1.932210326194763184e-01
-2.414230406284332275e-01
-1.292400658130645752e-01
-1.126927584409713745e-01
-1.428994238376617432e-01
-1.843769550323486328e-01
-2.088655680418014526e-01
-1.660712659358978271e-01
-7.948900759220123291e-02
-1.439022421836853027e-01
-2.646284699440002441e-01
-1.314835995435714722e-01
-2.313297428190708160e-02
-1.815571784973144531e-01
-2.134215831756591797e-01
-4.735044017434120178e-02
-2.301186509430408478e-02
-3.527169674634933472e-02
-6.153943017125129700e-03
-7.313495874404907227e-02
-5.998406931757926941e-02
-1.318153366446495056e-02
-1.491720322519540787e-02
1.092463806271553040e-01
1.531947553157806396e-01
6.462688744068145752e-02
8.188040554523468018e-02
1.254649013280868530e-01
1.567961275577545166e-01
1.598924249410629272e-01
1.189711168408393860e-01
1.286865323781967163e-01
8.772749453783035278e-02
5.889103561639785767e-02
9.200103580951690674e-02
-5.212304182350635529e-03
-5.201542377471923828e-02
2.507548779249191284e-02
-9.067619219422340393e-03
-1.546711754053831100e-02
1.034190654754638672e-01
1.467455029487609863e-01
1.949363350868225098e-01
3.837303519248962402e-01
5.454807281494140625e-01
5.618913769721984863e-01
3.787944614887237549e-01
-9.879768639802932739e-02
-6.648074388504028320e-01
-9.377868175506591797e-01
-7.525389790534973145e-01
-3.063872158527374268e-01
-1.072214171290397644e-01
-1.332938820123672485e-01
-1.077724155038595200e-02
-2.537336945533752441e-02
-1.937158405780792236e-01
-1.268617063760757446e-01
-5.619535967707633972e-02
-8.729525655508041382e-02
-6.595978140830993652e-02
-1.242701783776283264e-01
-1.634726226329803467e-01
-3.519888222217559814e-02
2.884275838732719421e-02
-4.554811492562294006e-02
-4.252316895872354507e-03
1.330655813217163086e-01
1.750026196241378784e-01
1.694457679986953735e-01
1.608230173587799072e-01
2.201910763978958130e-01
3.255875110626220703e-01
3.304417133331298828e-01
3.183325827121734619e-01
3.303729891777038574e-01
3.381853103637695312e-01
2.434572428464889526e-01
-1.632499136030673981e-02
-7.001314312219619751e-02
1.884531229734420776e-02
-1.365697979927062988e-01
-1.669263839721679688e-01
-5.630114674568176270e-02
-2.005344927310943604e-01
-2.355436086654663086e-01
-8.337569236755371094e-02
-9.576307982206344604e-02
-1.014810577034950256e-01
-6.247727945446968079e-02
-1.222808733582496643e-01
-1.142007261514663696e-01
-5.893092602491378784e-02
-7.958988845348358154e-02
-1.136563420295715332e-01
-1.169368475675582886e-01
-2.564270421862602234e-02
-4.611629992723464966e-02
-2.565281987190246582e-01
-1.240029707551002502e-01
1.433478146791458130e-01
3.468535840511322021e-02
4.461940005421638489e-02
2.487023174762725830e-01
1.553672403097152710e-01
-5.520753189921379089e-02
3.698569023981690407e-03
1.739188283681869507e-01
5.942773073911666870e-02
-1.279396414756774902e-01
2.337927371263504028e-02
1.940194517374038696e-01
1.087066158652305603e-01
-3.610634431242942810e-02
-1.420564204454421997e-01
-8.741275966167449951e-02
-4.077838361263275146e-02
-1.086126491427421570e-01
1.264806538820266724e-01
2.778316438198089600e-01
1.198830679059028625e-01
3.181103467941284180e-01
5.595981478691101074e-01
5.679194927215576172e-01
5.394420623779296875e-01
1.385701261460781097e-02
-7.088042497634887695e-01
-8.661935925483703613e-01
-6.304961442947387695e-01
-3.397612869739532471e-01
-1.189012974500656128e-01
-6.189401447772979736e-02
-1.441324204206466675e-01
-1.183256357908248901e-01
5.329478532075881958e-02
1.692707650363445282e-02
-7.153096795082092285e-02
-2.172314934432506561e-02
-1.074539348483085632e-01
-1.135591566562652588e-01
3.492198139429092407e-02
-5.997805669903755188e-02
-1.180593520402908325e-01
1.058713272213935852e-01
1.128951832652091980e-01
-5.034080147743225098e-02
6.125277280807495117e-02
1.821927428245544434e-01
1.922821551561355591e-01
2.957897782325744629e-01
3.377034664154052734e-01
4.139842987060546875e-01
4.789199531078338623e-01
2.784170210361480713e-01
2.363358438014984131e-01
2.505240440368652344e-01
-8.942344784736633301e-02
-2.254877984523773193e-01
-9.548930078744888306e-02
-1.127555519342422485e-01
-1.170199885964393616e-01
-1.283240914344787598e-01
-1.776162832975387573e-01
-1.674482971429824829e-01
-2.152758091688156128e-01
-2.049486190080642700e-01
-1.135967224836349487e-01
-1.071489751338958740e-01
-9.697829186916351318e-02
-8.142954111099243164e-02
-8.853161334991455078e-02
-8.424995094537734985e-02
-1.642089933156967163e-01
-1.817529052495956421e-01
-6.601253151893615723e-02
-1.133216172456741333e-01
-2.010787278413772583e-01
-8.163046091794967651e-02
9.712099097669124603e-03
-3.744295239448547363e-02
1.785833761096000671e-02
2.129237502813339233e-01
2.172169536352157593e-01
3.156697377562522888e-02
1.484283804893493652e-02
1.593508571386337280e-01
2.441587150096893311e-01
1.255620568990707397e-01
-1.587938144803047180e-02
1.110678166151046753e-01
1.380845010280609131e-01
-7.491155713796615601e-02
8.876732550561428070e-03
1.819431483745574951e-01
-5.872850306332111359e-03
-1.424876749515533447e-01
2.075217105448246002e-02
1.369621008634567261e-01
1.638627946376800537e-01
3.214699029922485352e-01
4.585416018962860107e-01
5.210708975791931152e-01
6.110638380050659180e-01
3.373484015464782715e-01
-3.493162691593170166e-01
-8.061822652816772461e-01
-7.504480481147766113e-01
-4.618741571903228760e-01
-2.744387388229370117e-01
-1.927338093519210815e-01
-8.529409021139144897e-02
-3.204638138413429260e-02
-7.543931156396865845e-02
-8.544191718101501465e-02
-3.154937922954559326e-02
2.281793626025319099e-03
-1.778427325189113617e-02
-3.746602311730384827e-02
-2.094247378408908844e-02
-6.345021724700927734e-02
-1.380755305290222168e-01
-1.468911468982696533e-01
-1.302257478237152100e-01
-8.057378977537155151e-02
-1.729189045727252960e-02
3.852381557226181030e-02
1.179748252034187317e-01
1.782298237085342407e-01
2.643255591392517090e-01
3.618336021900177002e-01
3.468659818172454834e-01
2.929589152336120605e-01
2.739120721817016602e-01
2.648017704486846924e-01
2.006887495517730713e-01
4.861233755946159363e-02
-3.670288622379302979e-02
-8.249413967132568359e-02
-1.876698285341262817e-01
-2.490131407976150513e-01
-2.170198112726211548e-01
-1.097396761178970337e-01
-9.578150510787963867e-02
-1.447606682777404785e-01
-1.069367304444313049e-01
-1.321403235197067261e-01
-1.340354233980178833e-01
-5.054600536823272705e-02
-4.124367609620094299e-02
-7.145544886589050293e-02
-8.819042891263961792e-02
-6.012258678674697876e-02
-4.992531239986419678e-02
-4.507549107074737549e-02
6.210082769393920898e-02
9.075681865215301514e-02
1.854755543172359467e-02
5.844132974743843079e-02
1.571388691663742065e-01
2.558833360671997070e-01
3.355572521686553955e-01
2.361554652452468872e-01
9.059426933526992798e-02
1.098380908370018005e-01
5.769083276391029358e-02
-1.229620799422264099e-01
-1.382632553577423096e-01
-5.618429556488990784e-02
-3.487810119986534119e-02
-6.841784715652465820e-02
-1.758631914854049683e-01
-1.900115609169006348e-01
-1.235726624727249146e-01
-1.700900197029113770e-01
-1.602076143026351929e-01
5.088373553007841110e-03
1.318698376417160034e-01
2.016971558332443237e-01
3.138264417648315430e-01
4.634190499782562256e-01
5.821772813796997070e-01
4.310628771781921387e-01
-8.873587846755981445e-02
-6.032630801200866699e-01
-7.045918703079223633e-01
-4.051689505577087402e-01
-1.667931973934173584e-01
-1.962618231773376465e-01
-1.777736097574234009e-01
-9.621208906173706055e-02
-7.763757556676864624e-02
-4.227950796484947205e-02
-1.151521503925323486e-01
-1.858375966548919678e-01
-4.641762003302574158e-02
4.012528806924819946e-02
8.042690157890319824e-02
1.374785006046295166e-01
1.418116223067045212e-02
-3.146044164896011353e-02
7.810492068529129028e-02
1.065230742096900940e-01
1.579088717699050903e-01
2.007078677415847778e-01
1.812314689159393311e-01
2.239614576101303101e-01
3.243128061294555664e-01
3.983748555183410645e-01
3.300672173500061035e-01
3.162188529968261719e-01
4.032701551914215088e-01
2.181292772293090820e-01
-3.280817717313766479e-02
-5.956420674920082092e-02
-9.427597373723983765e-02
-1.546934247016906738e-01
-1.971445381641387939e-01
-3.189851343631744385e-01
-3.213446736335754395e-01
-1.697602272033691406e-01
-1.875100284814834595e-01
-2.571734786033630371e-01
-1.560813933610916138e-01
-7.133975625038146973e-02
-6.082558631896972656e-02
-1.601184159517288208e-01
-2.090389728546142578e-01
1.697188988327980042e-02
-8.397990837693214417e-03
-2.682615518569946289e-01
-1.756430119276046753e-01
-6.679741293191909790e-02
-1.200167462229728699e-01
-8.694247156381607056e-02
-6.077262014150619507e-02
-3.740651905536651611e-02
-6.147757545113563538e-02
-1.053863167762756348e-01
4.557261243462562561e-02
2.532119154930114746e-01
3.153515756130218506e-01
2.023639380931854248e-01
1.282081753015518188e-01
2.483064085245132446e-01
2.410680353641510010e-01
1.414299756288528442e-01
2.471873015165328979e-01
2.862290441989898682e-01
1.018176674842834473e-01
5.139974411576986313e-03
4.665008559823036194e-02
1.164665818214416504e-02
-9.432647377252578735e-02
-1.268065869808197021e-01
1.500671170651912689e-02
1.611620187759399414e-01
5.392138287425041199e-02
1.405291073024272919e-02
2.722438275814056396e-01
5.073924660682678223e-01
5.514956712722778320e-01
2.460783571004867554e-01
-2.901158034801483154e-01
-6.313734650611877441e-01
-8.045739531517028809e-01
-6.520466804504394531e-01
-2.276671528816223145e-01
-1.677120327949523926e-01
-2.746153473854064941e-01
-1.679975092411041260e-01
-3.812154382467269897e-02
2.563524758443236351e-03
-6.081286445260047913e-02
-8.727046847343444824e-02
-1.004182621836662292e-01
-1.447476297616958618e-01
-8.116969466209411621e-02
-7.921007275581359863e-02
-6.783909350633621216e-02
7.818425446748733521e-02
1.114936619997024536e-01
9.016470611095428467e-02
5.677022412419319153e-02
-1.101946830749511719e-02
6.996523588895797729e-02
1.809424906969070435e-01
2.476915419101715088e-01
3.556859195232391357e-01
3.837457299232482910e-01
3.876672685146331787e-01
4.318778514862060547e-01
3.326001763343811035e-01
1.665938496589660645e-01
1.371748149394989014e-01
1.388974487781524658e-01
5.207048356533050537e-02
-5.534302443265914917e-02
-1.168821752071380615e-01
-1.223222315311431885e-01
-1.123691648244857788e-01
-1.501122713088989258e-01
-1.555597335100173950e-01
-1.631006449460983276e-01
-3.261978626251220703e-01
-3.405097723007202148e-01
-1.128615587949752808e-01
-1.418280750513076782e-01
-2.832519412040710449e-01
-1.508041322231292725e-01
-1.154446974396705627e-01
-2.152860909700393677e-01
-7.849352061748504639e-02
3.278211690485477448e-03
-1.096151992678642273e-01
-6.477501243352890015e-02
1.102885883301496506e-02
-1.606125570833683014e-02
9.495507180690765381e-02
2.676601111888885498e-01
2.803278267383575439e-01
1.445571184158325195e-01
-1.338234753347933292e-03
1.631399057805538177e-02
8.014880865812301636e-02
7.912729866802692413e-03
2.696765400469303131e-02
1.533040702342987061e-01
8.877714723348617554e-02
-5.171066150069236755e-02
-2.583202160894870758e-02
3.644955530762672424e-02
9.767370298504829407e-03
-1.979020424187183380e-02
1.628544996492564678e-04
9.789504855871200562e-02
1.792961210012435913e-01
1.870068758726119995e-01
3.410959541797637939e-01
5.943617820739746094e-01
5.538077354431152344e-01
1.170160248875617981e-01
-3.433409035205841064e-01
-6.128485798835754395e-01
-7.102634310722351074e-01
-4.210636019706726074e-01
-9.777493029832839966e-02
-2.188659310340881348e-01
-2.027933746576309204e-01
6.965595483779907227e-02
-4.834105726331472397e-03
-1.034781187772750854e-01
2.122288011014461517e-02
-4.545553028583526611e-02
-9.514323621988296509e-02
-5.847641080617904663e-02
-1.865057647228240967e-01
-1.290853321552276611e-01
2.483906783163547516e-02
-3.797616437077522278e-02
-4.273224622011184692e-02
-1.485648658126592636e-02
3.029587864875793457e-02
2.041281461715698242e-01
2.002860605716705322e-01
1.744536310434341431e-01
3.609106838703155518e-01
3.661883175373077393e-01
2.780695259571075439e-01
3.913959860801696777e-01
4.012903273105621338e-01
2.427318990230560303e-01
8.858524262905120850e-02
-6.831870228052139282e-02
-3.627461567521095276e-02
2.656080201268196106e-02
-2.048723250627517700e-01
-2.681947052478790283e-01
-8.593452721834182739e-02
-2.036331295967102051e-01
-3.036701977252960205e-01
-1.781550049781799316e-01
-2.206262052059173584e-01
-1.901503205299377441e-01
-9.790676832199096680e-02
-2.410105615854263306e-01
-2.260657846927642822e-01
-4.681485146284103394e-02
-9.610688313841819763e-03
9.224834851920604706e-03
-1.217458490282297134e-02
-1.297183781862258911e-01
-1.791267096996307373e-01
-1.087416633963584900e-01
-3.045040741562843323e-02
3.330889344215393066e-02
1.302893161773681641e-01
1.589679270982742310e-01
1.762630194425582886e-01
2.531574964523315430e-01
1.845797002315521240e-01
6.859113276004791260e-02
7.303413003683090210e-02
8.726157248020172119e-02
1.408414244651794434e-01
1.806541681289672852e-01
3.024488314986228943e-02
-6.915636360645294189e-02
-3.520856797695159912e-02
-1.133678704500198364e-01
-3.590074926614761353e-02
1.156599298119544983e-01
2.818415872752666473e-02
7.465464621782302856e-02
1.408741623163223267e-01
6.823935359716415405e-02
2.388893812894821167e-01
4.995189607143402100e-01
6.349774003028869629e-01
5.446997880935668945e-01
7.967483997344970703e-02
-4.386469721794128418e-01
-8.117143511772155762e-01
-8.834071755409240723e-01
-4.540840983390808105e-01
-1.851981133222579956e-01
-2.678743302822113037e-01
-6.054793298244476318e-02
9.492368251085281372e-02
-9.163060784339904785e-02
-1.863003224134445190e-01
-2.145715206861495972e-01
-1.593240052461624146e-01
-2.115908637642860413e-02
-1.168896257877349854e-02
4.020093381404876709e-02
-1.127485930919647217e-02
-1.800066530704498291e-01
9.847755543887615204e-03
1.998938471078872681e-01
8.179949223995208740e-02
1.311902105808258057e-01
2.943061888217926025e-01
1.826346814632415771e-01
4.955495521426200867e-02
2.040160894393920898e-01
3.221945762634277344e-01
3.065189719200134277e-01
3.733406960964202881e-01
3.160806000232696533e-01
1.617177724838256836e-01
7.268972694873809814e-02
-6.874589622020721436e-02
-1.131848841905593872e-01
-1.058987081050872803e-01
-1.710199266672134399e-01
-9.943860769271850586e-02
-4.101821035146713257e-02
-8.837169408798217773e-02
-1.236009374260902405e-01
-1.986082345247268677e-01
-1.726899445056915283e-01
-1.336319297552108765e-01
-1.627501994371414185e-01
-4.394156485795974731e-02
-4.109454900026321411e-02
-1.201213747262954712e-01
2.728237397968769073e-02
-4.048525006510317326e-04
-1.583253145217895508e-01
-1.408527493476867676e-01
-2.379148006439208984e-01
-2.299239933490753174e-01
1.045531779527664185e-01
2.341750264167785645e-01
1.462508291006088257e-01
2.247584015130996704e-01
1.829605698585510254e-01
-4.345290735363960266e-02
1.369371730834245682e-02
1.448686718940734863e-01
4.404934868216514587e-02
-5.445533990859985352e-02
-6.983923166990280151e-02
-2.392450161278247833e-02
-4.970047157257795334e-03
-2.061690390110015869e-02
3.615278005599975586e-02
-4.820399358868598938e-02
-1.128126531839370728e-01
1.373018920421600342e-01
2.148223668336868286e-01
1.299220770597457886e-01
3.810228109359741211e-01
5.707080960273742676e-01
5.934311747550964355e-01
6.786404848098754883e-01
2.651783525943756104e-01
-5.037620067596435547e-01
-7.637150883674621582e-01
-6.074479222297668457e-01
-5.049169659614562988e-01
-4.072397351264953613e-01
-2.615851163864135742e-01
-1.881910264492034912e-01
-1.612917631864547729e-01
-1.200539916753768921e-01
-8.637575805187225342e-02
-1.356454193592071533e-01
-1.540106236934661865e-01
-1.092862524092197418e-02
-9.111172519624233246e-03
-1.541962474584579468e-01
-8.251580595970153809e-02
4.512699693441390991e-02
5.286241695284843445e-02
9.648232161998748779e-02
1.271741837263107300e-01
1.577592343091964722e-01
2.743296325206756592e-01
2.389665842056274414e-01
1.432951092720031738e-01
3.299947977066040039e-01
4.824540019035339355e-01
4.548299908638000488e-01
4.649087786674499512e-01
3.065424859523773193e-01
1.480329781770706177e-01
1.201674044132232666e-01
-1.579034924507141113e-01
-3.008379936218261719e-01
-1.087905243039131165e-01
-1.660921871662139893e-01
-2.693047821521759033e-01
-1.354369521141052246e-01
-1.297867149114608765e-01
-2.010758519172668457e-01
-1.833936721086502075e-01
-1.666378229856491089e-01
-1.514758020639419556e-01
-1.690773069858551025e-01
-1.253072768449783325e-01
-5.583811923861503601e-02
-1.278575360774993896e-01
-1.182325705885887146e-01
-6.585988402366638184e-02
-1.392868608236312866e-01
-1.007710844278335571e-01
-2.658447716385126114e-03
-3.932799398899078369e-02
-7.829824835062026978e-02
2.797468937933444977e-02
1.328293681144714355e-01
8.307205885648727417e-02
1.297523677349090576e-01
2.516943514347076416e-01
1.228310167789459229e-01
3.991622012108564377e-03
1.128526926040649414e-01
1.439761966466903687e-01
1.179518830031156540e-02
-4.667684435844421387e-02
6.663539912551641464e-03
-2.581794932484626770e-02
1.183926407247781754e-02
1.233706027269363403e-01
-5.842996761202812195e-02
-9.823589026927947998e-02
1.814036071300506592e-01
1.470858603715896606e-01
1.612845659255981445e-01
5.635100603103637695e-01
6.867994070053100586e-01
5.062056779861450195e-01
3.036966919898986816e-01
-1.808380633592605591e-01
-7.827007770538330078e-01
-8.673551678657531738e-01
-4.749031364917755127e-01
-2.472659200429916382e-01
-1.948980689048767090e-01
-6.136015430092811584e-02
-9.806007146835327148e-02
-1.624385416507720947e-01
-1.727835647761821747e-02
-6.088903546333312988e-02
-1.692402809858322144e-01
3.751841839402914047e-03
2.167775668203830719e-02
-1.373924911022186279e-01
-6.246714666485786438e-02
1.558603905141353607e-02
5.468023940920829773e-03
5.801793932914733887e-02
3.097921237349510193e-02
2.316638268530368805e-02
9.779711812734603882e-02
1.145812049508094788e-01
1.880192011594772339e-01
3.270350396633148193e-01
3.579463958740234375e-01
2.928867936134338379e-01
3.395256698131561279e-01
3.759429454803466797e-01
1.108073592185974121e-01
3.411256475374102592e-04
1.699999719858169556e-01
-1.875747367739677429e-02
-2.741831541061401367e-01
-1.729117631912231445e-01
-1.207749918103218079e-01
-1.607341319322586060e-01
-1.487881839275360107e-01
-1.557504832744598389e-01
-1.423679143190383911e-01
-1.137382611632347107e-01
-6.307632476091384888e-02
-9.365980327129364014e-02
-1.971594095230102539e-01
-1.322703808546066284e-01
-9.881577640771865845e-02
-1.725662797689437866e-01
-7.609733194112777710e-02
-1.379780843853950500e-02
-1.053055822849273682e-01
-9.089908748865127563e-02
1.764998584985733032e-02
2.001785486936569214e-02
-6.176820769906044006e-02
1.579003408551216125e-02
1.611110717058181763e-01
1.685483902692794800e-01
1.650166064500808716e-01
7.100656628608703613e-02
-7.295569870620965958e-03
1.577887237071990967e-01
1.660332381725311279e-01
5.968247726559638977e-02
1.313331872224807739e-01
4.492205008864402771e-02
-5.598446354269981384e-02
1.854368485510349274e-02
-4.451316967606544495e-02
-3.937223181128501892e-02
5.544830858707427979e-02
-5.869740247726440430e-02
-3.209168091416358948e-02
1.779613941907882690e-01
2.107231467962265015e-01
2.777882814407348633e-01
4.153241813182830811e-01
4.359160661697387695e-01
4.819017946720123291e-01
2.841602265834808350e-01
-3.471057116985321045e-01
-8.420486450195312500e-01
-8.268178701400756836e-01
-4.596461355686187744e-01
-1.545124053955078125e-01
-1.588207483291625977e-01
-1.581903249025344849e-01
-1.329681742936372757e-02
1.597058377228677273e-03
-6.399534642696380615e-02
-6.537251919507980347e-02
-6.593004614114761353e-02
-5.949812382459640503e-02
-7.154010236263275146e-02
-1.131170541048049927e-01
-6.512999534606933594e-02
7.582156918942928314e-03
-5.644442886114120483e-02
-1.014075726270675659e-01
-1.235590316355228424e-02
8.443292230367660522e-02
2.036558538675308228e-01
2.788294553756713867e-01
2.408149242401123047e-01
2.743758559226989746e-01
3.336997628211975098e-01
3.492135107517242432e-01
4.333984255790710449e-01
4.077084064483642578e-01
1.982346177101135254e-01
3.635144233703613281e-02
-1.872261241078376770e-02
-6.105152424424886703e-03
-5.843098461627960205e-02
-2.105689942836761475e-01
-2.603098750114440918e-01
-2.075566351413726807e-01
-1.296984553337097168e-01
-1.258578896522521973e-01
-2.188239097595214844e-01
-2.030077427625656128e-01
-1.507997661828994751e-01
-1.463832259178161621e-01
-1.074914485216140747e-01
-1.524762958288192749e-01
-1.973984241485595703e-01
-1.130008324980735779e-01
-1.007762253284454346e-01
-1.072935536503791809e-01
1.493866462260484695e-02
5.083310604095458984e-02
-5.374734848737716675e-02
-7.249177992343902588e-02
4.636887460947036743e-02
1.185074672102928162e-01
9.089808911085128784e-02
1.265375465154647827e-01
1.973806321620941162e-01
1.949741989374160767e-01
1.463144868612289429e-01
6.868915259838104248e-02
5.497005954384803772e-02
1.288086622953414917e-01
1.672302633523941040e-01
1.889667212963104248e-01
1.499676853418350220e-01
-4.641195014119148254e-02
-1.069469451904296875e-01
4.294383898377418518e-02
-2.272633090615272522e-02
-1.409956812858581543e-01
-2.699909172952175140e-02
4.631000757217407227e-02
1.610370278358459473e-01
3.854626715183258057e-01
4.674633145332336426e-01
4.132388532161712646e-01
1.720806211233139038e-01
-3.025466799736022949e-01
-7.798102498054504395e-01
-8.618408441543579102e-01
-4.541562795639038086e-01
-1.288147717714309692e-01
-1.039145812392234802e-01
-5.949483439326286316e-02
-4.416450858116149902e-02
-1.511398702859878540e-01
-2.155956178903579712e-01
-1.316202580928802490e-01
-3.236315678805112839e-03
1.843777298927307129e-02
-4.265080019831657410e-02
-7.853641360998153687e-02
-1.148884091526269913e-02
9.334620088338851929e-02
6.897617131471633911e-02
3.906725719571113586e-02
1.075969561934471130e-01
8.369658142328262329e-02
1.408938914537429810e-01
2.995613515377044678e-01
2.577253282070159912e-01
2.802942097187042236e-01
4.326485097408294678e-01
3.975746333599090576e-01
2.952622175216674805e-01
3.099789321422576904e-01
2.693550586700439453e-01
6.300607323646545410e-02
-1.774368062615394592e-02
-8.278891909867525101e-04
-1.960621923208236694e-01
-2.550162374973297119e-01
-7.551655173301696777e-02
-1.062346473336219788e-01
-1.914366483688354492e-01
-1.268599629402160645e-01
-1.255932748317718506e-01
-2.213457077741622925e-01
-2.527214586734771729e-01
-1.894109100103378296e-01
-2.306444644927978516e-01
-2.573229968547821045e-01
-1.271189302206039429e-01
-1.400711983442306519e-01
-1.463847160339355469e-01
-2.641578018665313721e-02
-9.240340441465377808e-02
-1.513119190931320190e-01
-9.652226418256759644e-02
-4.207764565944671631e-02
5.170814692974090576e-02
1.020665466785430908e-02
3.218701481819152832e-02
2.456975877285003662e-01
2.402583360671997070e-01
9.528502076864242554e-02
5.745678022503852844e-02
1.179106682538986206e-01
1.484086066484451294e-01
6.134539842605590820e-02
4.743384569883346558e-02
3.830801323056221008e-02
1.205043867230415344e-02
4.615038633346557617e-02
2.574382582679390907e-03
8.970744162797927856e-02
1.230915933847427368e-01
-4.343270882964134216e-02
1.011805534362792969e-01
1.848708242177963257e-01
8.861286938190460205e-02
4.670109748840332031e-01
7.595809698104858398e-01
5.440077781677246094e-01
3.557747900485992432e-01
1.038052216172218323e-01
-4.150208532810211182e-01
-8.202807307243347168e-01
-7.593065500259399414e-01
-4.433617591857910156e-01
-2.900834977626800537e-01
-1.735792756080627441e-01
-4.726380854845046997e-02
-1.041369661688804626e-01
-1.485429704189300537e-01
-1.760235279798507690e-01
-2.342230230569839478e-01
-8.423843234777450562e-02
2.102933824062347412e-02
-1.069444939494132996e-01
-9.637151658535003662e-02
1.496107433922588825e-04
-1.093940138816833496e-01
-2.407423704862594604e-01
-1.082926616072654724e-01
1.738007366657257080e-01
2.630041837692260742e-01
1.823358833789825439e-01
2.135786712169647217e-01
2.380506545305252075e-01
1.349216699600219727e-01
2.687578797340393066e-01
4.968788921833038330e-01
4.175913035869598389e-01
3.236865401268005371e-01
2.401300519704818726e-01
4.392044991254806519e-02
-1.301851868629455566e-02
-4.750671610236167908e-02
-1.486758887767791748e-01
-1.730040460824966431e-01
-1.341937035322189331e-01
-7.551388442516326904e-02
-8.072849363088607788e-02
-9.685792773962020874e-02
-5.742095038294792175e-02
-1.504766047000885010e-01
-2.904487252235412598e-01
-1.845941841602325439e-01
-3.551719710230827332e-02
-4.610629379749298096e-02
-6.462401151657104492e-02
-8.332166820764541626e-02
-9.216214716434478760e-02
-1.381408870220184326e-01
-1.822944730520248413e-01
-2.027378790080547333e-02
1.769218966364860535e-02
-9.974185377359390259e-02
3.099128231406211853e-02
1.577173918485641479e-01
1.501729935407638550e-01
1.466643661260604858e-01
1.023403555154800415e-01
1.180826351046562195e-01
1.377084702253341675e-01
6.033127754926681519e-02
-1.200198475271463394e-02
2.105288021266460419e-02
8.127181977033615112e-02
-5.846973881125450134e-02
-1.667505204677581787e-01
-4.728164523839950562e-02
-2.271243371069431305e-02
-1.129483580589294434e-01
-1.404265314340591431e-01
1.249014586210250854e-02
2.261261641979217529e-01
1.628163456916809082e-01
1.833990812301635742e-01
5.205392241477966309e-01
6.658616065979003906e-01
5.102480649948120117e-01
1.896291524171829224e-01
-3.161578476428985596e-01
-7.594025731086730957e-01
-7.289045453071594238e-01
-3.883013427257537842e-01
-1.437382996082305908e-01
-2.675832249224185944e-02
-6.115213409066200256e-02
-4.675250872969627380e-02
4.142871871590614319e-02
-3.181909769773483276e-02
-5.978736281394958496e-02
-4.586297646164894104e-02
-7.138835638761520386e-02
-1.457000076770782471e-01
-2.833807170391082764e-01
-7.474375516176223755e-02
1.128340661525726318e-01
-1.356424987316131592e-01
-1.103191226720809937e-01
1.290980875492095947e-01
1.344572007656097412e-01
1.491125822067260742e-01
1.306914091110229492e-01
1.101599708199501038e-01
2.892742753028869629e-01
4.065619409084320068e-01
3.607553243637084961e-01
3.548200428485870361e-01
3.289884030818939209e-01
1.608470380306243896e-01
-6.886299699544906616e-03
-5.443046241998672485e-02
-1.030342280864715576e-01
-9.038946777582168579e-02
-5.525084212422370911e-03
-1.533469706773757935e-01
-2.584135234355926514e-01
-8.672134578227996826e-02
-1.127750426530838013e-01
-2.184914052486419678e-01
-7.063139975070953369e-02
-3.106006234884262085e-02
-1.847672760486602783e-01
-1.667377948760986328e-01
-4.846698045730590820e-02
-1.013713777065277100e-01
-2.337643653154373169e-01
-2.244501262903213501e-01
-7.575085759162902832e-02
-5.478124693036079407e-02
-1.269203871488571167e-01
-4.210163373500108719e-03
1.129826530814170837e-01
9.797430038452148438e-02
1.279324591159820557e-01
1.387259513139724731e-01
6.891743838787078857e-02
1.470972690731287003e-02
8.494567126035690308e-02
1.771152764558792114e-01
1.455443352460861206e-01
8.939578384160995483e-02
-1.399102993309497833e-02
-9.111958742141723633e-02
6.109100580215454102e-02
1.178213581442832947e-01
-2.897372283041477203e-02
-6.920953281223773956e-03
3.212352748960256577e-03
-4.445622116327285767e-02
9.156873077154159546e-02
1.296893656253814697e-01
2.244430631399154663e-01
5.368579030036926270e-01
6.197397708892822266e-01
5.676919817924499512e-01
3.566428720951080322e-01
-2.099574655294418335e-01
-6.873016357421875000e-01
-8.003676533699035645e-01
-5.930503010749816895e-01
-3.232355415821075439e-01
-2.411526888608932495e-01
-1.396789103746414185e-01
-5.853196978569030762e-02
-1.187017783522605896e-01
-8.712974935770034790e-02
-7.191398739814758301e-02
-1.588398963212966919e-01
-1.271939277648925781e-01
-6.665024906396865845e-02
-4.985039308667182922e-02
-1.792259514331817627e-02
-7.384131196886301041e-03
1.060400903224945068e-02
-2.967788279056549072e-02
-7.481147348880767822e-02
4.537463560700416565e-02
1.562191098928451538e-01
2.051936388015747070e-01
3.205226957798004150e-01
3.761320710182189941e-01
3.512269854545593262e-01
3.517583310604095459e-01
3.922735154628753662e-01
3.965767621994018555e-01
2.380314767360687256e-01
1.052563190460205078e-01
7.465166598558425903e-02
-1.014347374439239502e-01
-1.790357679128646851e-01
-9.198618680238723755e-02
-1.950643360614776611e-01
-2.373689264059066772e-01
-1.505856812000274658e-01
-1.642182469367980957e-01
-1.448571234941482544e-01
-1.572295278310775757e-01
-1.665416508913040161e-01
-1.309356391429901123e-01
-2.138523757457733154e-01
-1.736032515764236450e-01
-6.134710460901260376e-02
-1.030462905764579773e-01
-8.015561103820800781e-02
-6.497259438037872314e-02
-1.534466743469238281e-01
-8.402469754219055176e-02
2.251535095274448395e-02
-6.298701465129852295e-02
-7.273867726325988770e-02
8.134070783853530884e-02
1.285559833049774170e-01
1.435784101486206055e-01
2.277707010507583618e-01
1.798468679189682007e-01
7.548671215772628784e-02
6.953513622283935547e-02
7.934010773897171021e-02
1.278769373893737793e-01
1.326781362295150757e-01
2.189966104924678802e-02
2.126539358869194984e-03
2.148436009883880615e-02
-2.524402923882007599e-02
1.675010286271572113e-02
5.904180556535720825e-02
-1.021280186250805855e-03
-1.273559872061014175e-02
4.608919471502304077e-02
1.609883755445480347e-01
3.653844296932220459e-01
4.878649115562438965e-01
4.653254151344299316e-01
2.954736351966857910e-01
-1.373170912265777588e-01
-5.335553288459777832e-01
-6.724470853805541992e-01
-6.462856531143188477e-01
-3.447455465793609619e-01
-5.846325680613517761e-02
-1.033817008137702942e-01
-1.406947672367095947e-01
-9.688966721296310425e-02
-9.385589510202407837e-02
-2.859126031398773193e-02
-3.212418779730796814e-02
-1.103816702961921692e-01
-1.089245378971099854e-01
-9.944327920675277710e-02
-6.366093456745147705e-02
2.961152698844671249e-03
-4.239715635776519775e-02
-9.515845030546188354e-02
4.764523729681968689e-02
2.334375828504562378e-01
1.910742521286010742e-01
9.565341472625732422e-02
1.922202706336975098e-01
3.184117078781127930e-01
3.892211914062500000e-01
3.692496120929718018e-01
2.371540069580078125e-01
3.471748530864715576e-01
4.836211204528808594e-01
2.181672900915145874e-01
9.756846353411674500e-03
-5.264663323760032654e-02
-1.946338415145874023e-01
-2.349412590265274048e-01
-2.649371623992919922e-01
-2.300448864698410034e-01
-1.017839014530181885e-01
-1.606705933809280396e-01
-1.902068555355072021e-01
-1.053714528679847717e-01
-1.340914070606231689e-01
-1.365367323160171509e-01
-1.375952512025833130e-01
-1.856092959642410278e-01
-1.323905438184738159e-01
-9.922047704458236694e-02
-1.166091412305831909e-01
-1.088158413767814636e-01
-1.454921066761016846e-01
-1.656673103570938110e-01
-1.098046228289604187e-01
-2.153184823691844940e-02
3.209835663437843323e-02
6.449073553085327148e-02
1.640484482049942017e-01
2.315458506345748901e-01
1.908247172832489014e-01
1.318883746862411499e-01
1.467123478651046753e-01
1.984774917364120483e-01
1.324527114629745483e-01
6.883694231510162354e-02
6.742660701274871826e-02
-7.386260200291872025e-03
-4.496772959828376770e-02
-4.611371830105781555e-02
-5.736299976706504822e-02
2.656373940408229828e-02
9.664434194564819336e-02
4.840147867798805237e-02
1.059135887771844864e-02
8.666198700666427612e-02
1.509276777505874634e-01
2.095282226800918579e-01
4.753531515598297119e-01
6.436759829521179199e-01
3.867727816104888916e-01
4.636707901954650879e-02
-3.058279156684875488e-01
-7.299684882164001465e-01
-7.672211527824401855e-01
-4.374698698520660400e-01
-2.335508018732070923e-01
-1.790070235729217529e-01
-1.319383382797241211e-01
-7.491888850927352905e-02
-3.571204096078872681e-02
-7.324817031621932983e-02
-1.090170890092849731e-01
-2.832501940429210663e-02
3.348802402615547180e-02
-4.377702251076698303e-02
-1.401533782482147217e-01
-1.264920532703399658e-01
-5.237676575779914856e-02
-4.789743945002555847e-02
2.339942380785942078e-03
7.531399279832839966e-02
-5.465422756969928741e-03
8.694298565387725830e-02
2.752667665481567383e-01
2.252784222364425659e-01
2.729235887527465820e-01
3.664785623550415039e-01
3.575363457202911377e-01
4.607022404670715332e-01
4.042724668979644775e-01
1.844324469566345215e-01
1.115516796708106995e-01
1.412628591060638428e-02
-9.381181746721267700e-02
-7.913294434547424316e-02
-1.202067956328392029e-01
-1.891890317201614380e-01
-2.111049741506576538e-01
-2.137178480625152588e-01
-1.563434302806854248e-01
-1.476848423480987549e-01
-1.706579476594924927e-01
-7.940468192100524902e-02
-7.315634191036224365e-02
-2.046087831258773804e-01
-2.080691307783126831e-01
-1.000502556562423706e-01
-6.049803644418716431e-02
-9.973656386137008667e-02
-1.115884408354759216e-01
-5.289429053664207458e-02
-4.349200055003166199e-02
-5.805361270904541016e-02
-4.175907745957374573e-02
-5.465876683592796326e-02
6.587586551904678345e-02
2.375852912664413452e-01
1.812783628702163696e-01
1.400466412305831909e-01
1.384540945291519165e-01
-1.579057611525058746e-02
1.174343167804181576e-03
1.079420000314712524e-01
1.633261330425739288e-02
8.682444691658020020e-02
1.653906553983688354e-01
-3.489364311099052429e-02
-5.266045033931732178e-02
4.045049473643302917e-02
2.449648082256317139e-02
5.861549451947212219e-02
-1.703371666371822357e-02
8.802692592144012451e-02
2.825280725955963135e-01
2.246960997581481934e-02
1.265807300806045532e-01
5.893576145172119141e-01
5.096283555030822754e-01
3.692291378974914551e-01
3.171228989958763123e-02
-6.451395750045776367e-01
-7.938130497932434082e-01
-6.159622669219970703e-01
-4.146578311920166016e-01
-1.404939293861389160e-01
-6.875698268413543701e-02
-3.989114239811897278e-02
-8.397580124437808990e-03
-2.195099368691444397e-02
1.610209047794342041e-02
-8.699856698513031006e-02
-1.439825147390365601e-01
-3.377514705061912537e-02
-1.160638108849525452e-01
-1.614255309104919434e-01
-1.742585189640522003e-02
-8.525743149220943451e-03
-2.583182044327259064e-02
1.149425376206636429e-02
1.350408513098955154e-02
8.274526149034500122e-02
1.620373427867889404e-01
1.836031228303909302e-01
1.763168871402740479e-01
2.234086990356445312e-01
4.010677337646484375e-01
4.514665901660919189e-01
3.171646595001220703e-01
3.015251457691192627e-01
1.978715956211090088e-01
-5.007967725396156311e-02
-2.299899794161319733e-02
2.948672138154506683e-02
-1.289945691823959351e-01
-1.511454731225967407e-01
-1.191974207758903503e-01
-1.415057927370071411e-01
-9.361741691827774048e-02
-1.191471219062805176e-01
-1.810929775238037109e-01
-9.206647425889968872e-02
-6.042535230517387390e-02
-2.005569487810134888e-01
-1.784917265176773071e-01
-2.324538491666316986e-02
-5.547814816236495972e-02
-9.609396755695343018e-02
-4.276289790868759155e-02
-5.044189095497131348e-02
-7.096604257822036743e-02
-7.829758524894714355e-02
-1.201448664069175720e-01
-1.075926497578620911e-01
-7.804081309586763382e-03
8.551077544689178467e-02
1.059002876281738281e-01
1.029108017683029175e-01
1.029724776744842529e-01
7.870727032423019409e-02
8.509088307619094849e-02
5.811423808336257935e-02
1.334920059889554977e-02
1.215456277132034302e-01
7.020073384046554565e-02
-1.113631278276443481e-01
-4.632366448640823364e-02
-8.126405626535415649e-02
-1.456895768642425537e-01
3.470224142074584961e-02
-5.753626674413681030e-02
-1.275750845670700073e-01
2.130353450775146484e-01
2.432023733854293823e-01
1.577648818492889404e-01
4.950716793537139893e-01
5.928683876991271973e-01
4.480513930320739746e-01
3.820398449897766113e-01
-6.358361989259719849e-02
-6.426485180854797363e-01
-7.477752566337585449e-01
-4.912196397781372070e-01
-1.978935748338699341e-01
-1.248929426074028015e-01
-1.402260065078735352e-01
-7.400982081890106201e-02
-3.877780959010124207e-02
6.095472723245620728e-03
1.746684685349464417e-02
-5.066240951418876648e-02
8.988465182483196259e-03
7.884630560874938965e-02
1.871092058718204498e-02
-4.708968102931976318e-02
-5.768264457583427429e-02
-3.735262900590896606e-02
2.106755785644054413e-02
7.949376851320266724e-02
1.477160006761550903e-01
1.531996130943298340e-01
6.118649616837501526e-02
6.801541149616241455e-02
1.647175252437591553e-01
1.995879709720611572e-01
2.354009151458740234e-01
1.769331544637680054e-01
1.297973096370697021e-01
5.473227798938751221e-02
-1.132583767175674438e-01
-1.662056893110275269e-01
-2.893661856651306152e-01
-4.530268609523773193e-01
-3.356713056564331055e-01
-3.892118036746978760e-01
-3.006304800510406494e-01
