8.440874516963958740e-03
2.033310243859887123e-03
-2.017046660184860229e-01
-3.239190876483917236e-01
-3.050942122936248779e-01
-3.219718933105468750e-01
-3.314929008483886719e-01
-3.159109950065612793e-01
-2.648843824863433838e-01
-2.346126288175582886e-01
-2.553922235965728760e-01
-2.422083318233489990e-01
-2.269401699304580688e-01
-2.146480828523635864e-01
-1.770256161689758301e-01
-2.116872221231460571e-01
-2.200026363134384155e-01
-1.318951398134231567e-01
-1.169828176498413086e-01
-1.616190969944000244e-01
-9.586677700281143188e-02
-1.324343029409646988e-02
-1.135109923779964447e-02
5.021711438894271851e-02
1.554485857486724854e-01
1.767847537994384766e-01
1.518073976039886475e-01
1.363794356584548950e-01
1.431765407323837280e-01
1.512832939624786377e-01
1.609551757574081421e-01
1.630877852439880371e-01
1.248901486396789551e-01
1.121672093868255615e-01
1.425439268350601196e-01
1.420044004917144775e-01
1.601767987012863159e-01
1.794273704290390015e-01
1.112300157546997070e-01
8.783289045095443726e-02
1.423218697309494019e-01
1.244073435664176941e-01
1.112303286790847778e-01
1.469198167324066162e-01
1.045798659324645996e-01
5.711254850029945374e-02
8.154137432575225830e-02
6.965243816375732422e-02
3.642040863633155823e-02
3.930970281362533569e-02
4.071198403835296631e-02
5.511961504817008972e-02
5.437696725130081177e-02
-2.504207193851470947e-02
-7.460646331310272217e-02
-1.931840553879737854e-02
-9.358827956020832062e-03
-9.684772044420242310e-02
-1.411147713661193848e-01
-1.869488805532455444e-01
-2.675879895687103271e-01
-2.468805313110351562e-01
-2.300108969211578369e-01
-3.003183901309967041e-01
-3.345452845096588135e-01
-3.128037154674530029e-01
-2.428631633520126343e-01
-1.627292633056640625e-01
-8.666705340147018433e-02
8.302446454763412476e-02
2.524245977401733398e-01
2.318634986877441406e-01
1.408506929874420166e-01
1.089060455560684204e-01
1.139417886734008789e-01
1.457125395536422729e-01
6.936506927013397217e-02
-1.013991609215736389e-01
-2.316574752330780029e-01
-3.357514441013336182e-01
-3.497504293918609619e-01
-3.045929074287414551e-01
-2.684281170368194580e-01
-1.770785748958587646e-01
-1.474871337413787842e-01
-2.314512729644775391e-01
-2.030535489320755005e-01
-3.628607094287872314e-02
4.483824595808982849e-02
5.178306996822357178e-02
1.482604891061782837e-01
2.698865830898284912e-01
3.540228903293609619e-01
4.466965496540069580e-01
5.178039669990539551e-01
5.765899419784545898e-01
7.281128168106079102e-01
9.438097476959228516e-01
9.810146689414978027e-01
8.031062483787536621e-01
6.416282057762145996e-01
5.094753503799438477e-01
2.757278680801391602e-01
-7.143117487430572510e-02
-3.961734473705291748e-01
-5.286993384361267090e-01
-5.498310327529907227e-01
-6.281104683876037598e-01
-7.594489455223083496e-01
-7.575911283493041992e-01
-5.418530106544494629e-01
-4.322318136692047119e-01
-4.787465631961822510e-01
-3.129166960716247559e-01
6.277327984571456909e-02
2.733337581157684326e-01
1.866677552461624146e-01
1.060860604047775269e-01
6.173251569271087646e-02
-2.215713113546371460e-01
-5.046125650405883789e-01
-5.934699773788452148e-01
-6.695398688316345215e-01
-6.128188967704772949e-01
-4.504356384277343750e-01
-3.787734210491180420e-01
-1.155780479311943054e-01
2.910491526126861572e-01
3.921765685081481934e-01
4.330075681209564209e-01
6.593440771102905273e-01
7.707999348640441895e-01
7.362176179885864258e-01
5.581067800521850586e-01
1.973852962255477905e-01
-5.803826451301574707e-02
-1.276515871286392212e-01
-1.956539452075958252e-01
-2.997934818267822266e-01
-3.368560075759887695e-01
-2.917486727237701416e-01
-2.733984887599945068e-01
-2.157796323299407959e-01
-7.190141826868057251e-02
6.204618141055107117e-02
2.775763571262359619e-01
5.144955515861511230e-01
5.513638854026794434e-01
5.066810250282287598e-01
4.623052179813385010e-01
3.770546913146972656e-01
3.618330061435699463e-01
3.790284097194671631e-01
2.910021245479583740e-01
8.955145627260208130e-02
-1.212338879704475403e-01
-1.854178309440612793e-01
-1.301796883344650269e-01
-1.068024113774299622e-01
-6.588073819875717163e-02
4.475812613964080811e-02
4.307188093662261963e-02
-6.907057017087936401e-02
-9.852747619152069092e-02
-1.398322731256484985e-01
-2.309887111186981201e-01
-2.358673363924026489e-01
-3.201628327369689941e-01
-4.370458424091339111e-01
-3.955708444118499756e-01
-4.658632278442382812e-01
-5.853490233421325684e-01
-5.019485354423522949e-01
-4.253527522087097168e-01
-3.488182127475738525e-01
-2.077520489692687988e-01
-1.581781357526779175e-01
-1.342558562755584717e-01
-5.645241215825080872e-02
1.901088282465934753e-02
3.844932839274406433e-02
4.015402495861053467e-02
1.399683803319931030e-01
2.623532116413116455e-01
2.649995088577270508e-01
2.417853772640228271e-01
2.947313487529754639e-01
3.522579371929168701e-01
3.619998097419738770e-01
3.409447371959686279e-01
3.506812751293182373e-01
3.639316558837890625e-01
2.850745618343353271e-01
2.641847729682922363e-01
2.977546751499176025e-01
1.969093829393386841e-01
1.642498522996902466e-01
2.218059897422790527e-01
1.215857565402984619e-01
7.188151031732559204e-02
1.883313208818435669e-01
1.646931469440460205e-01
7.265171408653259277e-02
1.037123873829841614e-01
4.978727921843528748e-02
-4.661623388528823853e-02
-6.701727211475372314e-02
-1.727754771709442139e-01
-2.603602707386016846e-01
-2.957857847213745117e-01
-3.780641257762908936e-01
-4.067656993865966797e-01
-4.738785028457641602e-01
-5.836783647537231445e-01
-5.918195843696594238e-01
-5.737485885620117188e-01
-5.384591817855834961e-01
-5.285753607749938965e-01
-5.192569494247436523e-01
-3.148548007011413574e-01
-5.498849228024482727e-02
1.667829155921936035e-01
4.182054400444030762e-01
5.384338498115539551e-01
5.540696382522583008e-01
5.789644718170166016e-01
5.563718676567077637e-01
5.195212364196777344e-01
4.588339328765869141e-01
3.235191702842712402e-01
1.502321511507034302e-01
3.836414590477943420e-02
3.904788568615913391e-02
-2.276410348713397980e-02
-9.906213730573654175e-02
-3.882367163896560669e-02
-4.300046339631080627e-02
-8.885597437620162964e-02
-5.253537744283676147e-02
-5.179394036531448364e-02
-8.963263779878616333e-02
-1.258838474750518799e-01
-1.397344917058944702e-01
-1.518016308546066284e-01
-2.124478071928024292e-01
-2.244994342327117920e-01
-1.434547603130340576e-01
-6.202139332890510559e-02
-2.770163863897323608e-02
1.339292153716087341e-02
9.256373345851898193e-02
1.609856635332107544e-01
2.053199857473373413e-01
2.057286053895950317e-01
1.920681595802307129e-01
1.949640959501266479e-01
1.231294572353363037e-01
3.980984166264533997e-02
4.451613128185272217e-02
4.823279008269309998e-02
-2.644821070134639740e-03
-6.797020882368087769e-02
-5.483075976371765137e-02
-1.344937458634376526e-02
-5.664505437016487122e-02
-6.539399921894073486e-02
-8.695635944604873657e-02
-2.190887778997421265e-01
-2.685857713222503662e-01
-2.608428299427032471e-01
-2.811693549156188965e-01
-2.595918476581573486e-01
-2.791312336921691895e-01
-2.456135898828506470e-01
-8.416117727756500244e-02
-2.304615266621112823e-02
2.505455724895000458e-02
1.670984923839569092e-01
1.833688914775848389e-01
1.749867945909500122e-01
2.956507802009582520e-01
3.278556764125823975e-01
2.662152349948883057e-01
2.940737307071685791e-01
2.653306424617767334e-01
1.921007335186004639e-01
2.838152050971984863e-01
2.773559689521789551e-01
1.188525184988975525e-01
1.121202707290649414e-01
1.167488694190979004e-01
-3.537803515791893005e-02
-2.053891867399215698e-01
-2.737514078617095947e-01
-2.977819442749023438e-01
-3.824905455112457275e-01
-4.230254888534545898e-01
-4.000875353813171387e-01
-3.529844880104064941e-01
-1.285841912031173706e-01
4.143878817558288574e-02
-7.367269136011600494e-03
7.851033657789230347e-02
1.601756513118743896e-01
7.084293663501739502e-02
8.273758739233016968e-02
7.388663291931152344e-02
-2.523359842598438263e-02
-3.898507356643676758e-02
-3.097593598067760468e-02
-1.562114059925079346e-02
4.452862963080406189e-02
6.043929606676101685e-02
4.013399779796600342e-02
1.014420241117477417e-01
1.636355370283126831e-01
1.611622571945190430e-01
1.702675968408584595e-01
1.703243404626846313e-01
2.641124129295349121e-01
3.225054442882537842e-01
1.756173223257064819e-01
1.263455003499984741e-01
8.900732547044754028e-02
-6.195035204291343689e-02
-8.774362504482269287e-02
-1.734170168638229370e-01
-3.525986969470977783e-01
-3.455104529857635498e-01
-2.566471695899963379e-01
-2.067247480154037476e-01
-1.748990863561630249e-01
-2.071393430233001709e-01
-2.072589546442031860e-01
-1.367503851652145386e-01
-1.574959009885787964e-01
-1.815974712371826172e-01
-7.859435677528381348e-02
1.122671272605657578e-02
7.973895967006683350e-02
1.550574898719787598e-01
1.111997812986373901e-01
7.586906105279922485e-02
1.993285417556762695e-01
2.098501026630401611e-01
7.212339341640472412e-02
1.132801100611686707e-01
1.820649206638336182e-01
1.323166340589523315e-01
1.773910522460937500e-01
1.748606413602828979e-01
8.069615811109542847e-02
8.275704085826873779e-02
9.912030398845672607e-02
7.719022035598754883e-02
-1.375052612274885178e-02
-7.778377830982208252e-02
1.597072556614875793e-02
5.944463238120079041e-02
-1.855874061584472656e-02
-6.382188200950622559e-02
-4.351352155208587646e-02
9.762435220181941986e-03
6.472691893577575684e-02
6.205359846353530884e-02
1.337257097475230694e-03
-5.284671485424041748e-02
-1.097105219960212708e-01
-1.610601991415023804e-01
-2.245199382305145264e-01
-2.889371216297149658e-01
-2.881912291049957275e-01
-3.465434908866882324e-01
-3.846577405929565430e-01
-2.806127965450286865e-01
-2.239321321249008179e-01
-1.276665180921554565e-01
6.576278805732727051e-02
2.027027457952499390e-01
3.290156722068786621e-01
3.631247580051422119e-01
2.914536893367767334e-01
2.939659655094146729e-01
3.155317306518554688e-01
2.409328967332839966e-01
1.084220260381698608e-01
3.958134353160858154e-02
3.739497857168316841e-03
-9.658157080411911011e-02
-1.073631644248962402e-01
-1.567229628562927246e-02
-1.151425484567880630e-02
-7.953790575265884399e-02
-9.862397611141204834e-02
-3.469714522361755371e-02
6.157266441732645035e-03
-1.222743187099695206e-02
-7.168287411332130432e-03
-6.510008592158555984e-03
-4.081002622842788696e-02
-5.210567638278007507e-02
-2.221053931862115860e-03
4.351896420121192932e-02
2.080006524920463562e-02
-7.125273346900939941e-03
-1.112446188926696777e-03
3.340175002813339233e-02
1.051295697689056396e-01
1.506682634353637695e-01
1.309416890144348145e-01
1.114854663610458374e-01
7.877382636070251465e-02
4.272493533790111542e-03
-2.876224368810653687e-02
-4.515331611037254333e-02
-9.221397340297698975e-02
-1.053055077791213989e-01
-1.172260493040084839e-01
-1.755972802639007568e-01
-1.673226058483123779e-01
-1.013881191611289978e-01
-1.236411780118942261e-01
-1.189033165574073792e-01
-5.627038329839706421e-02
-8.014689385890960693e-02
-7.509962469339370728e-02
-3.409156203269958496e-02
-6.463809311389923096e-02
-7.154995948076248169e-02
-2.752904221415519714e-02
3.849603980779647827e-02
9.524671733379364014e-02
7.327409088611602783e-02
6.196622923016548157e-02
1.187035068869590759e-01
1.247472390532493591e-01
1.179713234305381775e-01
1.619363725185394287e-01
1.411491930484771729e-01
1.119913905858993530e-01
1.381777673959732056e-01
9.547603875398635864e-02
6.045556068420410156e-02
1.175871491432189941e-01
1.587543636560440063e-01
9.580104053020477295e-02
-4.816915467381477356e-02
-8.431328833103179932e-02
-6.491094827651977539e-02
-2.000193893909454346e-01
-2.927898764610290527e-01
-2.778885066509246826e-01
-3.233986198902130127e-01
-3.190530240535736084e-01
-2.494573891162872314e-01
-1.269660145044326782e-01
1.420443505048751831e-01
3.563126325607299805e-01
3.483009636402130127e-01
2.628107666969299316e-01
2.733595371246337891e-01
3.376474976539611816e-01
2.841882109642028809e-01
2.034819126129150391e-01
1.401131749153137207e-01
-5.688349530100822449e-02
-1.565429419279098511e-01
-1.333429217338562012e-01
-2.387647628784179688e-01
-1.972627788782119751e-01
-6.049200519919395447e-02
-1.482654958963394165e-01
-1.838769763708114624e-01
-1.723041385412216187e-01
-2.810575962066650391e-01
-2.359669506549835205e-01
-1.209097504615783691e-01
-1.168763786554336548e-01
-6.232433766126632690e-02
-1.658236980438232422e-02
-3.113489225506782532e-02
-3.585482388734817505e-02
-4.890052974224090576e-02
2.241742238402366638e-02
1.454129368066787720e-01
1.558648347854614258e-01
1.342940479516983032e-01
1.764165163040161133e-01
1.559433192014694214e-01
8.478752523660659790e-02
1.113217473030090332e-01
1.385807394981384277e-01
6.449728459119796753e-02
1.721955090761184692e-02
9.224907308816909790e-02
1.648067086935043335e-01
9.140828251838684082e-02
4.106977954506874084e-02
1.134885922074317932e-01
6.495075672864913940e-02
-4.545721225440502167e-03
6.226196140050888062e-02
3.728200448676943779e-03
-8.509229868650436401e-02
-7.249914854764938354e-02
-1.149517595767974854e-01
-6.352487951517105103e-02
-8.349446579813957214e-04
-6.442372500896453857e-02
-1.562636904418468475e-02
4.200199153274297714e-03
-9.069588035345077515e-02
-8.129531145095825195e-02
-4.971504583954811096e-02
-3.972468897700309753e-02
-4.510700330138206482e-02
-6.911117583513259888e-02
-2.389521338045597076e-02
-2.921489439904689789e-02
-6.308957189321517944e-02
-3.884216025471687317e-02
-7.707065343856811523e-02
-9.777076542377471924e-02
-7.540006935596466064e-02
-1.024557724595069885e-01
-1.264066547155380249e-01
-1.256258338689804077e-01
-1.102484241127967834e-01
-1.432790011167526245e-01
-1.826904416084289551e-01
-1.195164024829864502e-01
-9.640594571828842163e-02
-6.893231719732284546e-02
1.006372421979904175e-01
1.966814994812011719e-01
2.627052068710327148e-01
4.342918097972869873e-01
4.816385805606842041e-01
4.063889682292938232e-01
3.632523715496063232e-01
3.720494806766510010e-01
3.983281254768371582e-01
2.597816586494445801e-01
6.442277878522872925e-02
4.519046470522880554e-02
-8.066397160291671753e-03
-1.785020977258682251e-01
-2.748044431209564209e-01
-3.026012182235717773e-01
-2.911120951175689697e-01
-2.221234440803527832e-01
-2.141765654087066650e-01
-2.547439336776733398e-01
-2.148867994546890259e-01
-1.691530048847198486e-01
-1.226213127374649048e-01
-5.827162042260169983e-02
-8.589268475770950317e-02
-7.154074311256408691e-02
6.973814684897661209e-03
-5.942678451538085938e-02
-1.131413802504539490e-01
-5.731544643640518188e-02
-6.378725171089172363e-02
7.930869236588478088e-03
1.221762374043464661e-01
6.187639012932777405e-02
3.457676619291305542e-02
4.976533353328704834e-02
-1.972043141722679138e-02
-2.129220031201839447e-02
5.159668624401092529e-03
1.410253625363111496e-02
4.121531918644905090e-02
7.693406194448471069e-03
2.580283023416996002e-02
1.113423630595207214e-01
1.372108310461044312e-01
1.685111224651336670e-01
1.526028066873550415e-01
1.023769825696945190e-01
1.580458581447601318e-01
1.683758795261383057e-01
9.461233764886856079e-02
1.002495959401130676e-01
1.034085974097251892e-01
3.919137641787528992e-02
2.325612120330333710e-02
7.863834500312805176e-02
9.059884399175643921e-02
1.585340499877929688e-02
5.802974104881286621e-03
1.704056560993194580e-02
-7.189743220806121826e-02
-5.957368388772010803e-02
4.514068132266402245e-04
-7.153249531984329224e-02
-9.804758429527282715e-02
-8.289327472448348999e-02
-1.377291232347488403e-01
-1.874158531427383423e-01
-2.026928514242172241e-01
-2.306014001369476318e-01
-2.899648249149322510e-01
-2.792969048023223877e-01
-2.363037765026092529e-01
-2.857140004634857178e-01
-2.737784683704376221e-01
-1.807839274406433105e-01
-1.648335605859756470e-01
-1.279021054506301880e-01
-2.045642584562301636e-02
6.188186630606651306e-02
1.771185547113418579e-01
3.188398778438568115e-01
3.784817159175872803e-01
3.757779896259307861e-01
3.358457088470458984e-01
3.301793336868286133e-01
3.921658694744110107e-01
3.542128205299377441e-01
2.278218418359756470e-01
1.493348181247711182e-01
6.005481258034706116e-02
-7.773580495268106461e-03
2.760195173323154449e-02
1.644232310354709625e-02
-2.984169311821460724e-02
3.876456245779991150e-02
4.577150940895080566e-02
-6.956315040588378906e-02
-1.126427203416824341e-01
-1.087560802698135376e-01
-1.534911841154098511e-01
-2.547902464866638184e-01
-2.978746294975280762e-01
-2.083731144666671753e-01
-1.900860220193862915e-01
-2.432506978511810303e-01
-1.830493360757827759e-01
-1.271541416645050049e-01
-1.287753283977508545e-01
-7.544185221195220947e-02
-3.015523776412010193e-02
-1.052962243556976318e-02
3.912172839045524597e-02
5.115731060504913330e-02
3.923695906996726990e-02
5.953320488333702087e-02
5.558402836322784424e-02
1.308044418692588806e-02
3.337945044040679932e-02
1.352275460958480835e-01
1.427381485700607300e-01
8.956242352724075317e-02
1.368636786937713623e-01
1.459298431873321533e-01
1.217646449804306030e-01
1.492212265729904175e-01
7.813943922519683838e-02
2.785243839025497437e-02
9.478987753391265869e-02
5.965254083275794983e-02
-6.401431281119585037e-03
2.305004745721817017e-02
1.621759682893753052e-02
-1.155277714133262634e-02
-8.712763898074626923e-03
-1.973434723913669586e-02
-2.401356212794780731e-02
-4.385517537593841553e-02
-9.351677447557449341e-02
-1.100479438900947571e-01
-9.204918146133422852e-02
-5.199465155601501465e-02
-3.483198524918407202e-04
-1.107653975486755371e-02
-5.205669254064559937e-02
-3.646351397037506104e-02
-4.205195233225822449e-02
-8.299493789672851562e-02
-8.000165969133377075e-02
-1.226547285914421082e-01
-1.782968789339065552e-01
-1.396327316761016846e-01
-1.502630561590194702e-01
-1.759301871061325073e-01
-1.362447887659072876e-01
-1.754963994026184082e-01
-1.831877231597900391e-01
-3.727297112345695496e-02
1.270902454853057861e-01
2.564181387424468994e-01
3.532796800136566162e-01
3.918759226799011230e-01
3.812856972217559814e-01
3.649762570858001709e-01
3.381790518760681152e-01
2.820846438407897949e-01
2.389068603515625000e-01
1.545657515525817871e-01
2.119206450879573822e-02
-5.728657543659210205e-02
-1.340791881084442139e-01
-1.800574958324432373e-01
-1.334002017974853516e-01
-1.597018986940383911e-01
-1.955055147409439087e-01
-1.351116299629211426e-01
-1.525121331214904785e-01
-1.763762533664703369e-01
-1.171562001109123230e-01
-9.242016822099685669e-02
-7.089559733867645264e-02
-8.676610141992568970e-02
-1.439856588840484619e-01
-8.957194536924362183e-02
-9.860243648290634155e-03
-8.219875395298004150e-02
-1.698655039072036743e-01
-7.370692491531372070e-02
1.028839685022830963e-02
-2.476300857961177826e-02
6.921938061714172363e-02
1.430602073669433594e-01
2.587480843067169189e-02
4.123960807919502258e-02
1.746608763933181763e-01
1.343952417373657227e-01
3.473533317446708679e-02
5.938946455717086792e-02
9.733290970325469971e-02
6.075996160507202148e-02
2.653607353568077087e-02
3.384292824193835258e-03
2.478049881756305695e-02
1.164404228329658508e-01
1.251057535409927368e-01
4.296955838799476624e-02
1.963019929826259613e-02
3.767699003219604492e-02
3.810037672519683838e-02
1.015008427202701569e-02
-2.964578196406364441e-02
7.221417617984116077e-04
4.776673018932342529e-02
5.959567148238420486e-03
-4.584236815571784973e-02
-3.569019958376884460e-02
-1.624931953847408295e-02
-2.836822159588336945e-02
-2.831283584237098694e-02
-1.392350252717733383e-02
-6.321979314088821411e-02
-1.145084202289581299e-01
-4.641043394804000854e-02
3.455266123637557030e-03
-7.374157756567001343e-02
-6.911034137010574341e-02
-8.113813586533069611e-03
-9.849731624126434326e-02
-1.786503195762634277e-01
-1.428515017032623291e-01
-1.295553892850875854e-01
-1.475285887718200684e-01
-1.408933550119400024e-01
-1.504852622747421265e-01
-1.952556967735290527e-01
-1.346082240343093872e-01
3.154493495821952820e-02
1.258571594953536987e-01
2.142473757266998291e-01
3.682563900947570801e-01
4.201743006706237793e-01
3.621665835380554199e-01
3.383845686912536621e-01
3.060325980186462402e-01
2.574332058429718018e-01
2.459941059350967407e-01
1.227891594171524048e-01
-4.066822677850723267e-02
-8.245217055082321167e-02
-1.536415070295333862e-01
-1.782916039228439331e-01
-1.275346130132675171e-01
-1.811842471361160278e-01
-1.611050218343734741e-01
-9.182674437761306763e-02
-1.384319663047790527e-01
-1.362943351268768311e-01
-1.164169982075691223e-01
-1.395319253206253052e-01
-1.147845834493637085e-01
-1.006080210208892822e-01
-1.104657277464866638e-01
-9.276204556226730347e-02
-7.079769670963287354e-02
-8.738373219966888428e-02
-9.671277552843093872e-02
-5.154983326792716980e-02
-4.231549799442291260e-02
2.232367842225357890e-04
1.202368885278701782e-01
1.418895870447158813e-01
1.393992453813552856e-01
1.791520118713378906e-01
1.206925362348556519e-01
5.405986309051513672e-02
7.498832046985626221e-02
7.614810764789581299e-02
5.576615780591964722e-02
4.373749345541000366e-02
1.046635955572128296e-02
3.625073283910751343e-02
1.151130124926567078e-01
8.266221731901168823e-02
5.774400196969509125e-03
1.577579788863658905e-02
1.420519594103097916e-02
1.398466248065233231e-02
4.204206541180610657e-02
3.719958243891596794e-03
-4.328463226556777954e-03
1.713058538734912872e-02
-4.478220641613006592e-02
-5.172611400485038757e-02
2.685724059119820595e-03
-1.220082771033048630e-02
-2.906624227762222290e-02
-1.178907416760921478e-02
-2.245054021477699280e-02
-7.790182530879974365e-02
-9.126234054565429688e-02
-2.390075288712978363e-02
-1.401008851826190948e-02
-4.670655727386474609e-02
-8.584500290453433990e-03
-1.420751772820949554e-02
-1.206557080149650574e-01
-1.816165745258331299e-01
-1.698492020368576050e-01
-1.583660542964935303e-01
-1.590822935104370117e-01
-1.760880798101425171e-01
-1.789131611585617065e-01
-1.490001976490020752e-01
-9.849543869495391846e-02
-4.345056135207414627e-03
1.361803859472274780e-01
2.836130857467651367e-01
3.826044797897338867e-01
3.814180195331573486e-01
3.069311976432800293e-01
2.961646020412445068e-01
3.400982320308685303e-01
3.112662732601165771e-01
2.419247180223464966e-01
1.138043031096458435e-01
-7.118903100490570068e-02
-1.410051584243774414e-01
-1.332043111324310303e-01
-1.533047705888748169e-01
-1.355993598699569702e-01
-1.232895031571388245e-01
-1.509631276130676270e-01
-1.183298677206039429e-01
-8.482304215431213379e-02
-1.338326334953308105e-01
-1.452424675226211548e-01
-1.145848706364631653e-01
-1.406446844339370728e-01
-9.688458591699600220e-02
-2.823737822473049164e-02
-1.168403178453445435e-01
-1.413248032331466675e-01
-7.661619037389755249e-02
-1.205397173762321472e-01
-7.988289743661880493e-02
3.143863752484321594e-02
5.585772544145584106e-02
1.248021200299263000e-01
1.564722508192062378e-01
9.943400323390960693e-02
9.792748838663101196e-02
9.698240458965301514e-02
8.019725978374481201e-02
7.652654498815536499e-02
5.765080451965332031e-02
5.196128040552139282e-02
6.540951132774353027e-02
5.856337025761604309e-02
2.371661365032196045e-02
4.964021965861320496e-02
7.336013019084930420e-02
3.066373430192470551e-02
5.188424885272979736e-02
1.751688122749328613e-02
-4.343689605593681335e-02
2.659137360751628876e-02
5.803558044135570526e-03
-4.482943098992109299e-03
7.007338106632232666e-02
-4.750435054302215576e-02
-8.743391931056976318e-02
4.471111670136451721e-02
-1.118149422109127045e-02
-6.346626579761505127e-02
2.341785654425621033e-02
-1.923506148159503937e-02
-9.552229940891265869e-02
-5.897540226578712463e-02
-3.348145633935928345e-02
-4.047289863228797913e-02
-6.871435046195983887e-02
-7.858578115701675415e-02
-4.756005853414535522e-02
-1.267859786748886108e-01
-1.849437057971954346e-01
-9.250131249427795410e-02
-1.095265448093414307e-01
-1.598627120256423950e-01
-1.198912113904953003e-01
-1.618673950433731079e-01
-1.616992503404617310e-01
-4.678231105208396912e-02
5.629919096827507019e-02
1.676200330257415771e-01
2.757026553153991699e-01
3.621383309364318848e-01
4.009481072425842285e-01
3.582219779491424561e-01
2.944796979427337646e-01
2.590652704238891602e-01
2.580233514308929443e-01
1.575412601232528687e-01
-3.046614676713943481e-02
-7.890976965427398682e-02
-1.097064986824989319e-01
-1.810312122106552124e-01
-1.247312724590301514e-01
-9.750245511531829834e-02
-1.310396790504455566e-01
-1.070387363433837891e-01
-1.221067458391189575e-01
-1.554341167211532593e-01
-1.279457956552505493e-01
-9.970249235630035400e-02
-1.194115653634071350e-01
-1.122636273503303528e-01
-5.828647688031196594e-02
-4.937665164470672607e-02
-6.509612500667572021e-02
-1.034450680017471313e-01
-1.207469552755355835e-01
-4.431472346186637878e-02
-2.714433893561363220e-02
-3.452866524457931519e-02
7.022716850042343140e-02
1.454597413539886475e-01
1.225523054599761963e-01
8.205682039260864258e-02
7.725538313388824463e-02
8.306333422660827637e-02
6.851764023303985596e-02
7.065089792013168335e-02
7.115942984819412231e-02
5.835552513599395752e-02
5.385197699069976807e-02
4.268156364560127258e-02
4.424637556076049805e-02
5.093481391668319702e-02
3.343367576599121094e-02
3.441709652543067932e-02
5.925893783569335938e-02
3.637750819325447083e-02
-7.411058060824871063e-03
1.689581014215946198e-02
3.948335722088813782e-02
5.143009126186370850e-03
-3.370070131495594978e-03
-2.178167179226875305e-02
-6.365000456571578979e-02
-3.642425313591957092e-02
-1.268849056214094162e-02
-3.517259657382965088e-02
-2.560589462518692017e-02
-2.489276602864265442e-02
-4.989320784807205200e-02
-3.928728401660919189e-02
-2.435533888638019562e-02
-4.666528478264808655e-02
-8.524757623672485352e-02
-9.376710653305053711e-02
-9.083116799592971802e-02
-1.486251652240753174e-01
-1.855814456939697266e-01
-1.268541067838668823e-01
-1.244919672608375549e-01
-1.723326742649078369e-01
-1.139435246586799622e-01
-1.033263280987739563e-01
-1.507287174463272095e-01
-1.260773465037345886e-02
1.570572555065155029e-01
2.476735115051269531e-01
3.704497814178466797e-01
3.994559049606323242e-01
3.513689339160919189e-01
3.278101682662963867e-01
2.916677594184875488e-01
2.809531390666961670e-01
2.226673960685729980e-01
5.159336701035499573e-02
-9.884748607873916626e-02
-1.429216861724853516e-01
-1.465290188789367676e-01
-1.631032228469848633e-01
-1.152569428086280823e-01
-8.450100570917129517e-02
-1.715590953826904297e-01
-1.685753315687179565e-01
-9.053269773721694946e-02
-1.049568131566047668e-01
-1.095499396324157715e-01
-8.961087465286254883e-02
-9.240990877151489258e-02
-8.201923966407775879e-02
-8.631376922130584717e-02
-1.014752015471458435e-01
-9.172145277261734009e-02
-7.017116993665695190e-02
-5.281477048993110657e-02
-4.711009189486503601e-02
-1.052158419042825699e-02
6.671196222305297852e-02
8.363108336925506592e-02
6.760767847299575806e-02
9.744345396757125854e-02
1.100555732846260071e-01
1.028006672859191895e-01
9.766366332769393921e-02
8.060909807682037354e-02
7.670441269874572754e-02
6.771425902843475342e-02
3.329724818468093872e-02
-1.020538620650768280e-02
-6.898868363350629807e-03
5.866101384162902832e-02
6.886955350637435913e-02
2.911987714469432831e-02
4.228720813989639282e-02
4.746711254119873047e-02
1.760551705956459045e-02
2.368812635540962219e-02
2.087628096342086792e-02
-3.270144388079643250e-02
-5.703321471810340881e-02
-2.873279526829719543e-02
-6.491844076663255692e-03
1.645666779950261116e-03
9.282478131353855133e-04
-1.395133603364229202e-02
-2.819516323506832123e-02
-3.001328557729721069e-02
-4.288712516427040100e-02
-8.015244454145431519e-02
-5.549385026097297668e-02
1.497736759483814240e-02
2.963614882901310921e-03
-5.621029809117317200e-02
-8.861236274242401123e-02
-1.223880723118782043e-01
-1.771665960550308228e-01
-1.919388622045516968e-01
-1.546017229557037354e-01
-1.543998122215270996e-01
-1.496589481830596924e-01
-9.390620142221450806e-02
-7.386443018913269043e-02
-3.022998943924903870e-02
1.072190105915069580e-01
2.410655319690704346e-01
3.143832683563232422e-01
3.436468839645385742e-01
3.506808578968048096e-01
3.183433711528778076e-01
2.589976787567138672e-01
2.513839006423950195e-01
2.403478026390075684e-01
1.212759241461753845e-01
-3.490611910820007324e-02
-1.312370002269744873e-01
-1.561037451028823853e-01
-1.560784876346588135e-01
-1.692266166210174561e-01
-1.348052024841308594e-01
-1.034863591194152832e-01
-1.319238394498825073e-01
-1.045841798186302185e-01
-9.222717583179473877e-02
-1.338931024074554443e-01
-1.064113676548004150e-01
-1.007454916834831238e-01
-1.096132695674896240e-01
-6.444802135229110718e-02
-8.058149367570877075e-02
-1.033522561192512512e-01
-8.005348592996597290e-02
-7.862333953380584717e-02
-3.578985854983329773e-02
2.825557626783847809e-02
6.057786568999290466e-02
8.300831168889999390e-02
7.154901325702667236e-02
1.110806763172149658e-01
1.379743367433547974e-01
4.852694272994995117e-02
6.406063586473464966e-02
1.154105588793754578e-01
4.751862213015556335e-02
5.821280926465988159e-02
7.039699703454971313e-02
2.596158534288406372e-02
8.576205372810363770e-02
5.667443200945854187e-02
-3.620327636599540710e-02
6.158926710486412048e-02
7.974704355001449585e-02
-3.346382454037666321e-02
1.295053586363792419e-02
4.060991853475570679e-02
-2.935674600303173065e-02
-1.214194577187299728e-02
7.420960348099470139e-03
1.130671519786119461e-02
3.926881030201911926e-02
-1.238678116351366043e-02
-7.202962040901184082e-02
-4.623915255069732666e-02
-3.443707898259162903e-02
-2.398573793470859528e-02
3.196358308196067810e-02
-1.253574807196855545e-02
-8.293932676315307617e-02
-3.758019208908081055e-02
-7.211492955684661865e-02
-1.107962653040885925e-01
-5.205943435430526733e-02
-1.299891769886016846e-01
-1.746725440025329590e-01
-9.773231297731399536e-02
-1.399082690477371216e-01
-1.779669225215911865e-01
-1.575526595115661621e-01
-1.660598069429397583e-01
-1.505196690559387207e-01
-1.017012000083923340e-01
5.106106773018836975e-02
2.286601215600967407e-01
3.103746771812438965e-01
3.820244371891021729e-01
3.689447045326232910e-01
3.335326910018920898e-01
3.590848743915557861e-01
2.491005808115005493e-01
2.056275010108947754e-01
2.478499412536621094e-01
2.182325161993503571e-02
-1.307437866926193237e-01
-5.157826468348503113e-02
-1.315874159336090088e-01
-2.048079818487167358e-01
-1.539928764104843140e-01
-1.818972378969192505e-01
-1.476329565048217773e-01
-7.066709548234939575e-02
-1.042230799794197083e-01
-1.081951409578323364e-01
-8.520494401454925537e-02
-1.067442148923873901e-01
-1.056069806218147278e-01
-9.604001045227050781e-02
-1.037071123719215393e-01
-1.044906377792358398e-01
-6.524080783128738403e-02
-4.431340470910072327e-02
-9.611545503139495850e-02
-5.771883204579353333e-02
3.846776112914085388e-02
3.040619567036628723e-02
7.876033335924148560e-02
1.707658916711807251e-01
1.296548098325729370e-01
7.143281400203704834e-02
3.901975974440574646e-02
2.778540179133415222e-02
9.634307026863098145e-02
8.716127276420593262e-02
8.466497994959354401e-03
3.992498666048049927e-02
9.111365675926208496e-02
7.080186158418655396e-02
2.408220246434211731e-02
2.759130112826824188e-02
8.346636593341827393e-02
3.496182337403297424e-02
-2.228616736829280853e-02
5.281287431716918945e-02
5.520776659250259399e-02
4.878436157014220953e-04
1.175238005816936493e-02
-6.582882488146424294e-04
-4.667510278522968292e-03
-2.458757534623146057e-02
-7.242400944232940674e-02
-2.594199217855930328e-02
2.185435034334659576e-02
5.899220705032348633e-03
-4.272140935063362122e-02
-9.273716062307357788e-02
-3.001805208623409271e-02
-1.143594551831483841e-02
-1.066729947924613953e-01
-7.760079205036163330e-02
-4.271122813224792480e-02
-1.201479658484458923e-01
-1.618069410324096680e-01
-1.573648452758789062e-01
-1.410890072584152222e-01
-1.629567146301269531e-01
-1.789221614599227905e-01
-1.527028530836105347e-01
-1.706477999687194824e-01
-9.858996421098709106e-02
4.800829291343688965e-02
1.008571311831474304e-01
2.139827460050582886e-01
3.672658205032348633e-01
4.003202915191650391e-01
3.975681662559509277e-01
3.476551175117492676e-01
2.922669053077697754e-01
3.104584515094757080e-01
2.056151479482650757e-01
3.731809929013252258e-02
-1.213797600939869881e-03
-8.260653913021087646e-02
-1.944878697395324707e-01
-1.664845645427703857e-01
-1.050923913717269897e-01
-9.543869644403457642e-02
-1.171785667538642883e-01
-1.410814821720123291e-01
-1.512503474950790405e-01
-1.506935656070709229e-01
-1.230098381638526917e-01
-1.217205971479415894e-01
-1.250091493129730225e-01
-7.269232720136642456e-02
-5.961598455905914307e-02
-9.445275366306304932e-02
-1.038331687450408936e-01
-9.092921763658523560e-02
-5.986490100622177124e-02
-3.656742721796035767e-02
-2.388838864862918854e-02
2.882212586700916290e-02
9.454135596752166748e-02
1.286000460386276245e-01
1.443268507719039917e-01
1.123137325048446655e-01
5.791497975587844849e-02
6.811872869729995728e-02
6.549469381570816040e-02
1.782163791358470917e-02
5.705812200903892517e-02
1.035160794854164124e-01
4.816222563385963440e-02
1.929552108049392700e-02
5.035516992211341858e-02
4.901527240872383118e-02
9.779482148587703705e-03
8.050084579735994339e-04
3.327834606170654297e-02
4.265657439827919006e-02
4.515692591667175293e-02
2.607773244380950928e-02
-3.145655244588851929e-02
-1.712249964475631714e-02
-1.431730575859546661e-02
-7.603310048580169678e-02
-3.252511844038963318e-02
9.093577042222023010e-03
-1.542978174984455109e-02
3.622683882713317871e-02
2.094271965324878693e-02
-5.376654490828514099e-02
-1.996670477092266083e-02
-3.515329211950302124e-02
-1.011469662189483643e-01
-7.539840787649154663e-02
-4.896776750683784485e-02
-5.542687699198722839e-02
-7.194242626428604126e-02
-1.326323598623275757e-01
-1.549380719661712646e-01
-1.264265030622482300e-01
-1.597291380167007446e-01
-1.778387427330017090e-01
-1.300074011087417603e-01
-9.338703006505966187e-02
-1.121092680841684341e-02
1.147815287113189697e-01
2.040036469697952271e-01
2.590709924697875977e-01
2.907830476760864258e-01
3.343744874000549316e-01
3.456537723541259766e-01
2.171199023723602295e-01
1.433717757463455200e-01
2.490384280681610107e-01
1.813302934169769287e-01
-5.012851208448410034e-02
-1.041216999292373657e-01
-8.482971042394638062e-02
-1.193859130144119263e-01
-1.756627857685089111e-01
-1.905283033847808838e-01
-1.060829609632492065e-01
-8.115725964307785034e-02
-8.504102379083633423e-02
-4.818522557616233826e-02
-1.248668879270553589e-01
-1.600992679595947266e-01
-7.386535406112670898e-02
-6.198797747492790222e-02
-9.368600696325302124e-02
-1.021826937794685364e-01
-8.048219978809356689e-02
-6.152164936065673828e-02
-6.786336004734039307e-02
-1.357720233500003815e-02
1.988210342824459076e-02
1.203153748065233231e-02
7.220855355262756348e-02
1.156050711870193481e-01
1.240678653120994568e-01
1.297114044427871704e-01
9.291299432516098022e-02
6.347468495368957520e-02
5.236034840345382690e-02
3.270147368311882019e-02
4.768966138362884521e-02
7.346489280462265015e-02
4.149163514375686646e-02
2.913113497197628021e-02
6.360005587339401245e-02
2.089845389127731323e-02
-2.345813065767288208e-02
2.319488860666751862e-02
3.510308265686035156e-02
1.081433985382318497e-02
2.319477126002311707e-02
2.136817760765552521e-02
-1.291592326015233994e-02
-1.150948274880647659e-02
1.829285174608230591e-02
-1.476918905973434448e-02
-5.825755745172500610e-02
-4.831440746784210205e-02
-3.775247186422348022e-02
1.392078865319490433e-02
1.991365477442741394e-02
-9.201582521200180054e-02
-8.252638578414916992e-02
1.667488017119467258e-03
-3.817832097411155701e-02
-3.156321123242378235e-02
-1.645851507782936096e-02
-1.359882950782775879e-01
-1.498470306396484375e-01
-1.018508523702621460e-01
-1.614764034748077393e-01
-1.632524728775024414e-01
-1.552653759717941284e-01
-1.705123335123062134e-01
-9.035789966583251953e-02
-4.333906993269920349e-02
-2.397527918219566345e-02
1.065851673483848572e-01
2.311758846044540405e-01
2.948372662067413330e-01
3.688758313655853271e-01
3.558986186981201172e-01
2.760503292083740234e-01
2.817232906818389893e-01
2.889957427978515625e-01
1.980291157960891724e-01
6.761237233877182007e-02
-4.265477508306503296e-02
-1.143320724368095398e-01
-1.465190798044204712e-01
-1.312027424573898315e-01
-9.628713130950927734e-02
-8.523876965045928955e-02
-1.173049360513687134e-01
-1.719172596931457520e-01
-1.661480665206909180e-01
-1.220368519425392151e-01
-1.188049688935279846e-01
-1.109047457575798035e-01
-8.455333113670349121e-02
-8.405292034149169922e-02
-1.034848317503929138e-01
-9.940201789140701294e-02
-6.651207059621810913e-02
-5.979331955313682556e-02
-6.217432022094726562e-02
-5.851965770125389099e-02
-1.924071274697780609e-02
9.712217748165130615e-02
1.439699679613113403e-01
1.027436777949333191e-01
9.572796523571014404e-02
7.831955701112747192e-02
7.387316226959228516e-02
1.191408634185791016e-01
1.067762300372123718e-01
3.385580703616142273e-02
2.804483473300933838e-02
6.256075948476791382e-02
2.481191605329513550e-02
1.463158987462520599e-02
5.097452923655509949e-02
2.933543547987937927e-02
6.734386086463928223e-03
-9.647532366216182709e-03
1.226609852164983749e-02
7.218913733959197998e-02
4.157328978180885315e-02
1.020824722945690155e-02
1.566168852150440216e-02
-2.282168902456760406e-02
-5.288658291101455688e-02
-6.863289326429367065e-02
-4.633928090333938599e-02
-7.269803900271654129e-03
-2.793972846120595932e-03
5.489842500537633896e-03
-3.779615089297294617e-02
-6.745541840791702271e-02
2.313643228262662888e-03
9.221644140779972076e-03
-3.924592211842536926e-02
-3.236463293433189392e-02
-5.995416641235351562e-02
-1.350333839654922485e-01
-1.389472037553787231e-01
-8.402833342552185059e-02
-1.145470738410949707e-01
-1.778380721807479858e-01
-1.300521194934844971e-01
-1.276289969682693481e-01
-1.599963009357452393e-01
-6.833256036043167114e-02
-3.039423562586307526e-02
9.474277496337890625e-03
1.842290908098220825e-01
3.126640617847442627e-01
3.690845966339111328e-01
3.618232607841491699e-01
3.121222853660583496e-01
2.974462807178497314e-01
2.484460175037384033e-01
2.223206013441085815e-01
1.870253086090087891e-01
-2.025731280446052551e-02
-1.529633849859237671e-01
-8.638621866703033447e-02
-8.807924389839172363e-02
-1.590659022331237793e-01
-1.656150370836257935e-01
-1.439100503921508789e-01
-1.353236883878707886e-01
-1.389394700527191162e-01
-1.273493468761444092e-01
-1.035618260502815247e-01
-1.207353100180625916e-01
-1.498132348060607910e-01
-1.058363094925880432e-01
-4.305626824498176575e-02
-7.072713226079940796e-02
-1.047945544123649597e-01
-7.542333006858825684e-02
-8.543335646390914917e-02
-1.093961670994758606e-01
-4.625032097101211548e-02
5.497780069708824158e-02
1.100023165345191956e-01
1.087542623281478882e-01
1.173263564705848694e-01
1.343161612749099731e-01
7.806271314620971680e-02
6.832323968410491943e-02
1.277315467596054077e-01
6.093635410070419312e-02
3.052980452775955200e-02
1.313729733228683472e-01
1.033254489302635193e-01
2.087860926985740662e-02
4.329856857657432556e-02
5.910301208496093750e-02
3.476641327142715454e-02
1.166127901524305344e-02
-6.963925901800394058e-03
7.085903547704219818e-03
4.278867319226264954e-02
2.585731074213981628e-02
-2.279377542436122894e-02
-3.604341065511107445e-03
4.377289861440658569e-02
3.305803751572966576e-03
-8.936111629009246826e-02
-9.399030357599258423e-02
-2.101282216608524323e-02
-5.032958462834358215e-03
-1.610244438052177429e-02
-1.060034800320863724e-02
-4.304702952504158020e-02
-5.185656249523162842e-02
-3.762944042682647705e-02
-5.798645690083503723e-02
-6.275703758001327515e-02
-6.565544009208679199e-02
-1.214551776647567749e-01
-1.715831607580184937e-01
-1.487925201654434204e-01
-1.329571604728698730e-01
-1.654863208532333374e-01
-1.479466259479522705e-01
-1.208326742053031921e-01
-1.643582880496978760e-01
-1.437537372112274170e-01
-4.934113938361406326e-03
1.317233443260192871e-01
2.600126266479492188e-01
3.801342248916625977e-01
3.942409753799438477e-01
3.398959338665008545e-01
3.028346598148345947e-01
2.749301493167877197e-01
2.873971462249755859e-01
2.567333877086639404e-01
1.026664525270462036e-01
-1.138824317604303360e-02
-7.746898382902145386e-02
-1.481203436851501465e-01
-1.294473260641098022e-01
-1.286113858222961426e-01
-1.670027077198028564e-01
-1.188946291804313660e-01
-1.213603094220161438e-01
-1.640972942113876343e-01
-9.896951168775558472e-02
-9.785193949937820435e-02
-1.577291786670684814e-01
-9.818190336227416992e-02
-6.930393725633621216e-02
-1.148283183574676514e-01
-9.692979604005813599e-02
-9.471612423658370972e-02
-1.484005451202392578e-01
-9.647498279809951782e-02
3.457179293036460876e-02
1.438315771520137787e-02
-2.897159010171890259e-02
6.392619013786315918e-02
1.009949669241905212e-01
1.096881702542304993e-01
1.578822731971740723e-01
1.400202661752700806e-01
9.110864251852035522e-02
5.831500142812728882e-02
5.262603610754013062e-02
5.645945295691490173e-02
6.299569457769393921e-02
6.216068193316459656e-02
2.046477235853672028e-02
2.161762304604053497e-02
4.475953057408332825e-02
3.986332565546035767e-02
2.184705436229705811e-02
-2.740342542529106140e-02
5.561203230172395706e-03
3.722028806805610657e-02
-1.997638866305351257e-02
1.295624882914125919e-03
1.742132939398288727e-02
-1.153169479221105576e-02
7.112076971679925919e-03
-1.096976362168788910e-02
-5.283877253532409668e-02
-3.669171407818794250e-02
1.035623997449874878e-02
-7.303377613425254822e-03
-5.173230916261672974e-02
4.015219863504171371e-03
2.261747606098651886e-02
-8.321864157915115356e-02
-9.560127556324005127e-02
-3.543324023485183716e-02
-5.640699341893196106e-02
-8.359913527965545654e-02
-1.303475499153137207e-01
-1.945066004991531372e-01
-1.676156818866729736e-01
-1.194829642772674561e-01
-1.277363747358322144e-01
-1.345830261707305908e-01
-1.149127855896949768e-01
-4.537541046738624573e-02
8.813477307558059692e-02
1.803756654262542725e-01
2.432692050933837891e-01
3.461972177028656006e-01
3.795447051525115967e-01
3.175231218338012695e-01
2.293712198734283447e-01
1.829273402690887451e-01
1.993728429079055786e-01
1.407630145549774170e-01
1.659451238811016083e-02
-5.558607354760169983e-02
-1.145676523447036743e-01
-1.679781079292297363e-01
-1.512300670146942139e-01
-7.777287811040878296e-02
-7.303505390882492065e-02
-1.574697941541671753e-01
-1.515496969223022461e-01
-8.065680414438247681e-02
-1.044736057519912720e-01
-1.098618879914283752e-01
-8.335098624229431152e-02
-1.285069584846496582e-01
-9.369051456451416016e-02
-4.076795279979705811e-02
-9.293639659881591797e-02
-5.448620021343231201e-02
-2.638275176286697388e-02
-9.122075140476226807e-02
9.151968988589942455e-04
1.046849191188812256e-01
6.075352430343627930e-02
9.483165293931961060e-02
1.354888975620269775e-01
5.768157541751861572e-02
6.296923011541366577e-02
8.031591027975082397e-02
1.959673687815666199e-02
3.328486904501914978e-02
6.347201764583587646e-02
6.785469502210617065e-02
5.501889064908027649e-02
2.500898763537406921e-02
6.236366927623748779e-02
6.609467417001724243e-02
-4.324501845985651016e-03
-1.199052669107913971e-02
2.881245315074920654e-02
3.582330793142318726e-02
2.091374620795249939e-02
1.030372735112905502e-02
-2.399258501827716827e-02
-2.528916485607624054e-02
1.107599679380655289e-02
-2.000961638987064362e-02
-3.928962349891662598e-02
-3.067543543875217438e-02
-4.297230020165443420e-02
-3.713010577484965324e-03
1.072915364056825638e-02
-2.212390117347240448e-02
-3.000286780297756195e-02
-4.554727673530578613e-02
-2.956136129796504974e-02
-2.630735933780670166e-02
-8.124575763940811157e-02
-7.922418415546417236e-02
-9.271557629108428955e-02
-1.399092376232147217e-01
-8.300489187240600586e-02
-7.941174507141113281e-02
-1.881715208292007446e-01
-1.768056452274322510e-01
-9.712006896734237671e-02
-7.196945697069168091e-02
1.411651913076639175e-02
1.516029387712478638e-01
2.477594465017318726e-01
3.014966249465942383e-01
2.901094853878021240e-01
2.454394102096557617e-01
2.254277467727661133e-01
1.969647705554962158e-01
1.818513423204421997e-01
1.667856872081756592e-01
5.778325349092483521e-02
-4.973287880420684814e-02
-7.775754481554031372e-02
-1.283773183822631836e-01
-1.765506416559219360e-01
-1.348767727613449097e-01
-9.668767452239990234e-02
-1.149893552064895630e-01
-9.268466383218765259e-02
-7.967380434274673462e-02
-1.131569743156433105e-01
-9.264820814132690430e-02
-6.962065398693084717e-02
-6.823740899562835693e-02
-6.928164511919021606e-02
-1.057045608758926392e-01
-7.275706529617309570e-02
-3.028135746717453003e-02
-8.157118409872055054e-02
-5.042420700192451477e-02
1.443128846585750580e-02
1.268839836120605469e-02
8.314990252256393433e-02
1.365534961223602295e-01
1.237789168953895569e-01
1.417170464992523193e-01
9.632800519466400146e-02
5.804047733545303345e-02
1.216360554099082947e-01
9.991601109504699707e-02
6.056862417608499527e-03
3.735035425052046776e-03
3.088144585490226746e-02
-1.166157145053148270e-02
-4.166607558727264404e-02
3.965682163834571838e-02
6.208823621273040771e-02
-3.679014742374420166e-02
-1.814219355583190918e-02
4.520112648606300354e-02
-2.832638798281550407e-03
-1.782445609569549561e-02
6.899835076183080673e-03
4.913973622024059296e-03
3.512695897370576859e-03
-1.811648905277252197e-02
-4.373984038829803467e-02
-6.111557036638259888e-02
-6.621904671192169189e-02
-3.428460657596588135e-02
1.491777785122394562e-02
4.549940675497055054e-02
-4.468623083084821701e-03
-7.450138032436370850e-02
-2.948604337871074677e-02
-6.912270560860633850e-03
-8.033201843500137329e-02
-6.883731484413146973e-02
-5.346570909023284912e-02
-1.083360165357589722e-01
-1.061643809080123901e-01
-1.162668392062187195e-01
-1.277544498443603516e-01
-1.238429844379425049e-01
-1.993790864944458008e-01
-1.755088716745376587e-01
-3.095786832273006439e-02
4.356512054800987244e-02
1.089491397142410278e-01
2.213180214166641235e-01
3.292109966278076172e-01
3.918117880821228027e-01
3.945711553096771240e-01
3.208644986152648926e-01
2.116134762763977051e-01
2.248533517122268677e-01
2.249178290367126465e-01
1.922798901796340942e-02
-1.349658370018005371e-01
-1.238106191158294678e-01
-1.119679734110832214e-01
-1.091270372271537781e-01
-1.135048344731330872e-01
-1.262974590063095093e-01
-1.191984489560127258e-01
-1.149055734276771545e-01
-1.018128916621208191e-01
-1.139633059501647949e-01
-1.465801894664764404e-01
-1.119041740894317627e-01
-8.022589981555938721e-02
-1.226039677858352661e-01
-1.357982456684112549e-01
-6.881222128868103027e-02
-6.134716793894767761e-02
-1.249221637845039368e-01
-6.971135735511779785e-02
-4.504221491515636444e-03
-2.615789510309696198e-02
5.395921692252159119e-02
1.214361414313316345e-01
9.248999506235122681e-02
1.299214512109756470e-01
1.258376985788345337e-01
4.237256199121475220e-02
2.403016388416290283e-02
4.225587099790573120e-02
6.273165345191955566e-02
7.015299797058105469e-02
5.758580192923545837e-02
8.221960812807083130e-02
8.954024314880371094e-02
5.160990357398986816e-02
4.057173803448677063e-02
3.446892648935317993e-02
2.814132906496524811e-02
3.676121681928634644e-02
2.433411218225955963e-02
2.989016845822334290e-02
3.582885861396789551e-02
-1.559504587203264236e-02
-3.470025211572647095e-02
-2.133731730282306671e-02
-3.330451622605323792e-02
1.079079229384660721e-02
2.991086430847644806e-02
-5.427115783095359802e-02
-6.310401111841201782e-02
-1.038074772804975510e-02
-3.287465497851371765e-02
-6.608724594116210938e-02
-6.090173125267028809e-02
-4.293975979089736938e-02
-3.362134471535682678e-02
-4.694755747914314270e-02
-8.779602497816085815e-02
-1.527345478534698486e-01
-1.837184876203536987e-01
-1.654984354972839355e-01
-1.537773311138153076e-01
-1.423840075731277466e-01
-1.212891414761543274e-01
-1.383937299251556396e-01
-1.102282628417015076e-01
5.538666248321533203e-02
1.666003763675689697e-01
1.914181113243103027e-01
3.321304917335510254e-01
4.375422894954681396e-01
3.653220236301422119e-01
2.648077607154846191e-01
1.957983225584030151e-01
2.133758217096328735e-01
2.343464195728302002e-01
6.855420768260955811e-02
-9.178094565868377686e-02
-9.789051860570907593e-02
-1.155068576335906982e-01
-1.651949584484100342e-01
-1.934873610734939575e-01
-1.856402605772018433e-01
-1.207722872495651245e-01
-9.166993945837020874e-02
-1.333617120981216431e-01
-1.124380826950073242e-01
-5.950589850544929504e-02
-8.047978579998016357e-02
-7.417678833007812500e-02
-8.056209236383438110e-02
-1.304195821285247803e-01
-8.100364357233047485e-02
-6.199561432003974915e-02
-7.065096497535705566e-02
-3.439632011577486992e-03
-3.233282268047332764e-02
1.031588297337293625e-03
1.478608101606369019e-01
1.249106675386428833e-01
8.709855377674102783e-02
1.050890386104583740e-01
6.156118959188461304e-02
8.583406358957290649e-02
9.895110130310058594e-02
2.722468972206115723e-02
4.046662896871566772e-02
6.810332834720611572e-02
1.570439338684082031e-02
2.476111054420471191e-02
8.678264170885086060e-02
6.502312421798706055e-02
4.722392186522483826e-03
2.202610298991203308e-02
4.389117285609245300e-02
-2.117897570133209229e-02
-3.408858180046081543e-02
3.143201395869255066e-02
3.829380869865417480e-02
4.937554243952035904e-03
-2.480628341436386108e-02
-2.517608366906642914e-02
-2.001590840518474579e-02
-6.195630133152008057e-02
-5.927196890115737915e-02
-3.744741156697273254e-02
-4.308697953820228577e-02
1.337124779820442200e-02
1.823222450911998749e-02
-4.218048974871635437e-02
-1.873350888490676880e-02
-2.764341421425342560e-02
-8.395007252693176270e-02
-1.010880842804908752e-01
-1.420792490243911743e-01
-1.255110651254653931e-01
-8.820497989654541016e-02
-1.568324118852615356e-01
-1.574428677558898926e-01
-1.208341792225837708e-01
-1.839918494224548340e-01
-1.413476318120956421e-01
-4.792900010943412781e-02
-2.455279789865016937e-02
1.292948871850967407e-01
2.890830934047698975e-01
3.329201340675354004e-01
3.927229940891265869e-01
3.744061291217803955e-01
2.934232950210571289e-01
2.830976545810699463e-01
2.692080438137054443e-01
1.823938637971878052e-01
6.674947589635848999e-02
-2.575561776757240295e-02
-1.094028055667877197e-01
-1.641426086425781250e-01
-1.421851366758346558e-01
-1.063699871301651001e-01
-1.238160952925682068e-01
-1.708980202674865723e-01
-1.535279452800750732e-01
-6.617780029773712158e-02
-6.960353255271911621e-02
-1.382848620414733887e-01
-1.233681291341781616e-01
-1.032459735870361328e-01
-1.356400698423385620e-01
-1.360780894756317139e-01
-9.493691474199295044e-02
-5.480222031474113464e-02
-5.399915575981140137e-02
-6.966029107570648193e-02
-3.555219620466232300e-02
-1.949446462094783783e-02
1.256330683827400208e-02
1.326995342969894409e-01
1.511676460504531860e-01
9.901122003793716431e-02
1.068924888968467712e-01
1.013300642371177673e-01
1.126553714275360107e-01
6.421518325805664062e-02
-3.695261478424072266e-02
2.750478871166706085e-02
1.008218750357627869e-01
2.432332187891006470e-02
-2.063001692295074463e-02
3.546854853630065918e-02
8.290935307741165161e-02
5.113330110907554626e-02
3.055794164538383484e-02
3.388526663184165955e-02
-2.576251886785030365e-02
-2.483240887522697449e-02
3.910352289676666260e-02
1.599598489701747894e-02
-1.034504920244216919e-02
-2.301503345370292664e-02
-4.724491015076637268e-02
1.862237416207790375e-02
4.762687906622886658e-02
-4.816855490207672119e-02
-6.631212681531906128e-02
-4.891329910606145859e-03
-1.112675759941339493e-02
-3.293540328741073608e-02
-2.311861142516136169e-02
-6.349586765281856060e-04
-1.939298398792743683e-02
-1.027128472924232483e-01
-1.096146926283836365e-01
-7.674605399370193481e-02
-1.252029985189437866e-01
-1.625124812126159668e-01
-1.734457314014434814e-01
-1.322744786739349365e-01
-5.102855339646339417e-02
-8.888462185859680176e-02
-1.335860788822174072e-01
-4.045078530907630920e-02
9.723342210054397583e-02
2.187299579381942749e-01
2.995176315307617188e-01
3.337056934833526611e-01
3.341214060783386230e-01
2.764611840248107910e-01
1.912236064672470093e-01
1.616907566785812378e-01
1.399484574794769287e-01
4.679845273494720459e-02
-2.831778302788734436e-02
-4.658010229468345642e-02
-9.781641513109207153e-02
-1.556477397680282593e-01
-1.358821243047714233e-01
-1.019210666418075562e-01
-1.261490881443023682e-01
-1.305155307054519653e-01
-7.787381112575531006e-02
-7.243655622005462646e-02
-1.318087577819824219e-01
-1.157268807291984558e-01
-4.783593863248825073e-02
-7.389447093009948730e-02
-9.497896581888198853e-02
-5.197377502918243408e-02
-6.055562198162078857e-02
-5.742445960640907288e-02
-3.355289250612258911e-02
-5.411585047841072083e-02
5.082465708255767822e-03
9.114941954612731934e-02
9.524864703416824341e-02
1.026089340448379517e-01
1.056649237871170044e-01
1.189332231879234314e-01
1.133131086826324463e-01
1.991978473961353302e-02
-4.460705909878015518e-03
7.347209751605987549e-02
9.101811796426773071e-02
2.050156518816947937e-02
4.623552784323692322e-03
7.574764639139175415e-02
5.630071833729743958e-02
-7.255658973008394241e-03
1.186728104948997498e-02
2.880519814789295197e-02
3.688156604766845703e-02
2.879103086888790131e-02
-2.380425110459327698e-02
-4.165384545922279358e-02
-1.232195086777210236e-02
-1.785177853889763355e-03
-2.159146778285503387e-02
-3.315010666847229004e-02
-3.029721416532993317e-02
-7.333768997341394424e-03
-1.997370459139347076e-02
-7.133582234382629395e-02
-2.027735812589526176e-03
5.443974211812019348e-02
-6.296500563621520996e-02
-9.838934242725372314e-02
-1.086114253848791122e-02
-1.036018505692481995e-02
-9.467183053493499756e-02
-1.644474714994430542e-01
-1.366231441497802734e-01
-7.524373382329940796e-02
-9.794782102108001709e-02
-1.257509589195251465e-01
-1.255746632814407349e-01
-1.537022590637207031e-01
-1.638524532318115234e-01
-6.042369455099105835e-02
1.223639920353889465e-01
2.158859074115753174e-01
2.714679837226867676e-01
3.453282117843627930e-01
3.143607974052429199e-01
2.789242267608642578e-01
2.687105834484100342e-01
1.847768127918243408e-01
1.683219671249389648e-01
1.873720288276672363e-01
3.531550988554954529e-02
-1.124526038765907288e-01
-9.164951741695404053e-02
-1.173585131764411926e-01
-1.724728047847747803e-01
-1.118016764521598816e-01
-9.873000532388687134e-02
-1.251828968524932861e-01
-1.002946272492408752e-01
-1.268347948789596558e-01
-1.237650215625762939e-01
-5.673868954181671143e-02
-9.861165285110473633e-02
-1.590337455272674561e-01
-9.066678583621978760e-02
-4.295910522341728210e-02
-8.522578328847885132e-02
-8.442714810371398926e-02
-5.039251223206520081e-02
-6.646606326103210449e-02
-4.347838088870048523e-02
4.047385603189468384e-02
6.795924901962280273e-02
9.590967744588851929e-02
1.588593572378158569e-01
1.377321034669876099e-01
7.922688126564025879e-02
4.580206796526908875e-02
1.071851700544357300e-02
4.172669723629951477e-02
8.794861286878585815e-02
6.314744055271148682e-02
4.144587367773056030e-02
3.959681838750839233e-02
5.414126440882682800e-02
7.280071079730987549e-02
4.376415535807609558e-02
3.056026622653007507e-02
3.665634244680404663e-02
9.094201959669589996e-03
6.081041879951953888e-03
7.003563921898603439e-03
9.736706502735614777e-03
2.429858222603797913e-02
-3.077992610633373260e-02
-4.385526478290557861e-02
5.943516269326210022e-03
-4.881243407726287842e-02
-7.628420740365982056e-02
8.786169928498566151e-04
-1.042281743139028549e-02
-6.113505735993385315e-02
-3.106382675468921661e-02
-5.744367837905883789e-03
-2.981633320450782776e-02
-6.762093305587768555e-02
-8.880296349525451660e-02
-9.438848495483398438e-02
-1.229280605912208557e-01
-1.520091444253921509e-01
-1.444699168205261230e-01
-1.342663019895553589e-01
-1.287505030632019043e-01
-1.257650852203369141e-01
-1.421826481819152832e-01
-1.288235634565353394e-01
-4.309208691120147705e-02
9.395244717597961426e-02
2.323727905750274658e-01
3.260274827480316162e-01
3.778439164161682129e-01
3.718104958534240723e-01
2.991061508655548096e-01
2.509049475193023682e-01
2.266712635755538940e-01
1.677956581115722656e-01
1.272870302200317383e-01
3.052753582596778870e-02
-1.093356087803840637e-01
-1.142407432198524475e-01
-1.218135282397270203e-01
-1.684562712907791138e-01
-1.171926036477088928e-01
-1.351280510425567627e-01
-1.867533773183822632e-01
-9.379033744335174561e-02
-3.353499621152877808e-02
-1.031987071037292480e-01
-1.634004116058349609e-01
-1.179980784654617310e-01
-5.468999221920967102e-02
-9.733074903488159180e-02
-1.042789593338966370e-01
-5.017549172043800354e-02
-8.889042586088180542e-02
-1.051029711961746216e-01
-3.049593605101108551e-02
2.093207277357578278e-02
3.212600946426391602e-02
6.712720543146133423e-02
1.268171966075897217e-01
1.333532333374023438e-01
1.000942215323448181e-01
7.544059306383132935e-02
4.763663187623023987e-02
4.592823982238769531e-02
6.669085472822189331e-02
7.009864598512649536e-02
7.825388759374618530e-02
4.744446650147438049e-02
6.814347114413976669e-03
5.671657994389533997e-02
5.355663597583770752e-02
1.101543288677930832e-02
7.120919227600097656e-02
5.488090589642524719e-02
-1.970811001956462860e-02
1.402756664901971817e-02
1.372013334184885025e-02
-4.100760444998741150e-02
-3.604570776224136353e-02
-2.121680416166782379e-03
9.072763845324516296e-03
-2.094968035817146301e-02
-3.103504888713359833e-02
-1.328825578093528748e-02
-1.005745679140090942e-02
-1.146482676267623901e-02
-5.130813643336296082e-02
-5.601924657821655273e-02
-1.136874780058860779e-02
-4.766409099102020264e-02
-6.805825233459472656e-02
-4.020122811198234558e-02
-1.097642481327056885e-01
-1.591883301734924316e-01
-1.253548860549926758e-01
-1.470178961753845215e-01
-1.388062834739685059e-01
-9.929884970188140869e-02
-1.433498561382293701e-01
-1.693185120820999146e-01
-1.506117582321166992e-01
-4.255805537104606628e-02
1.456817239522933960e-01
2.008154392242431641e-01
2.573812603950500488e-01
4.101446568965911865e-01
3.774451017379760742e-01
2.606598138809204102e-01
2.608048617839813232e-01
2.708881795406341553e-01
2.556557059288024902e-01
1.514527350664138794e-01
-1.628820970654487610e-02
-1.136725842952728271e-01
-1.619385331869125366e-01
-1.400839984416961670e-01
-1.177464351058006287e-01
-1.593694686889648438e-01
-1.256826370954513550e-01
-5.711940675973892212e-02
-7.809669524431228638e-02
-1.549442857503890991e-01
-1.674103438854217529e-01
-9.697239100933074951e-02
-8.028831332921981812e-02
-9.566766768693923950e-02
-8.054718375205993652e-02
-7.610590010881423950e-02
-5.856735631823539734e-02
-7.281590998172760010e-02
-9.780750423669815063e-02
-3.936836868524551392e-02
-2.383481245487928391e-03
1.923673972487449646e-02
8.959876745939254761e-02
9.248482435941696167e-02
8.696812391281127930e-02
1.261351406574249268e-01
7.442545890808105469e-02
2.076709084212779999e-02
4.151757434010505676e-02
3.474156558513641357e-02
6.008533015847206116e-02
9.349520504474639893e-02
2.709865570068359375e-02
2.884186618030071259e-02
1.147302165627479553e-01
6.911844760179519653e-02
-4.366440698504447937e-03
1.302576158195734024e-02
2.473484352231025696e-02
4.814639315009117126e-02
5.221382156014442444e-02
-3.958126530051231384e-03
-2.952885814011096954e-02
-2.192393690347671509e-02
-8.612396195530891418e-03
-1.979930512607097626e-02
-6.011557206511497498e-02
-3.158557787537574768e-02
1.676284894347190857e-02
-2.183603122830390930e-03
6.987206172198057175e-03
7.343444740399718285e-04
-7.378314435482025146e-02
-6.573058664798736572e-02
-3.388942033052444458e-02
-5.883034691214561462e-02
-3.401230648159980774e-02
-4.861066117882728577e-02
-1.410889029502868652e-01
-1.529866904020309448e-01
-1.118645668029785156e-01
-9.120407700538635254e-02
-9.811019152402877808e-02
-1.447515040636062622e-01
-1.705174595117568970e-01
-1.545260697603225708e-01
-8.206687867641448975e-02
5.641989782452583313e-02
1.549043059349060059e-01
2.380531579256057739e-01
3.659014105796813965e-01
3.786402046680450439e-01
3.082875311374664307e-01
2.942115664482116699e-01
2.178875058889389038e-01
1.579133421182632446e-01
1.863185614347457886e-01
9.871786832809448242e-02
-4.215029999613761902e-02
-1.247142180800437927e-01
-1.637438088655471802e-01
-1.332717686891555786e-01
-1.636661738157272339e-01
-2.133755385875701904e-01
-1.180869862437248230e-01
-6.401714682579040527e-02
-9.849621355533599854e-02
-6.507534533739089966e-02
-9.603597968816757202e-02
-1.718624532222747803e-01
-9.301037341356277466e-02
-4.648625850677490234e-02
-1.139189898967742920e-01
-8.222468942403793335e-02
-5.449465289711952209e-02
-9.940420836210250854e-02
-6.129620969295501709e-02
-3.114566905423998833e-03
4.183905944228172302e-02
9.606234729290008545e-02
6.708418577909469604e-02
3.918090462684631348e-02
1.066208779811859131e-01
1.265065968036651611e-01
7.313961535692214966e-02
7.991152256727218628e-02
9.006863087415695190e-02
5.071774125099182129e-02
3.863900154829025269e-02
2.277478575706481934e-02
1.533171348273754120e-02
6.650722771883010864e-02
8.917373418807983398e-02
5.185334384441375732e-02
3.385815024375915527e-02
6.061789765954017639e-02
4.236638545989990234e-02
-1.326103787869215012e-02
1.792441681027412415e-02
2.364115603268146515e-02
-5.489920079708099365e-02
-1.675119623541831970e-02
4.754061251878738403e-02
-1.813595741987228394e-02
-6.116983294486999512e-02
-3.386055305600166321e-02
-1.092843245714902878e-02
-6.577118299901485443e-03
-4.440737515687942505e-02
-6.489828974008560181e-02
-3.194916993379592896e-02
-1.574285328388214111e-02
-2.052833698689937592e-02
-6.425817310810089111e-02
-1.082678288221359253e-01
-8.837811648845672607e-02
-1.289485991001129150e-01
-1.873580366373062134e-01
-1.620999872684478760e-01
-1.567185670137405396e-01
-1.387766748666763306e-01
-1.556276530027389526e-01
-2.317557334899902344e-01
-1.256785988807678223e-01
1.766812615096569061e-02
5.407319590449333191e-02
2.328866571187973022e-01
3.887765407562255859e-01
3.580205738544464111e-01
3.792598545551300049e-01
3.718818426132202148e-01
2.656797766685485840e-01
2.514078915119171143e-01
2.523983418941497803e-01
1.652873009443283081e-01
3.752174228429794312e-02
-9.062472730875015259e-02
-1.195365265011787415e-01
-1.077533140778541565e-01
-1.579373627901077271e-01
-1.580039113759994507e-01
-1.347019076347351074e-01
-1.692385673522949219e-01
-1.465472877025604248e-01
-8.925011754035949707e-02
-9.355933219194412231e-02
-1.081043928861618042e-01
-1.142417192459106445e-01
-1.310627162456512451e-01
-1.263394057750701904e-01
-8.819741010665893555e-02
-6.722725927829742432e-02
-9.203016757965087891e-02
-1.018108129501342773e-01
-6.159657612442970276e-02
-1.798337884247303009e-02
3.147886693477630615e-02
9.061997383832931519e-02
1.145581901073455811e-01
1.260334551334381104e-01
1.318025141954421997e-01
8.288323879241943359e-02
1.737358048558235168e-02
5.053912848234176636e-02
1.387262791395187378e-01
8.507294952869415283e-02
-1.170746795833110809e-02
6.504365056753158569e-02
1.161727905273437500e-01
2.789389155805110931e-02
-9.252311661839485168e-03
9.979689493775367737e-03
4.029399156570434570e-02
4.863787814974784851e-02
1.500866096466779709e-02
2.795506082475185394e-02
2.979750186204910278e-02
-1.523116696625947952e-02
-3.088283725082874298e-02
-3.243527188897132874e-02
-5.203736480325460434e-03
1.233716215938329697e-02
-3.899605572223663330e-02
-4.613894596695899963e-02
-5.904614459723234177e-03
-1.428607851266860962e-02
-1.524268370121717453e-02
-4.358546342700719833e-03
-2.490439265966415405e-02
-5.479180812835693359e-02
-6.065696477890014648e-02
-3.453179076313972473e-02
-9.615049511194229126e-02
-1.780027449131011963e-01
-1.311384141445159912e-01
-1.106853634119033813e-01
-1.293601542711257935e-01
-1.080942600965499878e-01
-1.227874010801315308e-01
-1.604128181934356689e-01
-1.856824308633804321e-01
-1.173902228474617004e-01
7.898576557636260986e-02
2.046868354082107544e-01
2.128469049930572510e-01
3.090773820877075195e-01
4.265688657760620117e-01
3.393578231334686279e-01
2.159156501293182373e-01
2.364000082015991211e-01
2.491196990013122559e-01
1.929768919944763184e-01
9.923698753118515015e-02
-5.322741344571113586e-02
-1.566812396049499512e-01
-1.352447420358657837e-01
-1.100317463278770447e-01
-1.389827877283096313e-01
-1.600337922573089600e-01
-1.286698877811431885e-01
-7.878444343805313110e-02
-8.953896164894104004e-02
-1.157787889242172241e-01
-9.146616607904434204e-02
-1.007424145936965942e-01
-1.381895691156387329e-01
-9.582579135894775391e-02
-7.268631458282470703e-02
-1.159977540373802185e-01
-7.649466395378112793e-02
-3.275705501437187195e-02
-7.054717093706130981e-02
-3.279170021414756775e-02
5.213432386517524719e-02
5.410733073949813843e-02
6.170230731368064880e-02
1.210332512855529785e-01
1.309387534856796265e-01
6.314411014318466187e-02
2.922717481851577759e-02
7.996217161417007446e-02
8.267515152692794800e-02
3.414049744606018066e-02
4.180978611111640930e-02
3.783581033349037170e-02
6.161614321172237396e-03
1.013045292347669601e-02
4.962604120373725891e-02
8.624157309532165527e-02
4.676713421940803528e-02
3.425236791372299194e-02
8.695904165506362915e-02
2.817986533045768738e-02
-4.469990357756614685e-02
-1.460735779255628586e-02
-1.454768422991037369e-02
-2.866075560450553894e-02
5.043283570557832718e-03
1.323311775922775269e-02
-3.116573439911007881e-03
-2.360896952450275421e-02
-4.032452777028083801e-02
1.301273587159812450e-03
-2.064885012805461884e-02
-1.011419519782066345e-01
-4.935613833367824554e-04
4.256305843591690063e-02
-9.375032037496566772e-02
-5.479511618614196777e-02
-2.527681645005941391e-03
-1.070638522505760193e-01
-1.225998625159263611e-01
-9.470181167125701904e-02
-1.389772146940231323e-01
-1.665807813405990601e-01
-1.542741209268569946e-01
-1.422584056854248047e-01
-1.185557469725608826e-01
-1.115129515528678894e-01
-6.774028390645980835e-02
1.276820003986358643e-01
2.658649682998657227e-01
2.486562132835388184e-01
2.926795780658721924e-01
3.208442628383636475e-01
2.633169889450073242e-01
2.583738565444946289e-01
2.476420700550079346e-01
1.957894414663314819e-01
1.390736699104309082e-01
3.168502822518348694e-02
-8.062196522951126099e-02
-1.639862060546875000e-01
-2.144215404987335205e-01
-1.633952111005783081e-01
-8.804555982351303101e-02
-8.894688636064529419e-02
-1.003033667802810669e-01
-1.052526906132698059e-01
-1.032457277178764343e-01
-6.928769499063491821e-02
-8.674380183219909668e-02
-1.371333450078964233e-01
-1.024625152349472046e-01
-6.991557031869888306e-02
-1.078055873513221741e-01
-7.829958200454711914e-02
-1.069217547774314880e-02
-2.545647509396076202e-02
-5.268965288996696472e-02
-3.429177403450012207e-02
2.137826755642890930e-02
7.481351494789123535e-02
9.507290273904800415e-02
1.161397472023963928e-01
9.789524972438812256e-02
5.107636749744415283e-02
8.634641766548156738e-02
1.021963655948638916e-01
2.586605586111545563e-02
2.428611926734447479e-02
8.004464209079742432e-02
7.207259535789489746e-02
4.470516368746757507e-02
3.535208851099014282e-02
2.933886833488941193e-02
2.167859300971031189e-02
4.536678642034530640e-02
5.823521688580513000e-02
4.916179925203323364e-03
-7.179268635809421539e-03
1.825421489775180817e-02
-1.256059668958187103e-02
-3.923188894987106323e-02
-2.221891470253467560e-02
5.077816545963287354e-03
-7.238668389618396759e-03
-4.502473771572113037e-02
-4.178965464234352112e-02
-4.803974926471710205e-02
-3.229861706495285034e-02
5.007284134626388550e-02
3.282481431961059570e-02
-7.963260263204574585e-02
-1.231451407074928284e-01
-7.714574784040451050e-02
-2.105517871677875519e-02
-6.309092789888381958e-02
-1.238482072949409485e-01
-9.433227777481079102e-02
-1.273534744977951050e-01
-1.936565786600112915e-01
-1.217957884073257446e-01
-1.113395765423774719e-01
-2.061443030834197998e-01
-1.446138322353363037e-01
-2.384410612285137177e-02
3.831088170409202576e-02
1.334146559238433838e-01
2.518873512744903564e-01
3.466013669967651367e-01
3.753675818443298340e-01
3.808732926845550537e-01
3.270844519138336182e-01
2.172842323780059814e-01
2.522054612636566162e-01
2.258033901453018188e-01
6.000429857522249222e-03
-8.152419328689575195e-02
-9.733625501394271851e-02
-1.303785145282745361e-01
-9.290737658739089966e-02
-1.646859645843505859e-01
-2.048784345388412476e-01
-6.747397780418395996e-02
-8.790795505046844482e-02
-1.801356673240661621e-01
-9.429817646741867065e-02
-7.322254031896591187e-02
-1.307915300130844116e-01
-8.843454718589782715e-02
-1.087269857525825500e-01
-1.368917524814605713e-01
-2.767923846840858459e-02
-6.618453562259674072e-02
-1.781931519508361816e-01
-5.798568949103355408e-02
3.104033879935741425e-02
-1.765488274395465851e-02
2.840213291347026825e-02
1.083699241280555725e-01
1.241270154714584351e-01
1.089186146855354309e-01
6.967765092849731445e-02
4.437195882201194763e-02
6.766283512115478516e-02
1.031979769468307495e-01
1.115384176373481750e-01
8.740007132291793823e-02
3.255509212613105774e-02
3.259386168792843819e-03
5.706933885812759399e-02
7.748056948184967041e-02
-4.323484376072883606e-03
6.213197950273752213e-03
6.352981925010681152e-02
-1.211363077163696289e-02
-8.942130953073501587e-03
7.474658638238906860e-02
2.338469587266445160e-02
-2.413259632885456085e-02
-3.610189305618405342e-03
-2.656172402203083038e-02
-4.355807974934577942e-02
-3.519730409607291222e-03
2.428890205919742584e-02
8.256528235506266356e-05
-2.918105572462081909e-02
-4.988140612840652466e-02
-5.850530415773391724e-02
-1.880670152604579926e-02
-7.568432949483394623e-03
-5.424264073371887207e-02
-6.354857981204986572e-02
-6.073489785194396973e-02
-6.103163957595825195e-02
-7.622093707323074341e-02
-1.303167194128036499e-01
-1.179418340325355530e-01
-1.052209809422492981e-01
-1.773069202899932861e-01
-1.860361993312835693e-01
-1.395298540592193604e-01
-1.568658351898193359e-01
-1.405885517597198486e-01
5.253758281469345093e-03
1.334393322467803955e-01
2.222540378570556641e-01
3.825529813766479492e-01
4.288073480129241943e-01
3.117129802703857422e-01
2.758699059486389160e-01
3.041744530200958252e-01
2.648198306560516357e-01
1.687268763780593872e-01
6.829684972763061523e-02
-1.883157994598150253e-03
-5.426939949393272400e-02
-9.720376133918762207e-02
-1.578500121831893921e-01
-1.945163905620574951e-01
-1.482960879802703857e-01
-1.453049331903457642e-01
-1.587272584438323975e-01
-9.677039086818695068e-02
-8.819251507520675659e-02
-1.149045452475547791e-01
-1.154526323080062866e-01
-1.250072717666625977e-01
-1.023495867848396301e-01
-9.296748042106628418e-02
-1.076406762003898621e-01
-8.713813871145248413e-02
-7.992083579301834106e-02
-8.273999392986297607e-02
-5.384409800171852112e-02
1.862722449004650116e-02
8.891371637582778931e-02
9.673186391592025757e-02
1.115018576383590698e-01
1.155208423733711243e-01
9.501000493764877319e-02
9.732453525066375732e-02
5.075269192457199097e-02
4.027524963021278381e-02
9.067358821630477905e-02
6.141075119376182556e-02
1.790221035480499268e-02
3.731189295649528503e-02
9.569436311721801758e-02
1.212602853775024414e-01
6.843813508749008179e-02
3.732667071744799614e-03
-6.769438739866018295e-03
6.066052615642547607e-02
6.759840995073318481e-02
-1.628139801323413849e-02
4.725843667984008789e-03
1.828117109835147858e-02
-5.352458357810974121e-02
-3.701693937182426453e-02
-1.379432249814271927e-02
-3.379313647747039795e-02
-1.528402231633663177e-02
-2.611161768436431885e-02
-4.236210510134696960e-02
-1.412559952586889267e-02
-3.892884775996208191e-02
-8.013863116502761841e-02
-3.026072308421134949e-02
-1.744046434760093689e-02
-7.235881686210632324e-02
-1.224926766008138657e-02
-9.658242575824260712e-03
-1.797077059745788574e-01
-1.668791621923446655e-01
-8.196365088224411011e-02
-1.750022023916244507e-01
-1.612985581159591675e-01
-9.282288700342178345e-02
-1.622617244720458984e-01
-1.869876533746719360e-01
-1.594098806381225586e-01
-8.158871531486511230e-02
1.301257759332656860e-01
2.858402132987976074e-01
3.022648990154266357e-01
3.393946588039398193e-01
3.954416215419769287e-01
3.518972694873809814e-01
2.775040268898010254e-01
2.564828693866729736e-01
2.066118568181991577e-01
1.710293591022491455e-01
1.146138682961463928e-01
-9.392660856246948242e-02
-2.011661976575851440e-01
-1.090064495801925659e-01
-9.144452959299087524e-02
-1.513372063636779785e-01
-1.525003761053085327e-01
-1.003252565860748291e-01
-8.622626215219497681e-02
-1.237213835120201111e-01
-1.097750589251518250e-01
-9.434114396572113037e-02
-1.149858683347702026e-01
-1.012548282742500305e-01
-1.081649437546730042e-01
-1.152346059679985046e-01
-7.759673893451690674e-02
-9.708933532238006592e-02
-1.328338086605072021e-01
-7.355301827192306519e-02
-3.948066849261522293e-03
1.557367946952581406e-02
6.830282509326934814e-02
1.060894429683685303e-01
7.191556692123413086e-02
8.848869800567626953e-02
9.765388071537017822e-02
4.074084013700485229e-02
5.274656414985656738e-02
5.918466299772262573e-02
2.922797575592994690e-02
6.574763357639312744e-02
5.046834051609039307e-02
7.461518980562686920e-03
6.949379295110702515e-02
9.024291485548019409e-02
3.738343715667724609e-02
3.890422359108924866e-02
4.262946918606758118e-02
1.618819497525691986e-02
-2.823604503646492958e-03
6.961807142943143845e-03
7.020207494497299194e-02
7.530341297388076782e-02
-7.788875955156981945e-04
-1.649361103773117065e-02
-4.143275693058967590e-02
-8.555767685174942017e-02
-4.035429283976554871e-02
-1.662051863968372345e-02
-8.793138840701431036e-05
4.349173977971076965e-02
-8.277408778667449951e-03
-5.866055563092231750e-02
-3.989737853407859802e-02
-4.224320128560066223e-02
-5.296755954623222351e-02
-5.249775573611259460e-02
-5.988194793462753296e-02
-9.852182120084762573e-02
-1.674745231866836548e-01
-1.660722345113754272e-01
-1.079622507095336914e-01
-1.132256165146827698e-01
-1.411857008934020996e-01
-1.400012820959091187e-01
-1.479777097702026367e-01
-1.168021485209465027e-01
2.241625636816024780e-02
1.745144575834274292e-01
2.659304440021514893e-01
3.864771425724029541e-01
4.383463859558105469e-01
3.265211582183837891e-01
2.509379684925079346e-01
2.277536690235137939e-01
1.958787888288497925e-01
1.840039193630218506e-01
9.443674236536026001e-02
-6.160754337906837463e-02
-1.916058808565139771e-01
-2.127728611230850220e-01
-1.414895206689834595e-01
-1.251481026411056519e-01
-1.177953854203224182e-01
-1.036279797554016113e-01
-1.518522053956985474e-01
-1.363247781991958618e-01
-1.107003465294837952e-01
-1.540837287902832031e-01
-1.109482571482658386e-01
-5.097475647926330566e-02
-9.061369299888610840e-02
-1.266740858554840088e-01
-9.583306312561035156e-02
-4.520092159509658813e-02
-6.320133060216903687e-02
-9.255211800336837769e-02
-3.411802649497985840e-02
5.621014907956123352e-02
1.072964444756507874e-01
6.996092200279235840e-02
7.905163615942001343e-02
2.046848684549331665e-01
1.322862356901168823e-01
-1.114168390631675720e-02
1.148099601268768311e-01
1.736087054014205933e-01
4.450711607933044434e-02
2.071167714893817902e-02
6.415710598230361938e-02
7.169384509325027466e-02
2.685405500233173370e-02
1.118854526430368423e-02
9.261202067136764526e-02
7.324580103158950806e-02
-6.860512308776378632e-03
2.306147478520870209e-02
1.108951587229967117e-02
-3.193170204758644104e-02
3.136998857371509075e-04
1.457121409475803375e-02
3.246082458645105362e-03
-8.875506930053234100e-03
-4.147223383188247681e-02
-3.115776926279067993e-02
-4.312930162996053696e-03
-5.634960159659385681e-02
-7.874549180269241333e-02
8.457545191049575806e-03
1.494921557605266571e-02
-6.725960224866867065e-02
-4.872770980000495911e-02
-3.340259194374084473e-02
-8.962471038103103638e-02
-7.140717655420303345e-02
-6.960826367139816284e-02
-1.537037789821624756e-01
-1.727818101644515991e-01
-1.294206678867340088e-01
-1.084448397159576416e-01
-1.087888777256011963e-01
-1.566646546125411987e-01
-1.904716342687606812e-01
-1.222962364554405212e-01
-4.031646251678466797e-02
3.381353989243507385e-02
1.495447605848312378e-01
2.581328451633453369e-01
3.435410857200622559e-01
3.687852025032043457e-01
3.084221780300140381e-01
2.447828203439712524e-01
2.417713254690170288e-01
2.659360170364379883e-01
1.973500549793243408e-01
2.111667953431606293e-02
-1.036683171987533569e-01
-1.205576062202453613e-01
-1.126873716711997986e-01
-1.076650619506835938e-01
-9.532362967729568481e-02
-1.173298805952072144e-01
-1.210793182253837585e-01
-6.411588937044143677e-02
-9.133379906415939331e-02
-1.180718541145324707e-01
-1.860306831076741219e-03
-1.148160640150308609e-02
-1.536974459886550903e-01
-1.226623803377151489e-01
-4.122142121195793152e-02
-7.587600499391555786e-02
-7.548644393682479858e-02
-3.800863772630691528e-02
-2.901416830718517303e-02
-5.316135007888078690e-03
-1.284307567402720451e-03
1.936727389693260193e-02
1.020475029945373535e-01
1.227782592177391052e-01
8.479034900665283203e-02
7.791712135076522827e-02
6.124649196863174438e-02
8.496870286762714386e-03
-1.544255111366510391e-02
8.171287365257740021e-03
3.038423135876655579e-02
1.703172922134399414e-02
1.821337826550006866e-02
5.522874370217323303e-02
1.807675696909427643e-02
-6.257048249244689941e-02
-3.766218572854995728e-02
3.273517638444900513e-02
3.965589031577110291e-02
-3.158788383007049561e-02
-5.501558631658554077e-02
3.607682511210441589e-02
2.613645978271961212e-03
-8.127204328775405884e-02
4.680865630507469177e-02
5.463195592164993286e-02
-8.953506499528884888e-02
-2.995732054114341736e-02
2.306985482573509216e-02
-1.846613734960556030e-02
4.925837367773056030e-02
4.769453406333923340e-02
-1.308036781847476959e-02
