7.359539158642292023e-04
5.014509707689285278e-02
1.079858615994453430e-01
1.272946745157241821e-01
1.569643765687942505e-01
1.832806318998336792e-01
1.403280049562454224e-01
1.421045362949371338e-01
2.561736106872558594e-01
2.802114486694335938e-01
1.469049304723739624e-01
6.950058788061141968e-02
3.232213854789733887e-02
-2.637398242950439453e-02
4.925755783915519714e-02
6.974095106124877930e-02
-6.251400709152221680e-02
-2.288550697267055511e-02
2.128876000642776489e-02
-6.042215228080749512e-02
2.625912427902221680e-02
6.661597639322280884e-02
-6.119880452752113342e-02
-3.785804659128189087e-02
-3.961592912673950195e-03
-6.303201615810394287e-02
-1.163147762417793274e-02
1.614720188081264496e-02
-4.900592938065528870e-02
-4.256853461265563965e-02
-2.133877016603946686e-02
-8.079871535301208496e-02
-1.346076875925064087e-01
-9.072159230709075928e-02
-3.237905725836753845e-02
-6.157633289694786072e-02
-6.816279888153076172e-02
-5.846842657774686813e-03
-4.016001895070075989e-02
-1.157453283667564392e-01
-7.418493181467056274e-02
-2.403954789042472839e-02
-4.655451327562332153e-02
-2.908302843570709229e-02
5.801697447896003723e-02
3.508876264095306396e-02
-4.197398945689201355e-02
1.348437834531068802e-02
5.586333572864532471e-03
-4.903908446431159973e-02
7.291446905583143234e-03
3.292528912425041199e-02
6.241751089692115784e-02
1.286879777908325195e-01
1.265663206577301025e-01
1.125985905528068542e-01
1.187266260385513306e-01
3.697001561522483826e-02
-9.155717492103576660e-02
-7.596200704574584961e-02
-1.390423718839883804e-02
-5.779765546321868896e-02
-7.833672314882278442e-02
-5.159965530037879944e-02
-7.133145630359649658e-02
-1.481902897357940674e-01
-2.092873305082321167e-01
1.056454554200172424e-01
7.955210804939270020e-01
8.680648803710937500e-01
1.619255989789962769e-01
-1.330502033233642578e-01
2.345486171543598175e-02
-6.123100593686103821e-02
-1.152715682983398438e-01
-5.206786841154098511e-02
-1.258016377687454224e-01
-1.696852445602416992e-01
-1.304588168859481812e-01
-1.025172173976898193e-01
-1.136936321854591370e-01
-1.344617158174514771e-01
-1.190261691808700562e-01
-1.435133367776870728e-01
-1.617935895919799805e-01
-1.278550922870635986e-01
-1.219715103507041931e-01
-9.257695823907852173e-02
-3.119092807173728943e-02
-1.512737758457660675e-02
-5.893453210592269897e-02
-4.752257466316223145e-02
5.461920425295829773e-02
6.248651817440986633e-02
5.433696880936622620e-02
1.454053372144699097e-01
1.497336328029632568e-01
9.165724366903305054e-02
8.602932840585708618e-02
6.565491855144500732e-02
4.977698903530836105e-03
-5.801007151603698730e-02
-4.704301059246063232e-02
1.085248868912458420e-02
-8.323944173753261566e-03
-1.445579808205366135e-02
4.089546203613281250e-02
3.525692597031593323e-02
6.606320850551128387e-03
3.093367815017700195e-02
1.013887077569961548e-01
8.584197610616683960e-02
-4.152829293161630630e-03
6.787799298763275146e-02
1.040527820587158203e-01
-8.452584006590768695e-05
2.228945493698120117e-02
2.881615422666072845e-02
4.760442767292261124e-03
8.029586076736450195e-02
2.988007664680480957e-02
-6.954830139875411987e-02
-3.551971912384033203e-02
-1.771187968552112579e-02
-3.241688013076782227e-02
-1.494314288720488548e-03
-1.453676819801330566e-02
-4.727525636553764343e-02
-8.257672190666198730e-03
-2.391185238957405090e-02
-9.190696477890014648e-02
-7.482922822237014771e-02
-3.403888642787933350e-02
-2.692921459674835205e-02
-4.195177555084228516e-02
-5.301230773329734802e-02
-3.891447558999061584e-02
-6.880851835012435913e-02
-6.700382381677627563e-02
5.064452067017555237e-02
6.661204993724822998e-02
-4.223446175456047058e-02
-5.261111631989479065e-02
-2.735412493348121643e-02
-9.567070007324218750e-02
-1.108874604105949402e-01
-1.904396899044513702e-02
-3.565976768732070923e-02
-1.168015599250793457e-01
-8.378863334655761719e-02
-4.378264024853706360e-02
-5.230776965618133545e-02
-7.312159240245819092e-02
5.331346392631530762e-02
4.985944032669067383e-01
7.973184585571289062e-01
4.969597160816192627e-01
3.738615289330482483e-02
-7.060836255550384521e-02
1.230318844318389893e-02
-5.158638954162597656e-02
-1.609494984149932861e-01
-9.910732507705688477e-02
-5.209657922387123108e-02
-1.013048067688941956e-01
-5.252877995371818542e-02
-5.585920810699462891e-02
-1.673055589199066162e-01
-1.086132451891899109e-01
-5.171614140272140503e-02
-1.327679753303527832e-01
-6.329943984746932983e-02
4.602174740284681320e-03
-1.073833107948303223e-01
-7.567670196294784546e-02
2.515366114675998688e-02
-3.741623461246490479e-02
-8.170709013938903809e-03
8.129980415105819702e-02
2.349020540714263916e-02
4.608507454395294189e-02
1.460643708705902100e-01
8.479512482881546021e-02
5.273308977484703064e-02
1.074711754918098450e-01
4.415272548794746399e-02
-1.315705478191375732e-02
-3.720880672335624695e-02
-1.042567268013954163e-01
-7.266645878553390503e-02
7.924843521323055029e-05
-8.125849068164825439e-03
-2.631708793342113495e-02
-1.014596782624721527e-02
1.028727646917104721e-02
-8.692642673850059509e-03
-5.382122844457626343e-02
-3.622040525078773499e-02
7.382494211196899414e-02
9.863050282001495361e-02
9.891358204185962677e-03
1.206897292286157608e-02
-9.526406414806842804e-03
-4.560397565364837646e-02
5.006409808993339539e-02
3.977547213435173035e-02
-7.485328242182731628e-04
2.894570119678974152e-02
-2.958432026207447052e-02
-2.106729149818420410e-02
2.214818028733134270e-03
-4.577605798840522766e-02
1.765297912061214447e-02
8.285911381244659424e-02
1.345767360180616379e-02
-5.624167621135711670e-02
-2.027142979204654694e-02
1.730320742353796959e-03
-2.231220901012420654e-02
1.996738836169242859e-02
-2.112275175750255585e-02
-8.732381463050842285e-02
-4.558552987873554230e-03
-7.552070077508687973e-03
-5.601044371724128723e-02
-1.364422123879194260e-02
2.681716904044151306e-02
5.432239919900894165e-02
1.649081334471702576e-02
7.944873720407485962e-02
1.699165105819702148e-01
-3.229313716292381287e-02
-1.635297238826751709e-01
-8.574906736612319946e-02
-1.069807559251785278e-01
-1.049470677971839905e-01
-6.020945683121681213e-02
-5.451039597392082214e-02
-6.241410225629806519e-02
-1.720602512359619141e-01
-2.096091210842132568e-01
9.411650896072387695e-02
6.366637945175170898e-01
8.470784425735473633e-01
3.839177489280700684e-01
-7.087686657905578613e-02
-6.286609917879104614e-02
-8.425559848546981812e-02
-2.067750096321105957e-01
-1.535076797008514404e-01
-8.541218936443328857e-02
-9.508274495601654053e-02
-1.199148073792457581e-01
-1.364825069904327393e-01
-1.013402491807937622e-01
-1.053134351968765259e-01
-1.271171569824218750e-01
-8.150961250066757202e-02
-8.619128912687301636e-02
-7.937061041593551636e-02
-7.191946264356374741e-03
-3.773514926433563232e-02
-5.460195243358612061e-02
7.358609884977340698e-02
9.250222891569137573e-02
-4.588049650192260742e-02
-4.975367337465286255e-02
5.654254183173179626e-02
1.271315664052963257e-01
1.849868744611740112e-01
1.973897814750671387e-01
2.093189358711242676e-01
1.159805282950401306e-01
-4.398061335086822510e-02
1.297439541667699814e-02
-3.346298122778534889e-03
-1.375540643930435181e-01
-2.039528451859951019e-02
5.925118178129196167e-02
-5.827416852116584778e-02
-6.261997669935226440e-02
-2.066577784717082977e-03
-5.724724382162094116e-03
1.775260828435420990e-02
9.284090250730514526e-03
-6.638012081384658813e-02
-2.238788083195686340e-02
7.438323646783828735e-02
2.026717551052570343e-02
-5.578282848000526428e-02
-4.184356331825256348e-02
-1.176391076296567917e-02
-1.495610922574996948e-02
-5.560114234685897827e-02
-1.731696538627147675e-02
2.584198117256164551e-02
-9.160363674163818359e-02
-8.114436268806457520e-02
1.058326289057731628e-01
5.775600671768188477e-02
-6.992268562316894531e-02
5.271712690591812134e-02
7.925423979759216309e-02
-6.659661233425140381e-02
-2.105304598808288574e-02
2.569719217717647552e-02
-5.612808465957641602e-02
-3.588415682315826416e-02
3.992874175310134888e-02
3.020475059747695923e-02
-6.838933378458023071e-02
-6.661634147167205811e-02
6.028464809060096741e-02
5.515478085726499557e-03
-8.699784427881240845e-02
1.027591973543167114e-01
1.981134861707687378e-01
1.319492515176534653e-02
2.892111241817474365e-02
1.273368149995803833e-01
-8.234737813472747803e-02
-1.512935459613800049e-01
1.456288434565067291e-02
-8.767560124397277832e-02
-1.519401222467422485e-01
-2.827265858650207520e-02
-1.475178897380828857e-01
-2.080052644014358521e-01
-1.726716309785842896e-01
-1.882492005825042725e-01
3.964827656745910645e-01
1.000077486038208008e+00
6.150650382041931152e-01
5.375711992383003235e-02
-7.379620522260665894e-02
-9.441431611776351929e-02
-1.002086848020553589e-01
-1.619484275579452515e-01
-1.818335056304931641e-01
-7.386812567710876465e-02
-8.007737249135971069e-02
-1.812815368175506592e-01
-1.601484268903732300e-01
-4.983787611126899719e-02
-5.352976918220520020e-02
-1.596698909997940063e-01
-1.647665947675704956e-01
-1.071725860238075256e-01
-8.431448042392730713e-02
-4.964955151081085205e-02
-9.856342338025569916e-03
-6.363849155604839325e-03
-4.234123229980468750e-02
-5.034505948424339294e-02
1.570705673657357693e-03
9.658955782651901245e-02
1.918460428714752197e-01
1.684222221374511719e-01
1.305821537971496582e-01
2.095850557088851929e-01
1.819363534450531006e-01
4.828438907861709595e-02
7.762876152992248535e-02
1.412262171506881714e-01
4.559229314327239990e-02
-4.353641346096992493e-02
-4.287824779748916626e-02
-6.567464023828506470e-02
-5.366483330726623535e-02
1.610636152327060699e-02
-2.527230791747570038e-02
-8.271546661853790283e-02
-4.824918881058692932e-02
-2.286831848323345184e-02
4.749931395053863525e-02
5.776520445942878723e-02
-6.419070065021514893e-02
-8.735869824886322021e-02
-9.353683143854141235e-02
-1.106825843453407288e-01
-6.495108362287282944e-03
2.860696427524089813e-02
3.429512958973646164e-03
-8.021406829357147217e-03
-6.091415137052536011e-02
-4.337997362017631531e-02
-2.124217711389064789e-02
-2.165642101317644119e-03
6.017107143998146057e-02
-1.463380269706249237e-02
-4.315215349197387695e-02
7.099898159503936768e-02
3.611452132463455200e-02
3.123589558526873589e-04
4.750966653227806091e-02
-1.335575524717569351e-02
-2.117370488122105598e-03
6.796074658632278442e-02
-7.336006499826908112e-03
-3.057903237640857697e-02
1.623407006263732910e-02
-1.802453026175498962e-02
1.497374475002288818e-02
6.592965871095657349e-02
2.580683492124080658e-02
3.711942210793495178e-02
5.202479660511016846e-02
3.312316164374351501e-02
2.907389029860496521e-02
-5.580833554267883301e-02
-1.287801265716552734e-01
-1.159785762429237366e-01
-1.154279932379722595e-01
-8.308019489049911499e-02
-1.006075665354728699e-01
-1.719048023223876953e-01
-1.180571988224983215e-01
-1.817007809877395630e-01
-2.779889404773712158e-01
2.274297773838043213e-01
9.204610586166381836e-01
8.051139712333679199e-01
1.970604956150054932e-01
-7.423184067010879517e-02
-8.669522404670715332e-02
-8.943038433790206909e-02
-9.622933715581893921e-02
-1.358235478401184082e-01
-8.428426086902618408e-02
-6.051024049520492554e-02
-1.641520410776138306e-01
-1.097879335284233093e-01
-5.044315382838249207e-02
-1.439696848392486572e-01
-9.381878376007080078e-02
-2.145309560000896454e-02
-7.236226648092269897e-02
-7.074557244777679443e-02
-9.434991329908370972e-02
-1.212255954742431641e-01
-2.334116026759147644e-02
4.743345454335212708e-02
7.779356837272644043e-02
8.965912461280822754e-02
2.422621473670005798e-02
4.610157385468482971e-02
1.375318765640258789e-01
1.369969099760055542e-01
1.387774050235748291e-01
1.749090999364852905e-01
1.119063198566436768e-01
-3.006461262702941895e-02
-6.857247650623321533e-02
-4.328885301947593689e-02
-1.091672256588935852e-01
-1.016667038202285767e-01
-9.915209375321865082e-03
-1.135197002440690994e-02
-8.837373927235603333e-03
-3.905360773205757141e-02
-8.454205095767974854e-02
-4.256334621459245682e-03
2.625881461426615715e-03
-5.555072799324989319e-02
-8.796297945082187653e-03
1.317485794425010681e-02
-2.809188142418861389e-02
2.057878300547599792e-03
9.847774356603622437e-02
7.080204784870147705e-02
-4.468534886837005615e-02
-9.636963717639446259e-03
6.311845779418945312e-02
3.077257797122001648e-02
1.335723139345645905e-02
1.718384027481079102e-02
1.057655178010463715e-02
8.012929931282997131e-03
2.864119829609990120e-03
1.842156611382961273e-02
4.551298916339874268e-03
-1.197552029043436050e-02
3.174099326133728027e-02
2.857780084013938904e-02
-1.676179841160774231e-02
-1.140455622225999832e-02
-4.458564147353172302e-02
-1.344375610351562500e-01
-9.577061235904693604e-02
3.663495928049087524e-02
4.533321782946586609e-02
-4.038346465677022934e-03
3.518391773104667664e-02
7.039804756641387939e-02
4.739090055227279663e-02
2.093534357845783234e-02
-1.589026302099227905e-02
-4.157900810241699219e-02
-8.392271399497985840e-02
-1.057112738490104675e-01
-3.127063810825347900e-02
-4.337073862552642822e-02
-1.211868599057197571e-01
-1.242723241448402405e-01
-2.076004594564437866e-01
-2.611506283283233643e-01
8.335819840431213379e-02
6.526180505752563477e-01
7.253820300102233887e-01
2.143985182046890259e-01
-1.151722595095634460e-01
-8.844053745269775391e-02
-1.028745695948600769e-01
-7.922574132680892944e-02
1.022682897746562958e-02
-7.709844410419464111e-02
-1.612772494554519653e-01
-7.374682277441024780e-02
-2.988468855619430542e-02
-7.297924906015396118e-02
-5.391301214694976807e-02
-1.079034712165594101e-02
-1.885223761200904846e-02
-1.971728727221488953e-02
-4.939022660255432129e-02
-1.212046146392822266e-01
-5.518053099513053894e-02
2.682701498270034790e-02
-5.291990563273429871e-02
2.462045289576053619e-03
1.098787039518356323e-01
4.814865812659263611e-02
7.736006379127502441e-02
1.021240428090095520e-01
7.596018165349960327e-02
1.450623422861099243e-01
1.290801465511322021e-01
1.026285588741302490e-01
8.879538625478744507e-02
-2.869728486984968185e-03
-2.473631873726844788e-02
-6.392110884189605713e-02
-1.112692058086395264e-01
-5.122914165258407593e-02
-5.209293216466903687e-02
-8.334262669086456299e-02
-3.180704638361930847e-02
-4.382062237709760666e-03
-7.045800983905792236e-02
-1.549746543169021606e-01
-7.859691977500915527e-02
4.265892505645751953e-02
-2.644894085824489594e-02
-4.033397883176803589e-02
2.660395205020904541e-02
-3.654193878173828125e-02
3.587380750104784966e-03
7.171337306499481201e-02
-1.701633882476016879e-04
1.349019259214401245e-02
8.941140957176685333e-03
-1.796133443713188171e-02
7.091744989156723022e-02
5.757685005664825439e-02
1.419525872915983200e-02
4.147925227880477905e-02
-1.537441741675138474e-02
-2.675223164260387421e-02
6.381858140230178833e-02
7.235062122344970703e-02
-9.578362107276916504e-03
-4.172006994485855103e-02
1.888932846486568451e-02
1.568301767110824585e-02
-6.220660358667373657e-02
1.582679152488708496e-02
1.089773699641227722e-01
-1.000495534390211105e-02
-5.341376643627882004e-03
1.186958625912666321e-01
2.313145995140075684e-02
3.482594341039657593e-02
8.574663102626800537e-02
-1.143392249941825867e-01
-1.103700548410415649e-01
-4.598920419812202454e-02
-1.415511071681976318e-01
-6.489831209182739258e-02
-1.167059615254402161e-01
-2.688246667385101318e-01
-1.728864312171936035e-01
-1.662403047084808350e-01
-4.058491438627243042e-02
5.208016633987426758e-01
7.898876070976257324e-01
3.907955586910247803e-01
-5.002101510763168335e-02
-1.384842842817306519e-01
-1.230396330356597900e-01
-1.247998625040054321e-01
-1.001636311411857605e-01
-1.027704328298568726e-01
-3.612795099616050720e-02
1.157397497445344925e-02
-1.035868600010871887e-01
-1.350035816431045532e-01
-5.030271783471107483e-02
-4.357108846306800842e-02
-4.131108522415161133e-02
-1.589190942468121648e-04
-2.019946090877056122e-02
-6.774397194385528564e-02
-7.917293906211853027e-02
-9.729122370481491089e-02
-7.317305356264114380e-02
-3.309515072032809258e-03
-2.554058097302913666e-02
-2.206307649612426758e-02
7.334829866886138916e-02
1.058888509869575500e-01
1.251251995563507080e-01
1.448286324739456177e-01
1.314264833927154541e-01
1.230422481894493103e-01
9.458454698324203491e-02
9.137260913848876953e-02
6.511206179857254028e-02
-2.689731679856777191e-02
-3.770429268479347229e-02
1.990596996620297432e-03
3.244010033085942268e-03
1.978952065110206604e-02
2.754830941557884216e-02
2.273259311914443970e-02
1.985996030271053314e-02
-4.339907318353652954e-02
-6.600957363843917847e-02
-3.321236744523048401e-02
-6.793707609176635742e-02
-2.727240137755870819e-02
1.484723668545484543e-02
-5.643051862716674805e-02
-2.511127293109893799e-02
-6.399369984865188599e-02
-1.402666717767715454e-01
2.300905063748359680e-02
4.560168087482452393e-02
-7.701953500509262085e-02
-3.333208616822957993e-03
4.417095705866813660e-02
-2.603400498628616333e-02
-3.664387017488479614e-02
-1.686902903020381927e-02
-4.912898316979408264e-02
-3.146545216441154480e-02
2.425991743803024292e-02
-1.707726530730724335e-02
1.595455338247120380e-03
5.378668010234832764e-02
-4.850052297115325928e-02
-6.668863445520401001e-02
4.396492242813110352e-02
-9.676779620349407196e-03
-4.072644189000129700e-02
1.156909167766571045e-01
1.127915009856224060e-01
5.043395236134529114e-02
1.255461275577545166e-01
8.471918106079101562e-02
2.237845957279205322e-02
-5.281429737806320190e-03
-6.483820080757141113e-02
-4.457692429423332214e-02
-9.278096258640289307e-02
-1.146610975265502930e-01
-5.824033915996551514e-02
-1.326891183853149414e-01
-1.774765551090240479e-01
-2.197165340185165405e-01
-6.775818020105361938e-02
5.825912356376647949e-01
8.760453462600708008e-01
4.133242666721343994e-01
6.881229579448699951e-03
-1.109769418835639954e-01
-1.206490993499755859e-01
-1.209441870450973511e-01
-1.856568753719329834e-01
-1.258116364479064941e-01
-5.656477063894271851e-02
-1.300536841154098511e-01
-1.600585281848907471e-01
-1.534789055585861206e-01
-1.401543468236923218e-01
-1.104424372315406799e-01
-1.099781543016433716e-01
-9.183835238218307495e-02
-5.706740170717239380e-02
-2.672657370567321777e-02
-4.535729065537452698e-02
-7.955843955278396606e-02
-3.224642947316169739e-02
-7.502962369471788406e-03
3.668922558426856995e-02
1.203105226159095764e-01
8.088460564613342285e-02
1.093274876475334167e-01
2.335604876279830933e-01
2.143820524215698242e-01
1.793214976787567139e-01
1.726926565170288086e-01
1.105437651276588440e-01
9.394007921218872070e-02
2.851433679461479187e-02
-9.863770753145217896e-02
-8.544310927391052246e-02
-2.011560462415218353e-02
-2.654787339270114899e-02
-5.232558771967887878e-02
-4.103143885731697083e-02
-3.418536856770515442e-02
-9.299087524414062500e-02
-9.584391862154006958e-02
-2.867947518825531006e-02
-2.575844526290893555e-02
-3.186386451125144958e-02
-1.565723493695259094e-02
-4.643385484814643860e-02
-3.475998714566230774e-02
3.157383948564529419e-02
1.898267865180969238e-02
-3.555609658360481262e-02
-6.178516149520874023e-02
-1.232165005058050156e-02
2.764565497636795044e-02
-4.600321501493453979e-02
7.530862465500831604e-03
5.299842357635498047e-02
-8.168674260377883911e-02
-3.047673404216766357e-02
4.360141605138778687e-02
-1.587509363889694214e-02
3.624020516872406006e-02
3.165344893932342529e-02
-1.563634909689426422e-02
2.614277042448520660e-02
3.662749379873275757e-02
3.618377819657325745e-02
-2.393079735338687897e-02
-6.409739702939987183e-02
5.887950211763381958e-02
1.245512217283248901e-01
8.815257996320724487e-02
7.846695929765701294e-02
5.440220236778259277e-02
3.449629619717597961e-02
-1.609356515109539032e-02
-8.999047428369522095e-02
-7.534282654523849487e-02
-8.318814635276794434e-02
-1.127735748887062073e-01
-7.211136817932128906e-02
-1.192315593361854553e-01
-1.728949099779129028e-01
-1.269626617431640625e-01
-1.924447417259216309e-01
-2.311694249510765076e-02
6.455635428428649902e-01
8.674756884574890137e-01
2.972217202186584473e-01
-7.844419777393341064e-02
-4.231773689389228821e-02
-6.892418116331100464e-02
-1.222631484270095825e-01
-1.405383497476577759e-01
-1.522172540426254272e-01
-1.141282320022583008e-01
-7.825409621000289917e-02
-7.072567939758300781e-02
-1.196513697504997253e-01
-1.678380370140075684e-01
-1.015668958425521851e-01
-7.828962802886962891e-02
-1.298581659793853760e-01
-7.525464892387390137e-02
-7.028319686651229858e-02
-9.410384297370910645e-02
1.265527959913015366e-02
-1.873071864247322083e-02
-7.923539727926254272e-02
5.360011011362075806e-02
8.552405983209609985e-02
5.994903668761253357e-02
1.568430364131927490e-01
2.110866159200668335e-01
1.591844856739044189e-01
9.298148751258850098e-02
1.223096325993537903e-01
1.262717992067337036e-01
1.669802330434322357e-02
2.175893075764179230e-02
5.905573070049285889e-02
-1.419578772038221359e-02
-2.190345339477062225e-02
-2.169597521424293518e-02
-8.086112141609191895e-02
-6.347975134849548340e-02
-1.670595444738864899e-02
-2.543239388614892960e-04
3.304541110992431641e-02
2.942932024598121643e-02
-1.162133924663066864e-02
-1.827898994088172913e-02
-4.073969274759292603e-02
-5.011359229683876038e-02
-1.914306543767452240e-02
-2.427269145846366882e-02
1.090009510517120361e-02
3.552314639091491699e-02
-6.092912331223487854e-02
-8.224538713693618774e-02
-1.793027482926845551e-02
-3.892090544104576111e-02
-1.092801615595817566e-02
5.461942777037620544e-02
-2.239699475467205048e-02
-4.779931530356407166e-02
2.579207718372344971e-02
-2.002304047346115112e-02
-6.195979937911033630e-02
-7.914585876278579235e-04
2.569071575999259949e-02
3.696940094232559204e-02
4.805533587932586670e-02
-5.661113653331995010e-03
-4.685170575976371765e-02
-4.114325717091560364e-02
-2.367812022566795349e-02
2.457329444587230682e-02
5.531992763280868530e-02
5.105691403150558472e-02
5.038912221789360046e-02
1.546804606914520264e-02
-3.875304386019706726e-02
-7.289480417966842651e-02
-1.281660348176956177e-01
-1.434227824211120605e-01
-6.299944221973419189e-02
-5.363790690898895264e-02
-1.306686699390411377e-01
-1.264712363481521606e-01
-1.404974311590194702e-01
-6.963086128234863281e-02
4.625451564788818359e-01
9.324770569801330566e-01
5.759827494621276855e-01
1.511692767962813377e-03
-3.521347418427467346e-02
2.150963433086872101e-02
-1.214714348316192627e-01
-1.191867887973785400e-01
-5.604385212063789368e-02
-9.331773221492767334e-02
-7.794224470853805542e-02
-1.039710864424705505e-01
-1.761821359395980835e-01
-1.095071285963058472e-01
-9.410116076469421387e-02
-1.597076505422592163e-01
-1.008013635873794556e-01
-1.208469495177268982e-01
-1.804095953702926636e-01
-7.971299439668655396e-02
-4.613215103745460510e-02
-5.796247720718383789e-02
-8.753411239013075829e-04
1.525398530066013336e-02
1.380428951233625412e-02
4.713048040866851807e-02
1.431956291198730469e-01
1.871129423379898071e-01
1.273314356803894043e-01
1.505280286073684692e-01
1.720229536294937134e-01
8.496991544961929321e-02
-2.641186256369110197e-06
-5.196350440382957458e-02
-3.934237640351057053e-03
5.517847836017608643e-02
-1.992300152778625488e-02
-3.513370454311370850e-02
1.741009764373302460e-02
-2.858705446124076843e-02
-4.929393157362937927e-02
-6.069270521402359009e-02
-8.676327764987945557e-02
2.233722060918807983e-02
7.099462300539016724e-02
2.208792371675372124e-03
7.448515854775905609e-03
-6.414721161127090454e-02
-1.185915395617485046e-01
-4.225243814289569855e-03
1.048240228556096554e-03
-2.040582895278930664e-02
4.401355609297752380e-02
2.824719622731208801e-02
1.363201253116130829e-02
-1.378842256963253021e-02
-2.769880555570125580e-02
4.840822145342826843e-02
8.837345056235790253e-03
-1.824004203081130981e-02
5.052064731717109680e-02
-4.249472916126251221e-02
-6.079626455903053284e-02
6.123843044042587280e-02
-4.656277305912226439e-04
-7.601498626172542572e-03
5.565561726689338684e-02
-8.825644105672836304e-02
-8.004689961671829224e-02
8.861438184976577759e-02
3.673830255866050720e-02
5.026307888329029083e-03
8.123291283845901489e-02
4.654899612069129944e-02
1.017749682068824768e-02
-8.564020507037639618e-03
-5.988862738013267517e-02
-4.353458061814308167e-02
-5.571544542908668518e-02
-1.659528017044067383e-01
-1.482802182435989380e-01
-2.595400251448154449e-02
-5.931399017572402954e-02
-1.673871129751205444e-01
-1.709889024496078491e-01
9.547714143991470337e-02
6.240335702896118164e-01
7.298293113708496094e-01
2.198668271303176880e-01
-8.146607130765914917e-02
-3.120220825076103210e-02
-9.117556363344192505e-02
-1.448680013418197632e-01
-9.499087184667587280e-02
-1.094010472297668457e-01
-1.158405691385269165e-01
-9.752728044986724854e-02
-8.960457146167755127e-02
-7.552190870046615601e-02
-1.236413791775703430e-01
-1.099979653954505920e-01
-6.723895668983459473e-02
-1.441603004932403564e-01
-9.002795070409774780e-02
2.667219564318656921e-02
-2.576847746968269348e-02
-2.125733904540538788e-02
3.417870402336120605e-02
1.585612259805202484e-02
7.413416355848312378e-02
1.321260482072830200e-01
5.875563621520996094e-02
8.597335219383239746e-02
2.147703915834426880e-01
1.645959913730621338e-01
7.879396528005599976e-02
1.085543558001518250e-01
6.602245569229125977e-02
-1.806738227605819702e-02
1.154523342847824097e-02
-1.629414968192577362e-03
-1.110250577330589294e-01
-7.209779322147369385e-02
4.000010434538125992e-03
-4.615957289934158325e-02
-2.842055819928646088e-02
-2.977453544735908508e-02
-1.237586513161659241e-01
-4.508674144744873047e-02
4.452928155660629272e-02
-3.283498436212539673e-02
-9.267987683415412903e-03
3.346586227416992188e-02
-4.993501678109169006e-02
-6.298926472663879395e-02
-1.332387980073690414e-02
1.067284215241670609e-02
3.654408827424049377e-02
4.283750802278518677e-02
1.791847310960292816e-02
-3.617630898952484131e-02
-8.124799281358718872e-02
-4.250798001885414124e-02
2.116489782929420471e-02
-1.147883362136781216e-03
-1.436035707592964172e-02
5.395044386386871338e-02
2.891055867075920105e-02
-3.990971297025680542e-02
-1.618227548897266388e-02
-6.612119823694229126e-02
-7.701075822114944458e-02
7.793369144201278687e-02
1.182433813810348511e-01
6.248088926076889038e-02
5.418283119797706604e-02
1.393302995711565018e-02
1.506971567869186401e-02
6.480333954095840454e-02
1.027822680771350861e-02
-3.116523846983909607e-02
1.395150739699602127e-02
-8.270837366580963135e-02
-1.788362115621566772e-01
-6.319426000118255615e-02
-8.168620616197586060e-02
-1.776373237371444702e-01
-7.904748618602752686e-02
-1.432142704725265503e-01
-4.169082269072532654e-02
6.130983233451843262e-01
7.208318710327148438e-01
1.460033208131790161e-01
-1.681802794337272644e-02
-2.317601582035422325e-03
-1.221278607845306396e-01
-6.079409644007682800e-02
-4.975029081106185913e-02
-9.705097228288650513e-02
-5.412733927369117737e-02
-8.721334487199783325e-02
-1.266762316226959229e-01
-1.215628385543823242e-01
-8.568540215492248535e-02
-3.151523321866989136e-02
-7.039260119199752808e-02
-5.963084846735000610e-02
-3.882529912516474724e-03
-9.661989659070968628e-02
-1.534684449434280396e-01
-9.387986361980438232e-02
-6.804641336202621460e-02
6.814557127654552460e-04
1.103277653455734253e-01
1.018613353371620178e-01
6.667408347129821777e-02
9.232630580663681030e-02
1.051467657089233398e-01
1.350051909685134888e-01
1.305288672447204590e-01
9.004615992307662964e-02
1.073031872510910034e-01
2.755564823746681213e-02
-7.628865540027618408e-02
3.400276415050029755e-03
2.726984769105911255e-02
-9.050869941711425781e-02
-7.861299812793731689e-02
5.394981056451797485e-02
1.831928268074989319e-02
-1.059103235602378845e-01
-2.174944989383220673e-02
2.200552634894847870e-02
-1.034197211265563965e-01
-6.858318299055099487e-02
3.601688891649246216e-02
2.214230038225650787e-02
-1.982382684946060181e-02
-4.941592458635568619e-03
3.464927151799201965e-02
-2.135306969285011292e-02
-3.646609559655189514e-02
7.938459515571594238e-02
9.372144192457199097e-02
3.887486411258578300e-03
-3.545303642749786377e-02
-4.573911428451538086e-02
-1.469316612929105759e-02
5.780550464987754822e-02
-8.584422990679740906e-03
-8.549489825963973999e-02
5.314451456069946289e-02
1.553286425769329071e-02
-1.236582249402999878e-01
5.406312644481658936e-02
4.220540635287761688e-03
-1.848486661911010742e-01
1.988321356475353241e-02
5.921263247728347778e-02
-3.191271796822547913e-02
8.947604149580001831e-02
7.309631258249282837e-02
4.611590877175331116e-02
7.438565790653228760e-02
-9.996258653700351715e-03
-3.760119900107383728e-02
-5.430139973759651184e-02
-7.798669487237930298e-02
-5.561199784278869629e-02
-1.054880619049072266e-01
-1.367316246032714844e-01
-9.867319464683532715e-02
-1.419801712036132812e-01
-1.998253762722015381e-01
6.910982728004455566e-02
6.397366523742675781e-01
8.023251891136169434e-01
3.215533792972564697e-01
-6.149238348007202148e-02
-6.549353152513504028e-02
-1.178885027766227722e-01
-1.726427227258682251e-01
-7.147113978862762451e-02
-3.631272166967391968e-02
-6.945822387933731079e-02
-1.394645720720291138e-01
-2.148074805736541748e-01
-1.282075345516204834e-01
-8.041759580373764038e-02
-1.378463357686996460e-01
-5.362933129072189331e-02
-1.846785657107830048e-02
-1.147044599056243896e-01
-9.765608608722686768e-02
-5.486772954463958740e-02
-6.154335662722587585e-02
-4.927833378314971924e-02
-2.980032935738563538e-02
3.276076540350914001e-02
1.045531854033470154e-01
1.420290023088455200e-01
1.429315209388732910e-01
1.249843835830688477e-01
1.702392995357513428e-01
1.905446350574493408e-01
9.777944535017013550e-02
3.907841444015502930e-02
4.668395221233367920e-02
1.650513336062431335e-02
-9.880893630906939507e-04
2.823412185534834862e-03
-3.209145367145538330e-02
-3.501616045832633972e-02
-4.146649688482284546e-02
-1.662669517099857330e-02
5.896896496415138245e-02
-9.185803122818470001e-03
-1.257474720478057861e-02
5.295948311686515808e-02
-8.297479897737503052e-02
-7.249766588211059570e-02
2.688452973961830139e-02
-7.868731021881103516e-02
-6.077491119503974915e-02
1.918933168053627014e-02
-2.996146446093916893e-03
1.323336036875844002e-03
-6.544575095176696777e-02
-9.390104562044143677e-02
-8.106537163257598877e-03
-3.224879968911409378e-03
-3.459411486983299255e-02
-1.380853471346199512e-03
2.235474996268749237e-02
-5.240624770522117615e-03
-1.833273842930793762e-02
-5.704008787870407104e-02
-9.085017442703247070e-02
1.145084854215383530e-03
2.274782955646514893e-02
-5.222756788134574890e-02
-1.510736066848039627e-02
4.441050346940755844e-03
-5.593026056885719299e-03
4.348480701446533203e-02
4.595359042286872864e-02
7.558867335319519043e-02
1.108602732419967651e-01
8.859328925609588623e-02
8.357641845941543579e-02
2.046629227697849274e-02
-5.046131834387779236e-02
-6.884311884641647339e-02
-9.537569433450698853e-02
-8.452143520116806030e-02
-4.420552030205726624e-02
-7.469007372856140137e-02
-1.652766466140747070e-01
-1.822326779365539551e-01
-1.316032260656356812e-01
1.650360971689224243e-01
7.513058185577392578e-01
7.663658261299133301e-01
1.615698784589767456e-01
-2.887698635458946228e-02
1.428376603871583939e-02
-1.898450255393981934e-01
-1.477599442005157471e-01
-9.912104345858097076e-03
-2.224842756986618042e-01
-1.823941320180892944e-01
7.187540084123611450e-02
-1.581497937440872192e-01
-2.591731250286102295e-01
2.967557869851589203e-02
-6.595257669687271118e-02
-2.578837573528289795e-01
-1.160237565636634827e-01
-2.874911762773990631e-02
-6.200323626399040222e-02
-7.509405165910720825e-02
-4.142205417156219482e-02
3.352458402514457703e-02
9.205386042594909668e-03
-4.958024248480796814e-02
-8.778941992204636335e-05
9.882029145956039429e-02
1.842238008975982666e-01
1.929972320795059204e-01
1.718728393316268921e-01
1.482684612274169922e-01
5.347090587019920349e-02
1.432526018470525742e-02
2.003654837608337402e-03
-6.190994754433631897e-02
-2.048576064407825470e-02
1.983778551220893860e-02
-2.366959117352962494e-02
-6.214470602571964264e-03
-3.091834671795368195e-02
-6.548530608415603638e-02
1.914410665631294250e-02
3.255036473274230957e-02
-2.491331286728382111e-02
2.081324346363544464e-02
7.432296872138977051e-02
-2.860251115635037422e-03
-3.106727451086044312e-02
1.953796856105327606e-02
-5.495550110936164856e-02
-6.069215945899486542e-03
9.176991879940032959e-02
-6.722611188888549805e-02
-7.327991724014282227e-02
3.681751713156700134e-02
-4.771338030695915222e-02
-3.113374114036560059e-02
6.223843619227409363e-02
5.953987594693899155e-03
-5.465082451701164246e-02
-2.936805412173271179e-02
-3.779482841491699219e-02
-4.176522046327590942e-02
1.698502153158187866e-02
5.775208119302988052e-03
-8.698533289134502411e-03
-1.838972792029380798e-02
-7.774225622415542603e-02
-2.540708892047405243e-02
1.838622614741325378e-02
-1.967290602624416351e-02
3.870267793536186218e-02
8.583477139472961426e-02
4.710718989372253418e-02
7.600203901529312134e-02
1.108492687344551086e-01
1.089349202811717987e-02
-4.284265637397766113e-02
1.829889044165611267e-02
-2.503770776093006134e-02
-1.074564233422279358e-01
-1.084737926721572876e-01
-9.682697057723999023e-02
-9.586873650550842285e-02
-1.334334313869476318e-01
-2.222372740507125854e-01
-1.740637570619583130e-01
3.480786979198455811e-01
8.548563718795776367e-01
5.315249562263488770e-01
1.249826326966285706e-02
-5.275589600205421448e-02
-6.143220514059066772e-02
-1.061258912086486816e-01
-1.499354094266891479e-01
-1.541647613048553467e-01
-5.604211613535881042e-02
-1.069778278470039368e-01
-1.625335067510604858e-01
-8.493900299072265625e-02
-1.452658474445343018e-01
-1.779374033212661743e-01
-5.967447534203529358e-02
-5.301024392247200012e-02
-7.519049197435379028e-02
-4.933448880910873413e-02
-8.797471225261688232e-02
-2.812762744724750519e-02
6.004005670547485352e-02
1.366737857460975647e-02
6.608468294143676758e-02
1.199667155742645264e-01
5.457726866006851196e-02
1.191151663661003113e-01
2.172357887029647827e-01
1.899932175874710083e-01
1.165873408317565918e-01
6.294301152229309082e-02
7.498886436223983765e-02
9.739276766777038574e-02
3.695898503065109253e-02
-5.166837945580482483e-02
-5.373703688383102417e-02
-3.448596969246864319e-02
-6.260789930820465088e-02
-6.594637781381607056e-02
-2.329342253506183624e-02
2.173055894672870636e-02
-2.571185119450092316e-02
-8.549959212541580200e-02
-1.755873672664165497e-02
-1.589600741863250732e-02
-9.693309664726257324e-02
-4.680805653333663940e-02
1.167319528758525848e-02
-1.459066942334175110e-02
-3.399305418133735657e-02
-3.577933087944984436e-02
8.427590131759643555e-03
8.296125568449497223e-03
-4.805354401469230652e-02
8.189597167074680328e-03
2.865572459995746613e-02
-3.997552394866943359e-02
-2.639151364564895630e-02
-3.133926913142204285e-02
-2.941063838079571724e-03
7.910780608654022217e-02
-1.458079461008310318e-02
-8.652993291616439819e-02
4.324626643210649490e-03
-4.108389839529991150e-03
-3.063521161675453186e-02
2.534618228673934937e-02
-2.556000463664531708e-02
-1.894276402890682220e-02
1.044778004288673401e-01
7.977706193923950195e-02
5.955329537391662598e-02
1.164348870515823364e-01
7.560309022665023804e-02
2.942169643938541412e-02
1.671653054654598236e-02
1.485731173306703568e-02
-1.550434809178113937e-02
-1.100298240780830383e-01
-1.044393852353096008e-01
-8.140435069799423218e-02
-1.326867640018463135e-01
-8.143473416566848755e-02
-1.260000467300415039e-01
-2.800503671169281006e-01
1.272862218320369720e-02
6.253623962402343750e-01
7.418662905693054199e-01
2.666691243648529053e-01
-7.401148974895477295e-02
-6.246545165777206421e-02
-9.812970459461212158e-02
-1.516809463500976562e-01
-1.004427298903465271e-01
-7.079589366912841797e-02
-4.779580980539321899e-02
-8.814125508069992065e-02
-1.614267528057098389e-01
-1.225872933864593506e-01
-1.032112762331962585e-01
-1.083088442683219910e-01
-6.458173692226409912e-02
-1.089099049568176270e-01
-9.347541630268096924e-02
4.169280081987380981e-02
-4.359145241323858500e-04
-8.874379843473434448e-02
-3.994260355830192566e-02
-3.161130100488662720e-02
8.642476983368396759e-03
9.914947301149368286e-02
8.220393210649490356e-02
1.177531033754348755e-01
2.197938412427902222e-01
1.730719953775405884e-01
6.751564890146255493e-02
9.415750950574874878e-02
1.518990248441696167e-01
3.604212403297424316e-02
-9.543601423501968384e-02
-1.294006407260894775e-02
2.750211581587791443e-02
-1.041887253522872925e-01
-7.265201956033706665e-02
4.564841091632843018e-02
-2.264484018087387085e-02
-4.680488258600234985e-02
1.095796702429652214e-03
-4.133431613445281982e-02
-2.188196405768394470e-02
-1.828452944755554199e-02
-7.351710647344589233e-02
-1.389187574386596680e-02
9.496894665062427521e-03
4.058224614709615707e-03
6.419633328914642334e-02
-5.108521319925785065e-03
-7.598856091499328613e-02
-1.831311546266078949e-02
-2.341899834573268890e-02
-4.009032249450683594e-02
1.709037274122238159e-02
5.344212800264358521e-02
2.772599458694458008e-02
-1.608349196612834930e-02
-1.275732275098562241e-02
-1.153632439672946930e-02
-3.216767683625221252e-02
-1.885332912206649780e-02
-1.599011570215225220e-02
-1.070328615605831146e-02
1.311869919300079346e-02
4.261946305632591248e-03
2.126962691545486450e-02
5.294975638389587402e-02
3.584610670804977417e-02
6.007603928446769714e-02
1.011940687894821167e-01
5.746565386652946472e-02
-3.840798744931817055e-03
-5.179381370544433594e-02
-7.432234287261962891e-02
-4.443005472421646118e-02
-8.420290052890777588e-02
-1.577085554599761963e-01
-1.024296507239341736e-01
-8.371336758136749268e-02
-1.830898225307464600e-01
-1.821688562631607056e-01
-6.545273587107658386e-03
3.548825383186340332e-01
6.427211761474609375e-01
4.141751229763031006e-01
1.568128168582916260e-02
-5.220841988921165466e-02
-2.450321801006793976e-02
-6.980505585670471191e-02
-8.829107880592346191e-02
-6.709827482700347900e-02
-2.942187525331974030e-02
-4.805512726306915283e-02
-7.704222947359085083e-02
-6.602360308170318604e-02
-1.083063632249832153e-01
-9.475887566804885864e-02
-2.666017040610313416e-02
-9.724935889244079590e-02
-8.464626967906951904e-02
7.254084572196006775e-03
-1.077884286642074585e-01
-1.094115898013114929e-01
4.500568378716707230e-03
-8.599618822336196899e-02
1.610317500308156013e-03
1.731900125741958618e-01
1.984945498406887054e-02
1.008504908531904221e-02
1.643257290124893188e-01
1.089292764663696289e-01
1.240460574626922607e-01
1.785395294427871704e-01
1.009340658783912659e-01
6.748606264591217041e-02
-2.176131680607795715e-02
-7.663612067699432373e-02
2.564793638885021210e-02
-4.749422892928123474e-02
-1.052380725741386414e-01
6.286677718162536621e-02
1.563920080661773682e-02
-1.063289418816566467e-01
-1.724302954971790314e-02
-2.443069592118263245e-02
-7.586683332920074463e-02
-2.906569838523864746e-02
-3.670072183012962341e-02
-1.577372476458549500e-02
3.114629350602626801e-02
-9.184467606246471405e-03
-2.212687581777572632e-02
-3.147078678011894226e-02
-5.912935733795166016e-02
-2.322874031960964203e-03
1.143884193152189255e-02
-2.778491564095020294e-02
7.923237979412078857e-03
4.615884646773338318e-02
7.301388680934906006e-02
7.250085473060607910e-02
-1.072951219975948334e-02
-3.645541891455650330e-02
1.625009812414646149e-02
5.915157962590456009e-04
-2.280121855437755585e-02
1.502043940126895905e-02
3.086439520120620728e-02
1.477974932640790939e-02
-2.582531794905662537e-02
-5.326151475310325623e-02
8.433278650045394897e-03
4.294146969914436340e-02
7.696546614170074463e-03
4.621198773384094238e-02
8.296970278024673462e-02
3.911477699875831604e-02
5.115823354572057724e-03
-6.245032325387001038e-02
-1.365205645561218262e-01
-8.719064295291900635e-02
-6.944835931062698364e-02
-1.664463430643081665e-01
-1.444902420043945312e-01
-4.390873014926910400e-02
-8.713312447071075439e-02
-1.844794303178787231e-01
-7.924554497003555298e-02
4.009563028812408447e-01
8.397868871688842773e-01
5.771142840385437012e-01
4.349773377180099487e-02
-5.626802146434783936e-02
-3.321307897567749023e-02
-1.519748121500015259e-01
-1.628748923540115356e-01
-1.054932028055191040e-01
-1.111750230193138123e-01
-1.081855744123458862e-01
-9.436270594596862793e-02
-6.939698010683059692e-02
-1.026017665863037109e-01
-1.670151203870773315e-01
-1.208268254995346069e-01
-1.247211471199989319e-01
-7.070683687925338745e-02
5.273737013339996338e-02
-4.974536225199699402e-02
-4.705632477998733521e-02
4.190712794661521912e-02
-2.158337272703647614e-02
3.088776580989360809e-02
2.918985486030578613e-02
-1.065873354673385620e-02
1.380580514669418335e-01
1.488348990678787231e-01
6.976467370986938477e-02
1.629420220851898193e-01
1.935682892799377441e-01
5.037879943847656250e-02
-2.417195029556751251e-02
2.269970998167991638e-02
4.304028116166591644e-03
-7.029581815004348755e-02
-5.103521049022674561e-02
3.038037382066249847e-02
-3.440906060859560966e-03
-9.226733446121215820e-02
-3.158813714981079102e-02
2.129989489912986755e-02
-2.223981916904449463e-02
2.561553556006401777e-04
1.034655724652111530e-03
-1.972058787941932678e-02
3.533006086945533752e-02
-2.624092251062393188e-02
-9.202350676059722900e-02
4.096930846571922302e-02
4.327969998121261597e-02
-5.890081077814102173e-02
1.186415832489728928e-02
4.231484234333038330e-02
-1.536950189620256424e-02
-9.736694395542144775e-03
-1.365061150863766670e-03
-1.603694073855876923e-02
1.018435880541801453e-02
3.275420516729354858e-02
-1.747853495180606842e-02
-5.401655286550521851e-02
-6.250841915607452393e-02
-5.965384468436241150e-02
-2.135067433118820190e-02
-3.002292662858963013e-02
1.133759785443544388e-02
7.186886668205261230e-02
-4.350397363305091858e-02
-9.518078714609146118e-02
1.035491470247507095e-02
1.886390335857868195e-02
-8.402450010180473328e-03
8.029570430517196655e-02
1.446950137615203857e-01
5.439102277159690857e-02
-1.801648922264575958e-02
2.761993929743766785e-02
-2.403266727924346924e-02
-1.142195016145706177e-01
-4.356158524751663208e-02
-3.193982318043708801e-02
-1.114641129970550537e-01
-9.113948047161102295e-02
-1.271858066320419312e-01
-2.140991538763046265e-01
-1.393181681632995605e-01
2.351836413145065308e-01
8.158383369445800781e-01
8.169384598731994629e-01
1.522064208984375000e-01
-1.509177237749099731e-01
-7.812696695327758789e-02
-1.208930760622024536e-01
-1.133581176400184631e-01
-1.272797584533691406e-01
-1.756024360656738281e-01
-9.289709478616714478e-02
-1.500098407268524170e-01
-2.087281644344329834e-01
-3.801956027746200562e-02
-3.207453712821006775e-02
-1.529331505298614502e-01
-9.209564328193664551e-02
-3.179306536912918091e-02
-1.141045242547988892e-01
-1.247231587767601013e-01
-1.151570491492748260e-02
-1.579971611499786377e-02
-5.110400170087814331e-02
4.334180802106857300e-02
6.476490199565887451e-02
2.092701569199562073e-02
7.883813977241516113e-02
1.654355078935623169e-01
2.097033113241195679e-01
2.207177132368087769e-01
1.673279851675033569e-01
5.160589888691902161e-02
2.044956758618354797e-02
5.414380133152008057e-02
-2.835459634661674500e-02
-7.947061955928802490e-02
-3.012341633439064026e-02
-1.883235573768615723e-02
-6.509568076580762863e-03
-3.028794308193027973e-04
-7.913101464509963989e-03
-5.017606914043426514e-02
-1.052031219005584717e-01
-6.154023483395576477e-02
-2.222089096903800964e-02
2.821717178449034691e-03
2.514138072729110718e-02
-2.928650751709938049e-02
4.070656374096870422e-03
4.286338388919830322e-02
-4.991019889712333679e-02
-3.872596099972724915e-02
2.419640868902206421e-02
-2.633059583604335785e-02
-1.706350781023502350e-02
9.374933689832687378e-02
5.935248360037803650e-02
-8.210244029760360718e-02
-3.685105592012405396e-02
2.128332108259201050e-02
-5.615446716547012329e-02
-4.235989600419998169e-02
2.098569646477699280e-03
2.495894394814968109e-02
2.668368443846702576e-02
-5.971538275480270386e-02
-3.461891040205955505e-02
2.924386877566576004e-03
-1.021597757935523987e-01
-4.996331781148910522e-02
8.599415421485900879e-02
6.367360800504684448e-02
4.876955971121788025e-02
1.101499199867248535e-01
1.417377144098281860e-01
6.683243066072463989e-02
-4.648945853114128113e-02
-4.778784513473510742e-02
-2.750790119171142578e-02
-4.901089891791343689e-02
-3.757650405168533325e-02
-7.828264683485031128e-02
-1.646960675716400146e-01
-1.697615683078765869e-01
-1.608222573995590210e-01
-2.235714346170425415e-01
-8.910001069307327271e-02
5.170463323593139648e-01
9.417542815208435059e-01
5.022909045219421387e-01
-6.488490104675292969e-02
-1.212501302361488342e-01
-1.096698269248008728e-01
-1.618998497724533081e-01
-1.216169744729995728e-01
-1.042625606060028076e-01
-9.610786288976669312e-02
-1.235746517777442932e-01
-1.742711365222930908e-01
-9.225051850080490112e-02
-7.623376697301864624e-02
-1.396706998348236084e-01
-6.200211867690086365e-02
-5.150782316923141479e-02
-1.067897751927375793e-01
-1.874924078583717346e-02
4.455503448843955994e-02
-3.526017442345619202e-02
-6.606207042932510376e-02
3.494410961866378784e-02
3.334542736411094666e-02
-5.050863604992628098e-03
1.459954530000686646e-01
1.936432570219039917e-01
9.613251686096191406e-02
1.650113463401794434e-01
2.223350256681442261e-01
1.077489629387855530e-01
4.706869646906852722e-02
5.929027125239372253e-02
-6.136466749012470245e-03
-7.897083461284637451e-02
-7.962161302566528320e-02
-7.709315419197082520e-02
-7.888930290937423706e-02
-3.015330806374549866e-02
1.407435908913612366e-02
-1.405648514628410339e-02
-4.517369344830513000e-02
-7.933898270130157471e-02
-7.042533904314041138e-02
1.689036563038825989e-02
-2.570446953177452087e-02
-3.155735880136489868e-02
9.264732152223587036e-02
-2.528724819421768188e-02
-1.040085330605506897e-01
6.215471029281616211e-02
7.276586256921291351e-03
-1.093542277812957764e-01
1.464935252442955971e-03
1.010334789752960205e-01
5.428164452314376831e-02
-7.144363224506378174e-02
-4.061911627650260925e-02
7.510454207658767700e-02
5.171172786504030228e-03
-3.682383894920349121e-02
-4.706260282546281815e-03
-5.464533343911170959e-02
-6.951665971428155899e-03
7.905067503452301025e-02
2.285952214151620865e-03
-8.973616361618041992e-02
-6.439630687236785889e-02
4.322490468621253967e-02
9.772691130638122559e-02
5.113878101110458374e-02
6.936602294445037842e-02
1.131018400192260742e-01
5.399337038397789001e-02
-1.020858809351921082e-02
-3.047258965671062469e-02
-4.780368134379386902e-02
-9.340474754571914673e-02
-1.073175594210624695e-01
-3.532787039875984192e-02
-4.324746131896972656e-02
-1.169510781764984131e-01
-1.276317238807678223e-01
-2.367492169141769409e-01
-1.674111634492874146e-01
4.368249177932739258e-01
7.708820700645446777e-01
3.589802384376525879e-01
1.350539550185203552e-02
-1.634461432695388794e-02
-1.015955656766891479e-01
-1.513560116291046143e-01
-7.424205541610717773e-02
-8.698982000350952148e-02
-1.805253624916076660e-01
-1.081155687570571899e-01
-2.917337790131568909e-02
-6.081994995474815369e-02
-4.352377261966466904e-03
-7.319781184196472168e-02
-2.285797595977783203e-01
-1.072382926940917969e-01
7.771187927573919296e-03
-3.625303134322166443e-02
-1.210090145468711853e-02
-2.196983620524406433e-02
-2.762641198933124542e-02
7.168531417846679688e-02
1.129817496985197067e-02
-5.711267516016960144e-02
1.283277422189712524e-01
1.750217527151107788e-01
1.040627509355545044e-01
2.143180072307586670e-01
2.000673264265060425e-01
6.966843456029891968e-02
3.005250915884971619e-02
-3.483379632234573364e-02
-2.349214442074298859e-02
3.353985771536827087e-02
-3.406396508216857910e-02
-7.599040120840072632e-02
-4.923735558986663818e-02
-4.912721365690231323e-02
-2.224150486290454865e-02
1.846604794263839722e-02
-3.496426343917846680e-02
-8.499432355165481567e-02
-5.441877245903015137e-02
-7.454749196767807007e-02
-6.293708086013793945e-02
5.091199651360511780e-03
-2.788182720541954041e-02
-1.299479324370622635e-02
9.159075468778610229e-02
6.522012501955032349e-02
-2.277210541069507599e-02
1.098637934774160385e-02
1.432537846267223358e-02
-1.169196441769599915e-01
-7.549228519201278687e-02
1.035455614328384399e-01
6.985182315111160278e-02
-3.035221947357058525e-03
1.537067256867885590e-02
-4.446996375918388367e-02
-9.651458263397216797e-02
-4.699712619185447693e-02
1.019678916782140732e-02
6.962264887988567352e-03
1.820295676589012146e-02
7.719942927360534668e-02
3.748777881264686584e-02
-3.064766153693199158e-02
4.622570052742958069e-02
1.352137327194213867e-01
1.173475757241249084e-01
4.405307769775390625e-02
-4.224170930683612823e-03
-2.361629903316497803e-02
-1.072161719202995300e-01
-1.581494808197021484e-01
-7.394586503505706787e-02
-6.268384307622909546e-02
-1.076475679874420166e-01
-4.676204919815063477e-02
-1.319318711757659912e-01
-2.187102586030960083e-01
2.282022386789321899e-01
7.156683802604675293e-01
4.653705656528472900e-01
7.267949171364307404e-03
-2.520442754030227661e-02
-2.856457233428955078e-02
-1.209566667675971985e-01
-8.166071772575378418e-02
-1.316238194704055786e-01
-1.623116135597229004e-01
-4.690427705645561218e-02
-8.552869409322738647e-02
-1.139667332172393799e-01
-5.033849924802780151e-02
-1.275481730699539185e-01
-1.073454394936561584e-01
-8.627898991107940674e-03
-1.000773981213569641e-01
-1.092937812209129333e-01
1.769656129181385040e-02
-8.720451034605503082e-03
-3.680416569113731384e-02
4.277136921882629395e-02
1.807490363717079163e-02
1.036404399201273918e-03
1.008903384208679199e-01
1.247151046991348267e-01
1.532753407955169678e-01
2.228460460901260376e-01
1.529546529054641724e-01
9.329497069120407104e-02
9.759538620710372925e-02
9.666063822805881500e-03
-4.097570478916168213e-02
4.955805838108062744e-03
2.341974526643753052e-02
3.713769838213920593e-02
-2.280639111995697021e-02
-1.295994967222213745e-01
-6.467168033123016357e-02
-1.145003642886877060e-02
-9.329849481582641602e-02
-8.605343848466873169e-02
-2.320794016122817993e-02
3.700410574674606323e-02
6.345183402299880981e-02
-5.731965228915214539e-02
-1.082895398139953613e-01
-1.997352577745914459e-02
-2.127510495483875275e-02
-1.925336569547653198e-02
1.410805433988571167e-02
-2.021750807762145996e-02
1.852625980973243713e-02
4.740798100829124451e-02
-3.402680903673171997e-02
-3.686699271202087402e-02
-2.229107078164815903e-03
-2.814843878149986267e-02
-1.184416376054286957e-02
2.614419534802436829e-02
-5.503097549080848694e-03
-5.099828168749809265e-02
-2.203767187893390656e-02
6.322053261101245880e-03
-3.238226100802421570e-02
-3.434221819043159485e-02
3.184496611356735229e-02
7.888399809598922729e-02
6.402130424976348877e-02
4.674283042550086975e-02
5.605654790997505188e-02
7.029026746749877930e-02
7.798759639263153076e-02
-2.528424002230167389e-02
-9.483287483453750610e-02
-5.405590403825044632e-03
-3.489668667316436768e-02
-1.102741509675979614e-01
-7.739588618278503418e-02
-6.625830382108688354e-02
-6.751178950071334839e-02
-1.790179461240768433e-01
-2.251581996679306030e-01
2.018622905015945435e-01
7.053378820419311523e-01
6.864642500877380371e-01
2.744017839431762695e-01
-9.103097766637802124e-02
-1.420612782239913940e-01
-5.794554948806762695e-02
-1.474500298500061035e-01
-2.026503384113311768e-01
-9.618651866912841797e-02
-1.229899674654006958e-01
-1.617936342954635620e-01
-3.517407923936843872e-02
-9.597700834274291992e-02
-2.163578271865844727e-01
-6.181217357516288757e-02
-2.741032652556896210e-02
-1.252151280641555786e-01
-4.605389758944511414e-02
-1.897400245070457458e-02
-6.715764105319976807e-02
-6.735033541917800903e-02
-2.084031514823436737e-02
5.260052904486656189e-02
-8.698208257555961609e-03
-1.330642262473702431e-03
1.853772848844528198e-01
1.961007565259933472e-01
1.264026761054992676e-01
1.710909754037857056e-01
1.452923566102981567e-01
8.146266639232635498e-02
6.930973380804061890e-02
-5.751288030296564102e-03
-6.790132820606231689e-02
-6.868206895887851715e-03
1.818124391138553619e-02
-5.106687545776367188e-02
-6.612698733806610107e-02
-1.009838562458753586e-02
-5.049850791692733765e-03
-4.851845279335975647e-02
-2.958717383444309235e-02
-3.139366162940859795e-03
-3.593741357326507568e-02
-2.822418697178363800e-02
-9.976159781217575073e-04
-1.785333734005689621e-03
1.199266035109758377e-02
-1.717340014874935150e-02
-2.962536551058292389e-02
3.193455049768090248e-03
-2.788188681006431580e-02
2.075917087495326996e-02
7.009794563055038452e-02
-2.621061168611049652e-02
1.830386742949485779e-02
8.147524297237396240e-02
-3.895957022905349731e-02
-3.837913274765014648e-02
1.501728873699903488e-02
-5.103485658764839172e-02
-2.018975466489791870e-02
3.599227219820022583e-02
-3.579436615109443665e-02
-7.376530021429061890e-02
3.747341223061084747e-03
3.637580573558807373e-02
-7.834514230489730835e-02
-7.887990772724151611e-02
4.992564022541046143e-02
2.179013378918170929e-02
1.941939070820808411e-02
8.377297222614288330e-02
6.435494869947433472e-02
5.557537078857421875e-02
-4.960897844284772873e-03
-3.384561091661453247e-02
-1.761858724057674408e-02
-8.448430895805358887e-02
-8.459366112947463989e-02
-8.497396856546401978e-02
-8.519981801509857178e-02
-8.234852552413940430e-02
-2.121224701404571533e-01
-1.943149119615554810e-01
-5.396482720971107483e-02
2.936989367008209229e-01
8.428131341934204102e-01
6.196996569633483887e-01
-1.391889760270714760e-03
-9.656373411417007446e-03
3.206169931218028069e-03
-1.865897625684738159e-01
-1.685883849859237671e-01
-7.527221739292144775e-02
-5.100106075406074524e-02
-1.182712465524673462e-01
-1.459746807813644409e-01
-7.917232066392898560e-02
-1.208387389779090881e-01
-1.522553712129592896e-01
-4.833376407623291016e-02
-2.757432870566844940e-02
-8.145375549793243408e-02
-8.956653624773025513e-02
-8.326011896133422852e-02
-4.806088283658027649e-02
-3.318112343549728394e-02
-2.419744431972503662e-02
6.145684421062469482e-02
1.035720556974411011e-01
1.135465204715728760e-01
1.478434354066848755e-01
1.047816425561904907e-01
1.078090369701385498e-01
1.664880216121673584e-01
1.083796024322509766e-01
6.830572336912155151e-02
5.764083191752433777e-02
-2.324788272380828857e-02
-2.861733920872211456e-02
-2.671873429790139198e-03
-3.547368198633193970e-02
-6.674658507108688354e-02
-9.377783536911010742e-02
-2.653983607888221741e-02
3.308040276169776917e-02
-6.171945482492446899e-02
-4.543489962816238403e-02
6.653045862913131714e-02
7.897567935287952423e-03
-8.012809604406356812e-02
-7.284141331911087036e-02
-1.690003834664821625e-02
5.178357660770416260e-02
1.189166773110628128e-02
-7.416534423828125000e-02
-1.996410824358463287e-02
4.059064015746116638e-02
-4.050747305154800415e-02
-5.698748305439949036e-02
5.792352184653282166e-02
2.376447990536689758e-02
-1.002944856882095337e-01
-1.471432764083147049e-02
6.086014956235885620e-02
-2.922099456191062927e-02
-3.533289534971117973e-03
6.625991314649581909e-02
6.926789414137601852e-03
-2.647233195602893829e-02
-3.000601893290877342e-03
-2.299836836755275726e-02
-4.329332336783409119e-02
2.606059797108173370e-02
4.565418884158134460e-02
-5.502509698271751404e-02
-5.078961141407489777e-03
1.134852916002273560e-01
6.483343243598937988e-02
3.334328532218933105e-02
6.285406649112701416e-02
4.822606220841407776e-02
-7.004989776760339737e-03
-2.853636443614959717e-02
-5.034560337662696838e-03
-8.780255168676376343e-02
-1.353566497564315796e-01
-8.668988943099975586e-02
-1.422528922557830811e-01
-1.410657018423080444e-01
-1.041223630309104919e-01
-2.299637198448181152e-01
-1.030142605304718018e-01
5.617490410804748535e-01
9.358992576599121094e-01
4.049265682697296143e-01
-8.245981484651565552e-02
1.398976240307092667e-02
-1.988871954381465912e-02
-1.630310565233230591e-01
-9.387537091970443726e-02
-1.252104640007019043e-01
-1.802496612071990967e-01
-9.306276589632034302e-02
-7.932625710964202881e-02
-9.446176141500473022e-02
-9.275054931640625000e-02
-1.413056552410125732e-01
-1.262320429086685181e-01
-8.909318596124649048e-02
-9.199336916208267212e-02
-6.605790555477142334e-02
-6.442032009363174438e-02
-8.977577090263366699e-02
-3.838871419429779053e-02
6.961885839700698853e-02
8.935083448886871338e-02
2.728993259370326996e-02
3.878219798207283020e-02
1.001989170908927917e-01
1.635237187147140503e-01
2.246455401182174683e-01
1.783734112977981567e-01
1.112005412578582764e-01
9.159092605113983154e-02
-1.207673829048871994e-02
-8.573885262012481689e-02
-2.653359435498714447e-02
-2.019586600363254547e-02
-5.046238005161285400e-02
-4.812975414097309113e-03
-4.972779750823974609e-02
-1.141587719321250916e-01
-6.943552289158105850e-03
4.181834869086742401e-03
-1.008754223585128784e-01
-1.468300260603427887e-02
7.221086323261260986e-02
-1.160866394639015198e-02
-3.253962099552154541e-02
-2.357904613018035889e-02
-4.144319891929626465e-02
3.489153832197189331e-02
8.047953993082046509e-02
7.710027694702148438e-02
8.247881382703781128e-02
1.519220322370529175e-02
-1.966432854533195496e-02
2.339520864188671112e-02
2.616993337869644165e-02
-7.281896658241748810e-03
-1.106392499059438705e-02
4.155462980270385742e-02
6.288468092679977417e-02
-3.015360236167907715e-02
-1.016668081283569336e-01
-5.108392238616943359e-02
-1.677138358354568481e-02
-4.997486248612403870e-02
-1.429223176091909409e-02
1.537487469613552094e-02
-7.413325458765029907e-02
-9.936001896858215332e-02
-6.614889949560165405e-02
-6.084628775715827942e-02
2.334843203425407410e-02
6.860976666212081909e-02
5.200513452291488647e-02
8.149579167366027832e-02
3.379951417446136475e-02
-5.357701703906059265e-02
-6.495716422796249390e-02
-6.167610734701156616e-02
-1.043545454740524292e-01
-1.150053888559341431e-01
-2.743202447891235352e-02
-3.593116253614425659e-02
-1.434822678565979004e-01
-2.011978328227996826e-01
-1.269897967576980591e-01
4.003960788249969482e-01
8.976850509643554688e-01
5.515809655189514160e-01
1.935590989887714386e-02
-5.367663130164146423e-02
-4.113809391856193542e-02
-1.019187718629837036e-01
-1.328594237565994263e-01
-1.379925906658172607e-01
-1.146456971764564514e-01
-5.737127736210823059e-02
-2.921066805720329285e-02
-7.277432084083557129e-02
-1.246352195739746094e-01
-9.995290637016296387e-02
-4.360175505280494690e-02
-7.923649996519088745e-02
-9.116522222757339478e-02
-2.589850872755050659e-02
-6.404372304677963257e-02
-7.387164980173110962e-02
-1.371744205243885517e-03
-1.746527291834354401e-02
2.520321309566497803e-02
6.386727094650268555e-02
8.770721964538097382e-03
1.161268576979637146e-01
1.776918172836303711e-01
5.768745392560958862e-02
9.230507165193557739e-02
1.507743895053863525e-01
3.801825270056724548e-02
-2.374774776399135590e-02
-9.010665118694305420e-03
5.979378707706928253e-03
2.071790024638175964e-02
-9.918770194053649902e-02
-1.786189973354339600e-01
-1.669787429273128510e-02
7.303933799266815186e-02
2.399813383817672729e-02
4.129086621105670929e-03
-3.479894623160362244e-02
-4.705153405666351318e-02
-2.759457565844058990e-02
-3.357319533824920654e-02
-1.988361356779932976e-03
3.423665463924407959e-02
1.265663187950849533e-02
1.029943302273750305e-02
8.426268585026264191e-03
-4.467212781310081482e-02
-4.523650277405977249e-03
3.275532647967338562e-02
-2.692432515323162079e-02
3.236011043190956116e-02
2.906397171318531036e-02
-9.491921961307525635e-02
-4.234893992543220520e-02
3.665659204125404358e-02
9.912728331983089447e-03
-1.663659140467643738e-02
-1.099400222301483154e-02
2.114672679454088211e-03
-2.172189392149448395e-02
9.991914033889770508e-03
2.766207605600357056e-02
-6.654058396816253662e-02
-3.012378513813018799e-02
6.708663702011108398e-02
3.516642900649458170e-04
1.225277315825223923e-02
1.349783092737197876e-01
1.056666448712348938e-01
2.761510014533996582e-02
7.250648923218250275e-04
-3.511352092027664185e-02
-8.892647922039031982e-03
-2.529591508209705353e-02
-1.251889765262603760e-01
-1.308316886425018311e-01
-1.029409021139144897e-01
-9.674692898988723755e-02
-1.354369670152664185e-01
-2.167809158563613892e-01
3.352893143892288208e-02
5.879789590835571289e-01
7.112962007522583008e-01
2.959761917591094971e-01
-2.743298374116420746e-02
-1.075505241751670837e-01
-1.157727167010307312e-01
-6.948401033878326416e-02
-6.523157656192779541e-02
-1.035327762365341187e-01
-1.085066050291061401e-01
-1.335889250040054321e-01
-1.265808492898941040e-01
-9.268029779195785522e-02
-1.361925154924392700e-01
-9.912385791540145874e-02
-3.401530534029006958e-02
-9.939456731081008911e-02
-6.959001719951629639e-02
-2.933882176876068115e-02
-9.855720400810241699e-02
-6.123526021838188171e-02
-3.331103548407554626e-02
-3.097330965101718903e-02
7.471060007810592651e-02
7.829418778419494629e-02
8.568602800369262695e-02
1.774922609329223633e-01
1.177817955613136292e-01
1.490640044212341309e-01
2.197020649909973145e-01
7.594480365514755249e-02
7.429863512516021729e-02
9.576814621686935425e-02
-3.915652632713317871e-02
-4.166407138109207153e-02
-2.234266884624958038e-02
-3.251754119992256165e-02
-2.315668761730194092e-02
-6.892358511686325073e-02
-1.461438555270433426e-02
2.660365961492061615e-02
-6.892941147089004517e-02
-2.333911135792732239e-02
4.685247689485549927e-02
-4.265276715159416199e-02
-5.269888788461685181e-02
-8.112805895507335663e-03
1.563613489270210266e-02
4.531198367476463318e-02
-4.620754346251487732e-02
-4.762521386146545410e-02
5.656768754124641418e-02
-4.368907585740089417e-02
-9.509614109992980957e-02
-2.033265307545661926e-03
1.030061300843954086e-02
-1.404824107885360718e-02
-6.713169068098068237e-02
-5.444705858826637268e-02
3.519993275403976440e-02
4.277685284614562988e-02
-6.048328708857297897e-03
-8.157312124967575073e-02
-4.860421270132064819e-02
5.252762883901596069e-02
-1.357046887278556824e-02
-2.168356627225875854e-02
4.213894158601760864e-02
-2.421413362026214600e-02
-7.151203230023384094e-03
4.574738070368766785e-02
4.590880498290061951e-02
1.314840167760848999e-01
1.386755406856536865e-01
3.793696686625480652e-02
-2.668685652315616608e-02
-9.170906245708465576e-02
-8.027337491512298584e-02
-7.816115394234657288e-03
-4.682777076959609985e-02
-1.135691553354263306e-01
-1.110686212778091431e-01
-1.115601956844329834e-01
-1.718778312206268311e-01
-2.434487342834472656e-01
-4.441524390131235123e-03
6.115055680274963379e-01
8.279681801795959473e-01
3.330730497837066650e-01
-5.267195031046867371e-02
-4.246256500482559204e-02
-4.202092066407203674e-02
-8.144635707139968872e-02
-1.002795249223709106e-01
-1.534893214702606201e-01
-1.502831131219863892e-01
-4.327611997723579407e-02
-2.644681558012962341e-02
-1.071557402610778809e-01
-1.011568754911422729e-01
-1.319185495376586914e-01
-1.796077489852905273e-01
-1.085778921842575073e-01
-8.263281732797622681e-02
-5.426562950015068054e-02
3.022922202944755554e-02
-2.189799770712852478e-02
-1.191414296627044678e-01
-5.867882817983627319e-02
1.727895811200141907e-02
-2.316218055784702301e-02
3.158981725573539734e-02
1.848526000976562500e-01
2.140659391880035400e-01
1.542696654796600342e-01
1.004643067717552185e-01
1.186639070510864258e-01
1.105066090822219849e-01
8.916278602555394173e-05
-1.300614909268915653e-03
2.398002706468105316e-02
-2.063819952309131622e-02
1.285172533243894577e-02
1.137268915772438049e-02
-2.734124101698398590e-02
3.372572362422943115e-02
3.945820033550262451e-02
-5.071054026484489441e-02
-4.464342817664146423e-02
-9.964586235582828522e-03
-6.470579653978347778e-02
-4.398682340979576111e-02
3.423060476779937744e-02
-4.135856404900550842e-03
-3.280850499868392944e-02
-3.018817398697137833e-03
-3.156407549977302551e-02
-3.026853315532207489e-02
-6.232866086065769196e-03
-3.147885203361511230e-02
7.737013977020978928e-03
2.571607753634452820e-02
-6.385070830583572388e-02
-4.343883320689201355e-02
1.576322689652442932e-02
-4.425831511616706848e-02
-3.724788129329681396e-02
-1.191017404198646545e-02
-5.049806460738182068e-02
-1.148883812129497528e-02
4.663493949919939041e-03
2.340385224670171738e-03
3.665610402822494507e-02
-2.024064399302005768e-02
-2.026313170790672302e-02
-2.450533676892518997e-03
-5.691531300544738770e-02
6.428026407957077026e-02
1.591585129499435425e-01
9.258347004652023315e-02
9.591361880302429199e-02
5.505440756678581238e-02
-3.598753735423088074e-02
-5.048357322812080383e-02
-7.308278232812881470e-02
-8.464152365922927856e-02
-6.517074257135391235e-02
-1.050530895590782166e-01
-1.559347659349441528e-01
-1.349573135375976562e-01
-1.715223491191864014e-01
-1.388164758682250977e-01
3.561936020851135254e-01
8.534776568412780762e-01
5.994979143142700195e-01
2.405011281371116638e-02
-1.030735000967979431e-01
1.880155876278877258e-02
-7.737179100513458252e-02
-1.554339379072189331e-01
-7.540578395128250122e-02
-1.470955610275268555e-01
-1.761161237955093384e-01
-5.558748915791511536e-02
-1.259635537862777710e-01
-1.615023016929626465e-01
-2.799687348306179047e-02
-8.582186698913574219e-02
-1.643662899732589722e-01
-6.082560122013092041e-02
-5.028587207198143005e-02
-1.151969730854034424e-01
-1.103125214576721191e-01
-8.192421495914459229e-02
2.867915295064449310e-02
7.242256402969360352e-02
-4.999327659606933594e-02
3.242252022027969360e-02
2.397174090147018433e-01
1.780595481395721436e-01
8.878315240144729614e-02
1.835433393716812134e-01
1.716089099645614624e-01
5.694316327571868896e-02
5.827036499977111816e-02
3.764452412724494934e-02
-2.254801569506525993e-03
2.360295318067073822e-02
-4.363067075610160828e-02
-7.897200435400009155e-02
-1.627280004322528839e-02
-3.843581303954124451e-02
-4.313432425260543823e-02
-2.431513555347919464e-02
-3.849944099783897400e-02
-2.258253050968050957e-03
-7.037064060568809509e-03
-2.900606952607631683e-02
-1.478330604732036591e-02
-1.495358161628246307e-02
2.701115980744361877e-02
4.255722835659980774e-02
-2.252643927931785583e-02
-4.378145188093185425e-02
4.969679284840822220e-04
-7.499542552977800369e-03
-4.547667503356933594e-02
3.305356577038764954e-02
6.388153135776519775e-02
-3.836383670568466187e-02
-1.124779414385557175e-02
1.860803738236427307e-02
-4.930331930518150330e-02
-2.353120362386107445e-03
3.288623318076133728e-02
-2.828775718808174133e-02
-6.098566204309463501e-02
-5.797534808516502380e-02
-5.101042240858078003e-02
-4.199256747961044312e-02
-2.962206955999135971e-03
1.419019978493452072e-02
-1.496729906648397446e-02
4.129186738282442093e-03
4.256392270326614380e-02
2.394390478730201721e-02
6.180276721715927124e-02
1.324962377548217773e-01
7.725644856691360474e-02
2.569639869034290314e-02
-1.010670512914657593e-02
-9.483305364847183228e-02
-7.819786667823791504e-02
-9.526336938142776489e-02
-1.599173396825790405e-01
-6.744450330734252930e-02
-7.581278681755065918e-02
-2.356209903955459595e-01
-2.212723642587661743e-01
7.630389183759689331e-02
6.413490176200866699e-01
8.897680640220642090e-01
3.778283894062042236e-01
-5.669244006276130676e-02
-4.270556569099426270e-02
-1.008266881108283997e-01
-1.268995702266693115e-01
-9.013682603836059570e-02
-1.684736013412475586e-01
-1.356416791677474976e-01
-7.699950039386749268e-02
-1.228525713086128235e-01
-1.011063829064369202e-01
-7.191327959299087524e-02
-9.824364632368087769e-02
-1.016186177730560303e-01
-9.466175734996795654e-02
-9.293300658464431763e-02
-7.987729460000991821e-02
-1.024966612458229065e-01
-1.258402019739151001e-01
3.606235375627875328e-03
9.819224476814270020e-02
-2.987332642078399658e-03
-4.474830813705921173e-03
8.293725550174713135e-02
1.021696925163269043e-01
1.586522907018661499e-01
2.013190388679504395e-01
1.815057396888732910e-01
1.019633263349533081e-01
2.794905193150043488e-02
6.980609148740768433e-02
3.421730548143386841e-02
-5.313523113727569580e-02
-1.023863442242145538e-02
-4.231710731983184814e-02
-7.974797487258911133e-02
2.444695681333541870e-02
2.009339258074760437e-02
-4.940634965896606445e-02
-2.956794574856758118e-02
-2.272234112024307251e-02
-2.255780994892120361e-02
-6.476843729615211487e-03
1.534889917820692062e-02
3.761269897222518921e-02
-9.489636868238449097e-03
-5.537626892328262329e-02
-2.510223537683486938e-02
-2.542558684945106506e-02
-4.216594621539115906e-02
8.148713968694210052e-03
7.451261044479906559e-04
-1.842728257179260254e-02
2.329394593834877014e-02
-2.644548565149307251e-02
-3.363998979330062866e-02
1.854537427425384521e-02
-3.171474114060401917e-02
-2.466588467359542847e-02
3.124210052192211151e-02
2.130727469921112061e-02
-1.132087316364049911e-02
-5.977293848991394043e-02
-3.023588284850120544e-02
2.699273452162742615e-02
-1.710285432636737823e-02
-1.321322564035654068e-02
2.277320064604282379e-02
1.046400982886552811e-02
9.374820627272129059e-03
-3.400591388344764709e-02
2.315979078412055969e-02
1.461118310689926147e-01
8.738516271114349365e-02
5.888593941926956177e-02
7.608704268932342529e-02
-3.683588281273841858e-02
-7.212273776531219482e-02
-6.521296501159667969e-02
-1.236194297671318054e-01
-1.164039298892021179e-01
-1.189522594213485718e-01
-1.414399296045303345e-01
-1.583987623453140259e-01
-2.579266726970672607e-01
-1.562942415475845337e-01
4.338015317916870117e-01
9.350954294204711914e-01
6.326822042465209961e-01
5.127090588212013245e-02
-1.186279654502868652e-01
-1.188092604279518127e-01
-1.060834378004074097e-01
-9.488999098539352417e-02
-1.337467133998870850e-01
-9.362555295228958130e-02
-8.542378246784210205e-02
-1.057695299386978149e-01
-8.424935489892959595e-02
-1.467151194810867310e-01
-1.159100309014320374e-01
-7.025380432605743408e-02
-1.718806773424148560e-01
-8.721310645341873169e-02
8.448164910078048706e-03
-7.558337599039077759e-02
3.497741417959332466e-04
4.055281355977058411e-02
-3.973389416933059692e-02
1.243066042661666870e-02
1.085642073303461075e-02
3.707000985741615295e-02
1.749051660299301147e-01
1.821552664041519165e-01
1.905300021171569824e-01
1.675233989953994751e-01
2.987629547715187073e-02
3.459030762314796448e-02
7.054821401834487915e-02
1.972451619803905487e-02
-1.778934523463249207e-02
-7.885568588972091675e-02
-7.025785744190216064e-02
1.242213882505893707e-02
-4.714567679911851883e-03
-5.787713825702667236e-02
-2.479035407304763794e-02
-3.545353934168815613e-02
-1.041366904973983765e-01
-4.409917816519737244e-02
1.038583088666200638e-02
3.382551250979304314e-03
7.227934896945953369e-02
5.159026943147182465e-03
-1.033019647002220154e-01
-4.314065910875797272e-03
6.544060306623578072e-05
-5.486832931637763977e-02
8.269045501947402954e-02
8.003189414739608765e-02
-8.668705821037292480e-02
-2.961965650320053101e-02
4.821013659238815308e-02
-4.251691699028015137e-02
-6.537395063787698746e-03
5.080692470073699951e-02
-2.251559495925903320e-02
-9.252788498997688293e-03
-1.933050528168678284e-02
-3.555920347571372986e-02
7.677663862705230713e-02
6.505466531962156296e-03
-1.181992813944816589e-01
-2.758894581347703934e-03
4.884192347526550293e-02
-2.417933568358421326e-02
1.075911335647106171e-02
5.192001536488533020e-02
7.652176916599273682e-02
1.573236137628555298e-01
9.245233237743377686e-02
-2.702007070183753967e-02
-1.112778391689062119e-02
-6.564900279045104980e-02
-1.233656182885169983e-01
-6.039383262395858765e-02
-8.033579587936401367e-02
-1.396940350532531738e-01
-9.324754029512405396e-02
-6.750430911779403687e-02
-2.019906491041183472e-01
-2.070580869913101196e-01
2.811613976955413818e-01
7.702420949935913086e-01
5.875114202499389648e-01
7.563920319080352783e-02
-1.198787018656730652e-01
-7.741706818342208862e-02
-1.230110228061676025e-01
-1.451227962970733643e-01
-6.721917539834976196e-02
-1.155752241611480713e-01
-1.729292124509811401e-01
-5.723122507333755493e-02
-5.391171574592590332e-02
-1.590576469898223877e-01
-1.089312583208084106e-01
-5.939608439803123474e-02
-8.448899537324905396e-02
-5.315157026052474976e-02
-1.686756499111652374e-02
-1.861321181058883667e-02
-8.903262205421924591e-03
1.701117306947708130e-02
4.400830250233411789e-03
-3.849039226770401001e-02
2.437737956643104553e-02
1.694024801254272461e-01
1.508316099643707275e-01
8.425202220678329468e-02
1.862020343542098999e-01
1.645613759756088257e-01
7.403339445590972900e-02
1.572411805391311646e-01
6.308076530694961548e-02
-7.097510248422622681e-02
1.887338049709796906e-02
-2.486600168049335480e-02
-7.359980046749114990e-02
-1.283515524119138718e-02
-7.515322417020797729e-02
-6.692352890968322754e-02
1.208414137363433838e-02
-3.576700016856193542e-02
-8.623185753822326660e-02
-2.402359247207641602e-02
3.058036603033542633e-02
-3.959519788622856140e-02
-5.656446143984794617e-02
-4.122061363887041807e-04
-4.000172764062881470e-02
-3.912109881639480591e-02
9.124671109020709991e-03
-1.068911235779523849e-02
-1.234796270728111267e-02
-8.991028182208538055e-03
-1.194299198687076569e-02
-3.518983721733093262e-03
-2.023333124816417694e-02
-1.033350825309753418e-02
-2.632305584847927094e-02
-3.592289984226226807e-02
1.792171783745288849e-02
-1.786841452121734619e-02
-3.890407457947731018e-02
-2.749863313511013985e-03
-2.799140103161334991e-02
2.639624848961830139e-02
6.824421882629394531e-02
-3.717118501663208008e-02
-2.300041541457176208e-02
6.683568656444549561e-02
6.819890695624053478e-04
1.619097776710987091e-02
1.117758378386497498e-01
9.324645996093750000e-02
1.126565411686897278e-01
5.576330423355102539e-02
-8.671941608190536499e-02
-7.745327055454254150e-02
-6.498077511787414551e-02
-8.812752366065979004e-02
-5.025112628936767578e-02
-3.609067201614379883e-02
-7.123342901468276978e-02
-9.347924590110778809e-02
-1.505694538354873657e-01
-1.765030473470687866e-01
2.854472398757934570e-01
8.711520433425903320e-01
5.995661616325378418e-01
4.431446641683578491e-02
1.284917816519737244e-02
-2.235872484743595123e-02
-1.807232648134231567e-01
-1.868320405483245850e-01
-1.863865107297897339e-01
-1.173628792166709900e-01
-6.567164510488510132e-02
-1.747063547372817993e-01
-1.673330068588256836e-01
-8.453363180160522461e-02
-1.232385486364364624e-01
-1.619864255189895630e-01
-1.310781389474868774e-01
-1.032283902168273926e-01
-1.200306117534637451e-01
-8.101826906204223633e-02
-3.999673575162887573e-02
-6.615538895130157471e-02
2.198993973433971405e-02
8.371774852275848389e-02
1.388895418494939804e-02
5.614312738180160522e-02
1.407243311405181885e-01
1.486268490552902222e-01
1.623798906803131104e-01
2.053481340408325195e-01
2.287548035383224487e-01
1.299753040075302124e-01
1.263808365911245346e-02
5.671702325344085693e-03
-1.402852777391672134e-02
-2.936686761677265167e-02
2.041993662714958191e-02
2.900022268295288086e-02
-1.670995727181434631e-02
-3.583220019936561584e-02
-1.852502929978072643e-03
-1.480739563703536987e-02
-6.277488172054290771e-02
-3.338513663038611412e-03
4.301036894321441650e-02
-2.830293402075767517e-02
-6.603131443262100220e-02
-3.342150896787643433e-02
-1.147470809519290924e-02
-3.540867567062377930e-02
-6.147509068250656128e-02
1.450341660529375076e-02
4.544235020875930786e-02
-7.609234750270843506e-02
-5.057263001799583435e-02
6.812541186809539795e-02
-6.561774760484695435e-03
-5.115604028105735779e-02
1.500241737812757492e-02
-2.475313283503055573e-02
-3.154723346233367920e-02
6.303305923938751221e-02
4.564134031534194946e-02
-3.455501422286033630e-02
-3.821223601698875427e-02
-3.919232636690139771e-02
-8.391130715608596802e-02
-7.458729296922683716e-02
7.696690037846565247e-03
2.544007450342178345e-02
-1.398339308798313141e-02
2.710769511759281158e-02
5.097568035125732422e-02
-2.905778773128986359e-02
1.168567687273025513e-02
1.163762435317039490e-01
4.345673695206642151e-02
-4.285746067762374878e-02
-5.739137157797813416e-02
-4.717947542667388916e-02
-6.274920701980590820e-02
-1.561187058687210083e-01
-8.831514418125152588e-02
1.543672475963830948e-02
-1.221602782607078552e-01
-2.279089093208312988e-01
-5.569359660148620605e-02
4.799512028694152832e-01
9.146528244018554688e-01
5.437898039817810059e-01
-4.839539527893066406e-03
-2.634424343705177307e-02
-4.108352120965719223e-03
-1.094637066125869751e-01
-1.650636941194534302e-01
-1.883383691310882568e-01
-1.070525273680686951e-01
-8.325258642435073853e-02
-1.430226564407348633e-01
-6.989479064941406250e-02
-6.616146117448806763e-02
-1.694621592760086060e-01
-1.209531053900718689e-01
-9.234669059514999390e-02
-1.447958797216415405e-01
-9.419734030961990356e-02
-6.761967390775680542e-02
-7.011054456233978271e-02
-1.582089439034461975e-02
5.292980466037988663e-03
2.584833465516567230e-02
2.304018661379814148e-02
-7.260571233928203583e-03
8.576013147830963135e-02
1.967433393001556396e-01
1.950405240058898926e-01
1.721781939268112183e-01
1.088649928569793701e-01
6.161040067672729492e-02
7.447528094053268433e-02
-9.585745632648468018e-03
-4.017128422856330872e-02
3.400173038244247437e-02
-1.898741535842418671e-02
-5.626323819160461426e-02
-1.684625749476253986e-03
-4.775129258632659912e-03
-3.872064501047134399e-02
-5.142578110098838806e-02
-9.688686579465866089e-03
1.348027028143405914e-02
-4.764781892299652100e-02
-1.933750137686729431e-02
6.414005905389785767e-02
-8.206977508962154388e-04
-6.342749297618865967e-02
-2.393686398863792419e-02
-4.749145358800888062e-02
-6.657349318265914917e-02
1.745192334055900574e-02
4.333845525979995728e-02
1.781691797077655792e-02
5.936226248741149902e-02
9.253439493477344513e-03
-9.936781972646713257e-02
-2.746444568037986755e-02
5.128883570432662964e-02
-1.411943323910236359e-02
-1.062474958598613739e-02
5.190562829375267029e-02
1.695264945738017559e-03
-3.670012578368186951e-02
4.259456414729356766e-03
-1.710524037480354309e-02
-5.508696287870407104e-02
-2.564200386404991150e-02
-1.466517709195613861e-02
-6.636197119951248169e-02
-4.503659158945083618e-02
8.322678506374359131e-02
1.158019527792930603e-01
4.309449344873428345e-02
6.835090368986129761e-02
1.006990298628807068e-01
8.173584938049316406e-03
-3.104272857308387756e-02
-3.501961752772331238e-02
-1.102234497666358948e-01
-7.825368642807006836e-02
2.241747220978140831e-03
