51
51
53
48
44
35
29
32
30
25
27
30
27
23
23
27
25
22
21
28
27
24
26
24
30
25
20
21
24
28
25
22
21
19
30
26
23
22
22
14
21
30
22
21
25
25
25
22
24
18
22
30
31
25
29
30
29
24
36
37
37
36
35
40
37
33
37
36
31
33
35
36
35
32
35
35
31
38
37
31
28
30
38
30
29
32
34
33
34
33
32
33
37
36
32
32
28
28
33
35
30
32
37
33
28
35
35
34
33
37
35
29
33
31
33
33
35
36
29
36
34
31
35
35
34
36
37
37
36
42
38
36
40
36
30
33
40
40
38
40
40
42
41
38
36
35
35
40
37
37
30
27
40
41
37
38
40
35
35
38
37
41
36
35
46
47
49
50
52
53
56
65
69
71
73
80
80
87
83
72
70
80
76
74
80
72
72
80
81
77
73
71
63
60
61
58
52
50
49
44
47
51
53
48
44
51
53
58
51
53
55
54
48
42
47
50
46
51
57
54
54
58
55
48
51
60
56
57
60
61
56
57
65
65
61
54
59
64
64
60
58
69
73
74
68
72
63
54
51
49
34
28
33
27
11
4
-8
-10
-24
-36
-47
-53
-57
-59
-63
-63
-66
-78
-80
-84
-84
-90
-95
-98
-93
-83
-81
-83
-88
-95
-95
-88
-89
-87
-81
-69
-64
-67
-62
-66
-72
-80
-83
-78
-86
-91
-95
-101
-114
-128
-129
-133
-136
-141
-144
-147
-149
-147
-145
-141
-141
-138
-143
-136
-130
-127
-117
-110
-101
-97
-101
-104
-99
-100
-97
-89
-80
-84
-90
-88
-86
-92
-95
-105
-116
-126
-131
-138
-142
-145
-144
-152
-152
-152
-156
-157
-165
-168
-157
-164
-167
-160
-160
-163
-170
-158
-154
-160
-154
-148
-153
-141
-137
-141
-127
-127
-121
-121
-129
-132
-127
-130
-134
-134
-140
-141
-148
-144
-140
-144
-149
-154
-147
-156
-159
-169
-182
-176
-182
-192
-192
-186
-188
-192
-193
-186
-187
-198
-189
-188
-187
-185
-186
-197
-199
-192
-199
-207
-207
-207
-205
-209
-218
-220
-219
-217
-222
-225
-228
-234
-237
-235
-239
-235
-237
-240
-248
-253
-248
-253
-247
-245
-241
-245
-252
-241
-231
-236
-236
-233
-231
-236
-232
-225
-229
-232
-229
-220
-220
-224
-223
-222
-223
-219
-220
-217
-209
-207
-210
-207
-204
-207
-206
-205
-207
-204
-195
-198
-198
-193
-196
-196
-193
-192
-190
-191
-194
-189
-184
-187
-188
-194
-192
-185
-183
-182
-186
-186
-186
-187
-189
-180
-174
-182
-185
-177
-181
-185
-180
-170
-176
-170
-165
-170
-173
-169
-170
-169
-167
-164
-163
-168
-169
-172
-170
-163
-164
-169
-175
-176
-171
-168
-171
-175
-175
-172
-175
-176
-171
-171
-179
-179
-175
-180
-182
-179
-175
-173
-176
-176
-171
-172
-167
-167
-172
-167
-168
-159
-146
-142
-143
-135
-126
-120
-116
-110
-105
-99
-105
-103
-97
-100
-102
-98
-99
-101
-101
-105
-103
-104
-108
-107
-115
-118
-126
-125
-126
-129
-141
-136
-134
-131
-138
-140
-141
-148
-146
-140
-136
-141
-145
-146
-146
-144
-144
-144
-145
-146
-146
-146
-148
-150
-149
-149
-155
-155
-151
-150
-153
-156
-161
-160
-155
-155
-158
-156
-149
-150
-149
-146
-147
-145
-145
-140
-148
-137
-131
-135
-136
-136
-125
-132
-129
-128
-130
-132
-131
-124
-126
-131
-134
-133
-130
-132
-141
-132
-128
-126
-135
-135
-128
-132
-133
-131
-135
-132
-129
-125
-121
-128
-131
-124
-121
-126
-125
-121
-125
-128
-128
-130
-134
-125
-123
-127
-128
-124
-125
-123
-117
-118
-123
-127
-110
-110
-113
-106
-101
-97
-95
-96
-98
-91
-81
-81
-80
-80
-83
-84
-76
-69
-69
-74
-69
-70
-64
-68
-67
-76
-72
-62
-63
-72
-73
-79
-69
-61
-67
-67
-65
-80
-76
-77
-78
-78
-75
-78
-88
-83
-87
-98
-100
-102
-105
-107
-106
-107
-109
-118
-118
-114
-118
-124
-125
-117
-117
-125
-119
-110
-108
-108
-102
-100
-108
-112
-114
-106
-102
-105
-107
-111
-119
-119
-113
-117
-121
-123
-125
-133
-135
-133
-135
-137
-143
-144
-140
-146
-141
-140
-148
-151
-147
-146
-151
-150
-157
-158
-154
-148
-152
-155
-159
-164
-165
-154
-159
-166
-168
-168
-164
-154
-161
-169
-176
-177
-179
-182
-181
-186
-185
-195
-201
-205
-199
-199
-205
-213
-221
-220
-220
-226
-226
-222
-227
-222
-214
-221
-224
-221
-216
-223
-225
-225
-220
-225
-226
-221
-219
-219
-226
-226
-225
-227
-212
-218
-221
-214
-209
-209
-210
-209
-203
-201
-209
-209
-208
-207
-207
-198
-203
-199
-195
-200
-209
-205
-200
-205
-205
-193
-192
-199
-200
-198
-197
-193
-188
-191
-197
-196
-201
-196
-190
-191
-195
-194
-192
-196
-189
-186
-200
-204
-199
-194
-188
-185
-192
-189
-185
-188
-190
-191
-185
-192
-195
-185
-182
-181
-179
-186
-179
-177
-172
-177
-183
-182
-181
-182
-180
-184
-186
-186
-187
-187
-192
-186
-189
-196
-196
-191
-189
-195
-196
-192
-199
-200
-195
-187
-185
-187
-190
-186
-183
-171
-171
-172
-159
-164
-166
-149
-149
-156
-152
-155
-155
-158
-157
-155
-158
-155
-156
-158
-160
-168
-163
-167
-174
-176
-175
-171
-176
-178
-183
-184
-183
-184
-176
-174
-176
-183
-178
-175
-181
-181
-184
-184
-180
-174
-179
-177
-175
-171
-180
-182
-172
-170
-176
-179
-177
-173
-176
-176
-176
-178
-170
-173
-171
-165
-167
-170
-170
-171
-164
-167
-170
-167
-164
-163
-159
-161
-153
-153
-154
-155
-147
-148
-153
-153
-149
-148
-148
-152
-151
-150
-156
-150
-143
-150
-150
-150
-150
-147
-143
-141
-149
-150
-140
-141
-142
-143
-141
-138
-132
-130
-127
-132
-135
-129
-120
-118
-121
-121
-119
-115
-114
-117
-109
-105
-110
-108
-105
-108
-102
-99
-101
-98
-94
-90
-86
-84
-87
-81
-83
-80
-81
-80
-76
-73
-71
-72
-70
-69
-68
-65
-66
-60
-65
-61
-57
-62
-67
-58
-54
-56
-59
-58
-59
-62
-57
-47
-51
-58
-51
-45
-47
-55
-61
-57
-57
-63
-60
-58
-59
-61
-59
-69
-72
-71
-68
-71
-68
-69
-71
-78
-73
-64
-70
-70
-64
-64
-59
-48
-47
-38
-34
-30
-35
-34
-35
-36
-39
-45
-43
-29
-38
-38
-43
-40
-37
-45
-51
-50
-52
-56
-54
-64
-79
-75
-63
-67
-76
-75
-77
-79
-81
-76
-68
-67
-75
-77
-76
-78
-79
-80
-80
-81
-85
-85
-86
-95
-84
-76
-78
-87
-78
-79
-83
-78
-76
-75
-77
-79
-81
-77
-77
-80
-78
-83
-84
-78
-70
-72
-72
-73
-68
-72
-68
-69
-73
-75
-71
-63
-66
-79
-79
-73
-70
-77
-73
-70
-73
-77
-75
-74
-83
-79
-75
-76
-70
-70
-70
-73
-73
-76
-75
-74
-76
-75
-68
-70
-77
-77
-79
-75
-74
-73
-72
-76
-77
-80
-86
-77
-75
-81
-80
-81
-81
-78
-73
-70
-73
-75
-77
-75
-73
-70
-68
-69
-74
-74
-76
-72
-74
-74
-68
-69
-72
-73
-68
-64
-67
-75
-70
-66
-68
-65
-66
-64
-64
-69
-73
-63
-60
-65
-66
-70
-71
-62
-67
-64
-62
-70
-70
-65
-62
-65
-71
-71
-62
-63
-65
-67
-69
-66
-66
-69
-68
-64
-64
-62
-60
-60
-67
-60
-46
-47
-48
-46
-45
-37
-40
-36
-29
-27
-27
-27
-28
-33
-38
-29
-30
-37
-34
-34
-32
-31
-33
-39
-49
-53
-49
-52
-56
-51
-54
-60
-65
-63
-71
-71
-71
-78
-76
-71
-74
-75
-72
-70
-70
-72
-69
-70
-74
-74
-75
-70
-66
-68
-70
-69
-70
-61
-59
-66
-67
-68
-67
-62
-63
-62
-65
-64
-65
-66
-68
-74
-70
-68
-63
-67
-70
-70
-65
-62
-58
-57
-61
-65
-67
-66
-62
-65
-66
-68
-70
-71
-71
-70
-71
-72
-70
-69
-71
-70
-73
-67
-70
-73
-72
-75
-71
-71
-63
-65
-70
-68
-66
-66
-59
-69
-69
-70
-70
-71
-64
-66
-72
-66
-69
-68
-72
-77
-72
-70
-71
-70
-77
-78
-79
-74
-73
-78
-79
-71
-70
-74
-80
-75
-79
-79
-77
-79
-80
-76
-79
-85
-86
-83
-78
-77
-78
-75
-89
-88
-76
-79
-89
-79
-80
-90
-83
-85
-88
-83
-91
-91
-84
-88
-91
-89
-93
-90
-93
-89
-84
-86
-90
-89
-91
-88
-86
-84
-79
-83
-83
-76
-78
-80
-72
-71
-72
-67
-60
-62
-62
-54
-52
-48
-45
-40
-45
-51
-40
-38
-46
-48
-48
-43
-40
-45
-39
-41
-43
-44
-49
-51
-54
-51
-55
-59
-62
-61
-61
-61
-62
-60
-62
-61
-57
-64
-66
-61
-61
-56
-56
-58
-67
-68
-64
-67
-70
-67
-68
-69
-71
-73
-73
-75
-79
-83
-81
-75
-72
-75
-76
-73
-76
-78
-77
-78
-69
-72
-74
-71
-72
-71
-68
-72
-67
-69
-64
-65
-67
-66
-66
-60
-63
-61
-63
-70
-63
-59
-62
-66
-64
-64
-64
-66
-67
-67
-63
-61
-62
-59
-56
-59
-62
-63
-64
-59
-57
-59
-61
-56
-62
-63
-59
-54
-58
-66
-64
-63
-65
-63
-63
-60
-61
-63
-62
-67
-67
-65
-62
-64
-61
-64
-69
-62
-61
-66
-64
-61
-66
-65
-59
-63
-63
-65
-65
-61
-67
-66
-64
-66
-64
-62
-60
-58
-63
-57
-50
-54
-60
-56
-53
-58
-57
-52
-53
-57
-55
-52
-52
-58
-55
-55
-53
-51
-59
-59
-58
-53
-54
-57
-51
-51
-55
-59
-54
-47
-48
-55
-52
-53
-53
-52
-44
-41
-39
-36
-30
-25
-23
-20
-17
-19
-15
-12
-13
-14
-16
-13
-13
-17
-15
-14
-17
-20
-17
-22
-22
-20
-25
-29
-32
-32
-38
-36
-37
-43
-39
-46
-45
-41
-40
-43
-43
-40
-43
-44
-46
-45
-39
-38
-43
-40
-46
-47
-39
-39
-39
-39
-41
-37
-38
-37
-36
-37
-40
-44
-44
-37
-37
-36
-35
-37
-36
-34
-39
-47
-46
-35
-39
-37
-32
-32
-33
-35
-34
-32
-27
-24
-23
-27
-31
-30
-36
-31
-22
-21
-23
-27
-24
-21
-29
-32
-29
-28
-27
-26
-20
-27
-28
-30
-28
-24
-28
-31
-32
-26
-23
-24
-24
-17
-21
-18
-21
-30
-20
-23
-26
-26
-20
-20
-22
-24
-22
-22
-20
-24
-27
-21
-21
-20
-16
-16
-20
-19
-19
-21
-20
-21
-18
-18
-20
-17
-15
-14
-18
-20
-16
-11
-11
-17
-18
-16
-16
-17
-19
-12
-15
-8
-9
-11
-13
-10
-14
-14
-12
-5
-5
-9
-15
-15
-17
-13
-13
-15
-14
-10
-11
-17
-9
-8
-16
-11
-12
-11
-12
-11
-14
-15
-11
-5
1
3
4
2
9
14
12
16
23
22
24
24
24
20
19
20
21
17
16
18
17
13
12
17
10
7
7
2
-4
-10
-6
-4
-5
-11
-15
-14
-10
-11
-8
-8
-14
-14
-15
-12
-9
-6
-8
-12
-12
-14
-9
-8
-13
-11
-13
-10
-11
-14
-10
-11
-9
-11
-11
-12
-14
-8
-5
-12
-15
-9
-8
-7
-11
-15
-13
-7
-7
-6
-9
-9
-8
-5
1
1
6
0
1
2
5
5
4
4
3
4
-1
-1
-1
-3
-1
0
5
-1
-7
1
3
0
-3
-6
-3
3
-1
-4
3
4
8
3
0
4
-3
-4
4
1
0
-1
2
3
1
2
3
6
4
0
2
2
4
5
6
2
1
2
0
4
5
7
6
5
6
8
5
2
12
11
5
4
6
14
4
1
4
8
10
12
12
10
10
10
10
14
15
11
11
16
12
6
6
6
3
4
9
8
6
7
5
8
12
8
5
5
6
11
13
9
8
11
18
19
21
23
25
31
37
38
41
43
41
42
44
42
36
36
40
38
36
41
44
40
33
38
33
33
32
24
16
14
19
10
10
11
13
11
10
12
9
10
12
14
11
9
9
10
12
12
13
12
12
11
8
12
7
8
12
10
8
9
11
9
10
12
18
12
12
8
5
4
12
13
9
9
8
6
10
14
13
13
20
20
19
14
21
27
26
21
22
17
16
26
22
17
17
22
18
17
20
22
16
16
17
17
18
20
18
17
16
17
19
21
15
12
19
19
20
21
19
18
14
16
23
21
17
14
14
13
18
20
18
20
19
15
16
20
24
26
19
13
16
11
18
22
23
23
19
19
21
18
18
22
24
26
22
18
16
19
22
21
17
23
26
23
23
20
20
26
22
21
21
23
26
22
20
20
16
15
20
24
27
24
18
21
18
23
23
22
23
20
18
20
24
23
29
34
30
32
40
44
45
44
47
53
53
53
56
56
55
52
48
51
51
47
46
46
48
46
43
41
38
32
26
25
27
26
28
23
19
20
20
21
25
26
24
22
21
22
20
27
26
19
18
17
24
24
17
18
21
22
24
21
18
19
22
20
20
25
26
23
20
19
25
20
18
19
19
15
17
24
24
24
23
17
17
28
30
27
28
30
33
31
29
28
28
26
26
25
29
27
28
25
22
27
28
26
25
25
25
25
24
27
24
24
21
26
27
21
23
27
26
22
22
24
26
24
26
24
23
29
23
22
19
23
29
22
24
26
24
26
26
18
22
28
25
20
21
16
26
25
23
23
24
25
24
26
23
24
25
26
27
25
21
23
27
30
26
22
27
27
26
25
22
22
24
27
22
24
25
19
19
19
23
20
21
26
23
21
24
24
16
23
28
27
24
22
23
26
26
27
35
41
47
43
41
48
55
56
57
54
51
52
53
53
51
49
49
45
46
54
45
43
43
36
35
29
25
23
21
23
19
21
19
21
19
20
22
18
23
25
23
18
15
14
16
21
24
18
20
21
16
20
21
20
19
18
16
21
23
19
14
17
23
16
18
16
14
18
21
17
15
20
19
19
17
17
23
21
22
22
24
30
27
20
21
26
28
25
25
26
25
25
26
28
21
24
27
24
21
22
25
27
21
19
20
22
21
17
18
16
21
24
23
25
20
24
23
20
23
21
23
24
23
21
22
22
21
22
25
22
20
20
19
21
19
16
21
21
22
25
24
18
21
30
25
23
19
23
26
23
25
21
21
25
24
22
21
23
20
22
25
28
30
29
24
23
30
25
20
23
23
21
19
22
16
19
17
15
21
21
19
19
22
21
17
23
24
25
24
25
26
29
26
31
38
43
41
42
45
51
52
50
46
47
53
54
47
44
45
46
44
44
43
43
40
42
41
31
27
25
24
22
19
15
18
19
17
17
15
16
18
18
15
17
21
21
16
14
18
17
18
20
19
15
14
12
18
19
16
15
14
15
14
20
17
14
17
16
14
13
17
12
13
17
18
11
15
17
21
21
20
20
22
24
22
19
26
24
19
22
26
26
26
24
17
17
20
23
25
22
22
21
17
19
23
21
19
21
18
21
19
18
24
24
20
17
15
16
19
21
20
26
25
14
17
15
19
21
23
20
19
18
20
14
20
24
19
18
21
23
23
24
20
26
19
20
19
17
18
22
22
21
16
23
29
23
22
24
28
27
24
18
19
22
26
24
24
20
21
22
18
24
27
25
20
14
19
19
20
26
24
22
16
17
23
22
20
17
20
23
20
20
23
22
25
29
29
36
41
45
47
50
50
49
52
57
57
50
50
48
54
52
53
48
46
42
43
43
45
45
44
36
25
22
26
22
28
26
24
22
20
15
19
18
19
22
17
17
18
17
24
26
19
24
22
18
22
22
19
22
23
19
18
19
22
19
20
18
19
20
19
14
23
22
14
21
24
21
20
17
15
20
21
25
24
24
27
23
25
27
29
33
32
31
29
30
26
21
29
27
19
22
26
27
24
28
31
25
23
19
25
24
25
24
28
30
25
23
27
24
23
24
23
28
27
25
30
25
20
20
24
29
26
26
30
26
24
23
25
27
26
26
26
21
25
31
23
25
23
20
23
29
24
27
32
29
26
30
29
23
26
27
23
24
26
32
33
26
26
28
21
23
30
32
29
27
24
23
25
25
23
23
23
23
25
27
25
23
24
21
23
26
27
27
22
22
28
32
35
40
37
37
44
47
47
49
54
62
60
56
57
59
62
56
55
54
50
56
53
51
52
49
47
41
32
36
38
32
31
30
28
23
18
23
25
30
24
24
28
28
30
26
23
25
23
25
24
22
24
22
22
25
24
25
23
24
25
21
23
27
31
28
22
21
27
29
24
17
22
28
27
23
23
28
27
28
25
27
32
27
31
36
34
35
34
36
40
36
33
35
36
30
31
33
31
32
33
31
31
31
26
31
35
32
37
33
32
30
31
31
29
33
34
31
31
34
30
32
28
30
34
30
31
36
36
32
33
33
35
38
30
29
31
33
32
32
32
33
34
28
26
35
36
32
37
36
35
36
35
38
41
41
36
35
34
35
37
36
41
37
32
33
34
35
38
36
35
33
43
41
36
32
40
35
33
37
33
27
36
40
33
32
34
36
30
29
40
40
35
37
38
43
47
50
49
52
56
58
60
59
63
60
59
65
68
66
62
65
62
56
56
56
54
51
59
63
62
50
44
40
42
38
36
40
42
38
34
34
37
38
32
27
30
40
37
36
38
41
36
35
37
43
40
36
33
33
33
31
33
41
40
34
35
37
35
37
34
35
31
35
40
35
34
37
37
37
32
40
43
44
38
35
38
46
45
42
45
46
44
45
47
50
45
41
42
46
45
41
38
42
42
42
40
36
44
45
40
42
42
41
42
41
41
37
44
46
43
35
40
36
41
40
43
42
41
41
41
43
42
41
42
42
44
42
38
44
38
42
46
43
40
42
45
44
34
41
40
41
45
43
42
41
45
51
51
43
35
40
42
44
45
43
45
45
50
46
43
43
47
49
48
41
38
37
38
46
44
40
42
42
36
38
42
45
41
36
38
42
44
48
46
44
46
52
51
51
52
60
62
64
67
69
67
70
72
74
75
70
65
68
68
65
68
68
67
65
64
59
57
53
53
49
42
42
45
45
38
37
40
41
45
41
40
41
46
43
38
40
37
38
37
34
38
36
38
42
40
36
33
41
44
37
37
40
40
38
37
38
38
38
35
37
42
38
43
35
35
41
38
40
38
38
40
46
45
49
51
49
46
47
44
46
50
44
44
42
44
46
48
45
47
47
44
42
45
42
38
42
43
43
42
45
42
37
40
40
46
46
40
42
38
43
42
41
38
41
43
38
46
45
47
47
42
38
44
44
46
41
42
41
40
38
42
42
40
36
37
45
46
43
43
44
43
47
45
47
43
40
44
43
40
47
48
48
48
43
45
47
46
43
46
45
43
43
40
38
38
43
45
41
43
41
44
40
38
40
38
41
44
42
43
41
36
38
49
53
47
44
47
48
56
60
63
65
64
69
72
73
72
69
65
70
69
65
66
63
65
63
62
59
59
61
58
52
46
38
38
40
37
42
44
41
34
38
42
33
33
33
37
37
36
33
37
35
34
36
34
36
34
35
38
35
34
29
31
36
36
33
29
42
40
34
34
33
30
34
36
34
31
32
34
30
31
32
36
34
38
42
44
43
38
42
47
43
38
44
43
45
41
36
42
40
37
41
40
43
45
36
29
36
45
40
40
45
41
35
37
36
37
40
35
35
40
40
38
34
34
36
40
31
34
37
38
37
34
42
41
34
34
36
38
36
34
38
42
42
38
33
34
37
31
31
33
38
35
38
41
40
37
41
34
38
45
42
34
34
36
42
42
40
33
37
40
41
40
36
35
41
38
36
33
33
34
31
36
36
37
34
33
35
36
35
34
35
40
37
33
36
34
35
37
46
48
46
50
56
63
61
63
63
72
70
67
63
65
66
61
60
64
59
61
61
60
59
60
59
51
44
44
46
41
37
38
36
34
32
33
38
34
34
33
31
32
33
34
35
34
33
29
32
33
33
32
35
34
34
32
25
29
36
35
36
33
29
30
33
33
33
30
31
30
27
30
31
29
34
33
40
42
37
34
34
31
36
42
44
41
38
38
44
44
45
44
43
45
37
41
45
40
34
38
37
38
40
40
37
36
41
37
38
41
38
36
33
35
37
42
43
35
33
37
41
40
38
30
33
38
37
41
42
36
35
38
35
37
41
41
43
33
31
43
47
38
37
37
35
42
38
40
36
35
40
47
47
37
36
38
42
44
43
40
43
46
42
38
40
34
36
41
47
45
38
37
40
42
44
40
29
34
37
37
36
34
37
38
43
40
35
40
40
37
40
40
44
45
45
50
56
54
59
62
58
63
63
69
72
70
68
67
66
63
63
63
58
55
55
61
64
55
54
51
48
49
46
42
40
42
38
38
35
35
40
37
35
42
44
44
37
37
33
40
37
33
35
41
45
38
33
36
40
41
38
33
37
42
35
34
36
40
43
41
38
35
32
42
44
41
40
35
34
38
44
45
44
45
46
49
46
46
45
45
51
51
48
44
43
41
46
49
48
43
43
40
41
44
49
46
43
40
47
50
47
42
44
42
43
49
45
48
47
43
44
41
43
44
43
46
43
45
48
47
48
43
44
45
47
45
45
42
44
43
49
48
47
47
43
41
47
51
45
43
46
47
47
49
51
50
49
49
51
46
50
48
51
48
47
50
49
53
51
50
47
45
51
49
48
48
47
48
45
46
48
51
53
48
47
45
45
45
41
47
51
52
50
51
52
54
63
62
63
67
70
73
76
72
74
73
74
74
71
69
69
70
69
70
67
66
67
64
69
68
57
56
55
56
50
51
51
50
45
48
44
43
49
45
47
47
48
51
48
44
47
47
50
52
44
47
44
45
49
48
46
48
46
48
46
48
47
44
43
44
46
47
45
46
50
45
43
42
45
48
51
48
48
48
48
52
55
52
58
54
50
56
57
53
54
52
51
51
48
50
53
52
54
52
49
45
46
43
47
49
46
45
43
47
48
41
38
47
51
48
48
49
48
41
43
44
44
51
48
47
46
49
43
42
51
47
47
46
49
45
48
52
47
45
44
45
52
45
42
44
46
49
44
47
51
50
51
53
53
55
51
50
46
49
49
50
49
51
55
51
48
50
46
48
53
51
50
51
46
47
48
49
50
51
45
44
51
51
47
46
46
46
41
45
50
54
57
61
55
56
66
69
66
68
72
75
77
82
83
77
77
85
78
74
74
72
68
68
70
71
72
69
64
56
51
51
48
48
49
49
48
49
50
50
47
49
48
48
49
46
43
51
51
44
45
49
48
47
48
44
45
43
44
47
47
48
47
44
43
45
45
41
46
47
46
47
47
45
43
41
44
46
49
51
49
44
50
48
50
58
56
52
56
54
53
53
58
60
54
47
52
56
48
44
48
56
49
48
50
54
51
52
51
50
49
54
55
51
50
56
50
50
50
51
49
51
50
51
48
49
52
53
49
48
51
52
51
50
53
51
46
51
49
48
45
49
54
46
49
50
50
52
55
55
49
50
50
47
46
52
55
49
51
54
50
47
51
52
50
49
50
55
51
53
54
52
48
53
52
48
48
43
45
46
46
45
47
47
43
49
51
47
45
51
49
49
48
47
49
56
56
61
63
68
66
70
66
68
76
84
82
78
78
78
77
73
66
67
70
66
66
66
68
70
66
60
54
50
49
45
49
47
45
47
42
42
42
41
42
37
37
38
45
46
42
40
41
46
45
35
41
42
42
44
44
44
41
38
41
43
43
40
34
36
43
35
37
41
40
43
36
35
40
43
44
42
37
36
40
45
51
50
48
46
43
46
45
48
43
43
42
43
41
45
44
43
43
40
41
36
41
42
38
40
41
43
35
33
41
41
42
41
41
42
38
35
42
37
35
38
43
37
40
35
35
33
36
40
38
41
40
41
38
34
42
41
33
36
35
42
38
36
37
36
37
34
35
41
40
34
38
41
40
40
43
47
38
42
41
38
40
42
44
41
40
38
37
37
41
38
35
33
35
40
40
38
38
38
36
36
35
38
37
36
40
37
36
31
40
40
41
46
48
43
43
51
59
66
62
60
68
69
64
72
74
69
64
65
63
67
65
60
62
60
63
61
53
52
49
48
45
43
42
37
36
38
35
33
36
40
36
37
40
35
33
35
36
31
33
36
37
40
41
37
35
34
34
34
31
37
37
33
29
33
38
31
29
30
35
40
36
33
34
35
37
38
34
31
35
38
36
41
38
33
38
45
52
46
43
44
42
44
44
42
42
43
44
41
42
43
43
38
38
32
31
38
43
40
42
40
40
35
36
36
38
36
40
37
43
46
40
37
36
40
43
42
32
37
41
35
36
35
37
43
43
41
36
35
42
38
40
37
36
34
38
44
43
41
40
43
41
37
36
37
37
38
48
42
36
41
41
41
42
38
42
44
44
40
40
42
43
34
31
40
40
37
41
38
35
36
32
36
37
33
31
37
40
36
42
43
41
40
32
33
42
46
42
41
50
55
58
59
59
60
62
65
64
67
60
61
62
59
58
55
50
52
56
52
47
50
49
45
36
40
44
40
35
36
37
33
32
33
30
30
35
33
35
33
30
32
29
33
34
34
31
35
34
31
30
28
31
28
33
37
32
30
33
30
30
30
32
32
33
30
31
31
32
30
32
33
30
32
31
32
34
40
42
40
33
37
40
41
41
37
35
40
41
38
42
36
33
31
33
30
34
37
38
34
36
40
31
34
33
32
32
32
41
40
34
32
31
32
33
35
33
36
32
33
36
37
38
33
30
31
34
32
33
31
31
34
36
35
34
33
33
31
34
36
33
33
35
37
34
34
36
34
32
31
37
40
42
42
35
31
33
33
33
36
37
38
37
40
36
32
29
31
32
29
30
31
37
36
35
34
33
30
33
35
33
32
32
27
30
34
33
36
36
40
49
54
54
53
51
55
62
60
62
59
58
57
57
56
57
59
50
51
52
47
50
52
51
47
44
43
38
31
34
29
30
36
35
28
26
28
28
29
33
32
29
31
27
30
30
30
31
27
26
27
31
29
28
32
31
29
26
24
24
27
27
30
32
30
26
28
29
27
27
27
29
30
27
28
28
28
29
31
40
32
32
36
36
36
41
38
37
41
38
36
34
34
29
34
34
30
29
29
29
42
37
30
30
33
36
37
25
30
35
34
32
33
34
33
35
32
33
33
29
31
36
34
30
29
31
33
30
33
33
31
30
32
35
35
32
29
27
30
34
33
30
33
32
30
30
30
27
32
40
36
31
31
31
33
35
33
30
37
36
36
35
31
32
34
33
29
33
30
32
32
29
29
30
28
27
32
30
29
28
33
32
30
29
30
34
32
28
26
34
38
36
36
41
49
50
52
56
57
56
61
64
63
58
57
61
58
55
52
52
53
51
51
51
46
45
44
44
44
37
31
33
28
29
31
31
30
28
24
26
28
30
30
26
28
23
23
27
28
29
31
33
32
28
25
25
22
27
27
22
27
29
33
28
22
24
26
26
28
30
29
23
21
23
28
30
27
26
28
33
35
32
30
28
36
36
37
38
36
34
34
37
35
33
31
29
32
33
33
27
31
31
35
33
31
32
32
32
33
29
31
29
27
29
33
36
32
28
27
30
34
33
33
32
32
29
29
29
28
30
33
33
27
29
26
26
31
34
28
26
32
35
34
30
27
31
30
30
34
33
30
32
31
35
32
33
29
31
29
32
32
34
37
32
27
31
33
36
32
27
33
33
26
26
30
25
25
33
30
31
23
22
36
33
31
30
26
25
30
30
27
26
31
32
37
43
47
47
48
50
51
53
56
58
62
63
62
57
48
50
55
56
50
50
54
52
50
51
47
44
36
37
29
28
30
29
26
20
25
29
27
29
29
20
21
25
31
29
25
29
28
31
24
25
22
21
20
24
23
28
27
24
25
25
24
25
25
26
24
24
26
25
25
24
27
22
19
23
27
27
26
28
24
31
28
32
32
30
34
34
30
31
32
34
34
33
32
26
26
31
26
29
30
26
27
30
30
31
31
30
30
28
28
26
28
32
33
33
32
31
26
24
29
28
26
29
30
30
26
29
36
32
28
27
26
28
27
30
27
23
27
32
33
26
25
26
29
30
25
27
33
31
32
33
31
29
32
34
33
30
32
27
27
26
33
32
31
28
29
34
34
27
31
34
34
28
24
22
30
28
26
26
34
28
29
30
33
30
25
27
27
27
25
28
29
28
29
36
41
42
42
44
48
49
58
55
51
60
64
61
55
51
54
56
54
52
49
48
44
44
47
50
48
40
37
40
33
29
30
28
26
23
26
29
24
30
24
19
25
22
23
26
31
29
30
26
29
26
31
29
25
28
28
20
19
26
28
27
28
27
26
29
23
19
27
32
29
23
22
26
24
27
29
28
30
28
33
33
36
36
32
30
34
32
31
33
35
33
38
38
32
31
35
31
34
31
37
34
30
28
33
31
30
32
27
29
30
31
31
34
34
35
31
33
33
32
31
29
34
37
31
28
35
33
25
30
32
34
32
31
31
28
28
26
34
36
36
33
28
33
33
28
29
31
31
33
36
35
28
35
38
30
32
29
34
33
34
33
37
37
34
35
35
34
35
32
29
33
31
33
34
33
27
27
27
30
32
28
31
30
31
31
33
32
30
26
29
30
26
34
44
44
40
41
46
52
55
58
63
66
64
62
61
62
65
68
61
59
58
57
56
57
54
56
56
55
50
45
43
46
37
34
32
32
34
37
33
28
31
32
33
25
29
33
32
30
27
28
27
31
35
32
30
31
33
32
31
30
29
28
31
30
26
29
28
29
31
30
34
29
28
31
29
30
26
29
32
30
33
34
34
35
35
36
46
38
36
40
41
42
40
41
38
37
38
36
34
30
34
38
40
40
41
35
34
40
33
26
33
40
41
40
38
31
34
34
32
33
32
34
37
32
34
41
36
36
31
34
36
37
38
35
34
33
34
34
34
34
31
32
37
36
36
37
35
37
34
34
33
37
36
32
40
42
37
31
36
43
41
35
37
40
37
35
36
36
43
35
32
37
41
42
32
24
26
38
38
35
32
32
37
36
35
34
37
37
35
32
35
33
33
34
31
32
36
47
53
47
51
58
56
58
58
56
65
66
66
73
67
55
58
59
53
59
58
55
57
57
57
52
50
49
44
40
38
36
32
29
34
35
35
35
34
30
33
33
32
29
33
32
33
35
40
33
30
31
34
37
30
31
33
32
33
30
29
30
29
33
36
34
28
25
33
34
31
32
33
35
32
30
31
36
33
35
43
38
35
38
38
40
37
44
42
40
43
37
40
36
34
36
38
36
40
41
35
37
37
35
33
36
40
36
30
37
36
28
35
41
35
33
38
41
37
40
41
28
33
42
43
40
33
36
37
33
32
32
34
36
37
31
34
36
34
37
36
38
35
38
38
38
35
33
35
40
33
36
41
36
35
37
38
35
29
35
40
45
45
40
32
30
35
38
43
41
36
34
36
34
33
37
32
36
33
34
33
35
32
28
30
34
38
32
32
35
33
35
40
36
32
41
46
48
54
59
57
58
57
54
60
61
62
60
57
61
57
53
59
59
56
53
54
54
53
48
49
45
42
41
36
35
31
31
30
26
27
28
29
34
33
31
35
37
31
30
33
33
33
31
29
32
33
33
34
33
28
28
31
29
28
30
32
29
31
33
27
28
28
31
37
35
33
29
31
32
33
31
30
30
33
38
38
36
35
38
41
38
41
37
36
41
36
35
33
37
38
40
35
37
36
30
35
32
31
38
42
34
32
35
38
34
35
34
31
33
35
36
34
32
32
35
40
37
33
32
33
34
33
32
34
34
36
34
29
30
34
35
31
33
35
35
34
37
35
31
31
34
34
35
32
32
35
36
36
36
42
44
38
36
33
33
31
32
32
32
34
38
36
37
41
34
28
32
35
37
33
32
31
31
32
30
30
31
33
36
38
30
27
24
33
36
38
41
41
37
45
50
50
52
52
57
60
62
63
63
65
63
60
63
62
61
57
50
52
54
57
58
52
48
43
37
35
34
36
36
30
28
34
33
32
30
30
31
29
19
24
33
34
34
33
28
23
27
32
25
29
31
32
29
27
27
25
31
28
26
28
26
23
26
29
32
32
28
24
20
21
24
28
31
32
33
30
27
28
35
32
32
37
35
38
35
37
37
33
31
32
33
34
29
30
31
36
36
34
33
33
34
36
32
28
30
28
27
29
34
30
33
30
31
30
32
27
20
32
37
33
29
26
27
27
30
34
33
35
30
28
30
31
29
28
32
28
27
32
32
24
29
32
35
34
31
34
31
33
33
31
30
28
31
33
32
30
31
34
36
38
32
28
31
35
34
30
31
35
35
31
29
33
40
28
24
28
35
33
32
31
28
27
27
31
26
30
30
31
30
28
32
33
30
37
45
42
48
51
52
53
56
62
69
64
64
62
54
56
59
58
54
56
55
61
54
48
48
47
48
41
37
35
41
38
35
29
32
30
31
31
24
23
25
31
27
31
26
26
27
27
29
30
29
32
30
29
25
27
30
30
26
23
26
29
30
27
27
25
27
29
26
26
25
30
31
24
22
28
32
29
30
28
35
37
33
43
35
33
35
37
41
38
35
34
36
34
36
38
34
33
25
33
37
35
37
32
32
32
33
30
34
32
30
36
37
37
41
35
33
36
33
29
30
32
36
30
29
38
43
36
27
32
32
33
34
33
36
34
29
30
29
35
34
34
30
35
34
32
37
34
35
34
34
34
37
34
36
37
35
36
36
31
33
37
41
38
36
35
37
41
35
35
44
41
37
37
32
27
27
34
35
43
36
27
29
35
33
35
40
32
34
35
36
29
30
32
37
36
34
40
45
49
60
61
58
55
64
66
61
62
67
61
68
70
60
56
60
62
56
54
55
58
55
47
49
53
50
42
37
35
27
27
29
36
35
32
32
33
32
30
25
32
32
27
33
31
33
35
28
23
31
31
32
27
29
29
27
28
30
25
28
29
25
26
25
28
27
29
26
24
25
21
24
29
25
28
29
30
31
32
33
31
31
35
40
34
29
30
34
33
38
32
26
34
31
27
29
32
29
31
31
23
28
33
31
29
27
28
28
26
27
31
31
30
32
29
29
25
27
31
30
24
30
27
26
25
29
25
23
29
29
30
33
31
26
30
31
25
23
23
28
27
25
20
21
22
26
29
30
25
21
29
34
32
29
30
26
26
29
26
24
28
27
25
28
30
25
25
26
27
32
26
20
27
27
22
20
21
18
20
28
25
24
22
24
26
25
19
21
28
22
20
24
24
26
27
33
41
37
40
45
52
51
48
55
55
60
57
52
49
42
42
50
50
42
38
38
43
45
44
35
31
31
29
28
19
14
16
18
16
16
20
23
19
19
20
20
22
20
17
23
17
14
18
17
18
21
21
12
10
19
23
18
16
19
25
18
12
13
20
17
14
16
18
20
20
18
16
12
16
17
19
23
20
19
29
29
25
19
22
26
27
24
23
34
32
28
21
16
15
22
26
28
32
23
21
21
22
19
17
19
24
21
22
23
18
19
21
19
17
21
22
25
27
22
17
15
17
25
22
18
19
16
18
22
19
17
18
24
21
22
21
17
21
25
19
15
20
21
22
21
21
22
21
20
17
20
20
23
27
26
25
23
22
24
19
22
23
26
27
20
20
20
24
26
22
23
23
18
18
18
22
18
16
22
25
25
21
21
21
25
21
19
17
18
21
25
22
29
29
29
32
33
41
40
43
44
50
48
51
52
56
50
45
47
52
42
42
44
48
42
45
45
45
40
31
31
29
23
22
22
21
20
26
20
20
21
25
24
20
18
21
23
25
15
18
25
27
23
20
16
18
25
26
26
26
27
20
18
18
17
15
21
26
22
21
20
23
19
20
25
22
21
25
26
23
23
23
29
29
22
22
30
33
34
31
32
31
31
32
32
30
27
32
28
30
27
26
24
24
29
26
31
29
24
28
31
32
26
27
28
33
35
28
28
23
27
26
24
29
26
32
35
29
31
30
27
25
29
27
30
28
32
37
30
23
23
29
34
34
33
36
33
24
24
25
33
33
31
31
31
31
31
35
35
34
36
32
33
30
32
