-79
-80
-81
-77
-67
-70
-69
-70
-71
-74
-75
-74
-74
-64
-67
-68
-56
-41
-26
-13
-8
-5
-16
-40
-61
-80
-87
-93
-92
-93
-94
-81
-79
-79
-71
-71
-74
-68
-73
-80
-77
-75
-72
-74
-71
-73
-62
-68
-69
-60
-60
-60
-64
-68
-63
-60
-60
-60
-58
-53
-57
-57
-51
-51
-55
-55
-54
-54
-52
-52
-56
-65
-60
-48
-43
-40
-43
-46
-47
-41
-33
-39
-50
-39
-33
-20
-11
-16
-9
-12
-7
-10
-11
-10
-10
-16
-13
-18
-21
-19
-12
-4
-16
-25
-31
-27
-31
-28
-24
-33
-37
-47
-53
-58
-49
-49
-59
-68
-78
-76
-75
-84
-87
-88
-84
-78
-79
-94
-86
-85
-91
-90
-93
-90
-90
-95
-87
-86
-90
-91
-83
-71
-69
-73
-66
-69
-67
-62
-61
-56
-46
-46
-46
-37
-36
-43
-45
-43
-38
-43
-44
-44
-46
-44
-45
-44
-45
-44
-51
-53
-51
-55
-53
-47
-46
-45
-49
-55
-50
-47
-51
-55
-49
-47
-51
-52
-46
-44
-51
-54
-45
-40
-45
-39
-38
-37
-41
-40
-39
-36
-40
-36
-34
-32
-30
-27
-32
-40
-34
-32
-36
-34
-27
-27
-32
-30
-28
-30
-29
-28
-29
-34
-35
-31
-30
-28
-30
-24
-29
-29
-30
-28
-29
-26
-25
-20
-9
4
20
31
32
27
13
-15
-35
-46
-55
-54
-51
-41
-35
-32
-24
-17
-19
-18
-19
-17
-13
-12
-13
-5
-8
-6
-3
-11
-5
-5
-4
-11
-11
-4
-4
-17
-14
-10
-8
-5
-8
-18
-22
-12
-7
-12
-19
-17
-18
-23
-19
-14
-17
-20
-18
-14
-19
-20
-18
-14
-12
-8
-6
-8
-9
-3
-4
-1
-3
-10
-8
2
1
-4
-5
0
-4
-5
-3
-3
-8
-11
-10
-1
3
1
-4
-10
-6
-8
-8
-14
-16
-14
-14
-5
-10
-13
-10
-10
-7
-9
-13
-13
-13
-12
-13
-11
-12
-13
-15
-16
-16
-13
-9
-12
-11
-6
-8
-9
-5
-7
-16
-21
-17
-9
-13
-14
-13
-7
-8
-16
-15
-13
-9
-15
-18
-18
-18
-19
-19
-21
-23
-20
-22
-26
-25
-18
-22
-20
-23
-28
-30
-29
-28
-18
-19
-26
-26
-23
-23
-22
-24
-23
-18
-12
4
21
42
48
40
31
11
-18
-36
-50
-58
-55
-53
-56
-51
-43
-35
-27
-22
-26
-24
-23
-21
-27
-27
-23
-26
-26
-32
-25
-23
-32
-30
-21
-27
-35
-33
-28
-26
-26
-23
-28
-28
-27
-29
-34
-30
-34
-40
-38
-27
-29
-28
-28
-33
-28
-30
-35
-34
-28
-27
-33
-35
-30
-29
-36
-35
-36
-36
-34
-31
-29
-30
-29
-30
-31
-29
-27
-37
-36
-32
-36
-32
-34
-40
-41
-40
-36
-36
-36
-43
-44
-47
-50
-51
-37
-35
-40
-45
-45
-45
-41
-41
-48
-49
-50
-50
-54
-49
-48
-45
-44
-44
-47
-45
-45
-46
-41
-39
-41
-49
-53
-50
-38
-39
-39
-43
-45
-43
-45
-46
-47
-50
-39
-43
-46
-47
-46
-47
-43
-39
-43
-43
-39
-40
-39
-45
-41
-40
-38
-38
-34
-34
-35
-31
-37
-36
-33
-31
-29
-33
-32
-23
-12
4
25
41
41
33
13
-14
-33
-47
-56
-55
-47
-46
-41
-38
-34
-25
-22
-23
-25
-15
-14
-11
-10
-11
-9
-4
-10
-19
-19
-14
-17
-20
-17
-18
-22
-10
-10
-17
-15
-12
-15
-14
-11
-13
-19
-18
-14
-16
-17
-17
-26
-21
-13
-16
-19
-20
-23
-17
-13
-24
-21
-20
-19
-23
-19
-23
-20
-21
-21
-16
-16
-20
-20
-19
-18
-17
-15
-16
-20
-16
-18
-14
-12
-20
-18
-20
-15
-19
-16
-11
-12
-18
-14
-15
-17
-10
-11
-19
-12
-18
-14
-17
-14
-12
-14
-18
-20
-11
-7
-15
-20
-22
-21
-16
-18
-17
-15
-19
-17
-20
-16
-18
-19
-24
-23
-23
-18
-20
-19
-17
-18
-23
-20
-16
-16
-20
-23
-22
-15
-14
-18
-20
-17
-18
-20
-17
-17
-18
-15
-16
-18
-21
-21
-14
-15
-13
-17
-15
-12
-15
-15
-11
-8
-11
-12
3
13
30
46
59
64
62
42
26
-5
-18
-25
-26
-27
-31
-36
-20
-15
-1
-9
-4
0
-7
-9
-10
-6
-13
-10
-6
-13
-15
-22
-22
-20
-21
-25
-23
-26
-23
-18
-21
-19
-28
-28
-24
-25
-25
-30
-34
-35
-19
-16
-21
-26
-26
-26
-26
-17
-23
-27
-27
-17
-14
-18
-23
-18
-16
-9
-11
-13
-13
-15
-18
-19
-22
-21
-11
-11
-18
-21
-16
-12
-18
-18
-18
-19
-23
-25
-25
-30
-27
-25
-22
-25
-29
-25
-23
-27
-24
-25
-29
-29
-26
-30
-28
-22
-23
-30
-26
-22
-33
-34
-32
-39
-33
-31
-31
-25
-31
-31
-33
-34
-34
-29
-31
-36
-33
-32
-27
-28
-28
-31
-33
-33
-32
-32
-33
-35
-34
-38
-36
-37
-38
-35
-39
-35
-36
-39
-29
-29
-36
-35
-33
-30
-32
-29
-26
-25
-26
-28
-31
-25
-21
-16
-23
-24
-24
-20
-28
-29
-23
-26
-31
-28
-22
-28
-24
-25
-24
-23
-25
-29
-32
-31
-30
-32
-29
-31
-22
-28
-30
-31
-27
-26
-32
-36
-38
-34
-25
-27
-27
-22
-11
1
19
34
35
25
17
4
-21
-36
-46
-47
-48
-45
-40
-37
-35
-34
-35
-31
-19
-16
-21
-21
-27
-33
-27
-22
-25
-18
-13
-16
-20
-21
-20
-22
-25
-24
-24
-27
-31
-27
-22
-21
-23
-23
-25
-29
-25
-23
-22
-19
-16
-18
-23
-20
-19
-22
-23
-22
-24
-22
-20
-21
-16
-18
-21
-17
-18
-20
-16
-18
-16
-16
-16
-22
-19
-15
-16
-19
-15
-19
-23
-25
-24
-17
-22
-23
-30
-27
-29
-25
-32
-31
-26
-25
-26
-30
-27
-28
-27
-28
-25
-24
-26
-21
-23
-24
-24
-27
-27
-21
-28
-30
-24
-16
-20
-24
-24
-19
-19
-20
-21
-27
-23
-23
-26
-25
-28
-28
-32
-32
-29
-29
-29
-30
-32
-34
-34
-33
-31
-30
-30
-29
-29
-31
-32
-33
-31
-31
-37
-30
-27
-27
-27
-28
-29
-28
-28
-30
-34
-32
-18
-14
6
31
43
36
23
6
-18
-37
-50
-55
-58
-59
-54
-52
-44
-36
-34
-32
-31
-31
-35
-38
-36
-34
-31
-33
-32
-25
-24
-29
-36
-37
-34
-46
-51
-47
-35
-40
-35
-32
-27
-30
-29
-32
-32
-31
-29
-26
-30
-35
-41
-37
-33
-23
-26
-30
-31
-29
-35
-31
-28
-36
-31
-30
-33
-29
-28
-33
-36
-33
-34
-38
-29
-32
-41
-39
-34
-31
-36
-45
-46
-34
-33
-44
-46
-39
-38
-41
-44
-44
-43
-46
-41
-41
-47
-45
-41
-39
-41
-38
-39
-44
-39
-40
-41
-41
-39
-37
-38
-41
-46
-50
-46
-33
-34
-41
-45
-40
-44
-44
-47
-47
-35
-39
-41
-41
-41
-43
-45
-44
-50
-49
-44
-46
-50
-44
-50
-46
-49
-52
-52
-50
-45
-46
-51
-48
-50
-55
-56
-58
-56
-50
-54
-59
-53
-55
-50
-53
-56
-54
-56
-60
-63
-55
-50
-52
-59
-61
-59
-54
-56
-53
-51
-54
-55
-59
-58
-59
-56
-54
-55
-55
-52
-53
-55
-59
-56
-57
-59
-56
-59
-53
-55
-58
-56
-56
-55
-53
-59
-60
-60
-57
-52
-33
-17
9
16
10
-1
-25
-50
-71
-83
-84
-85
-83
-78
-79
-73
-66
-65
-63
-65
-67
-68
-63
-58
-65
-62
-58
-58
-62
-65
-62
-62
-55
-59
-55
-55
-57
-62
-62
-64
-59
-60
-57
-55
-61
-62
-69
-68
-66
-61
-69
-69
-71
-77
-68
-72
-70
-71
-67
-67
-70
-72
-68
-69
-65
-66
-66
-65
-66
-66
-69
-64
-64
-62
-59
-60
-63
-61
-58
-60
-56
-57
-56
-57
-56
-54
-61
-60
-55
-52
-62
-56
-49
-54
-57
-58
-56
-59
-56
-61
-53
-51
-56
-54
-55
-57
-56
-56
-61
-55
-58
-57
-58
-59
-59
-61
-59
-55
-56
-58
-54
-56
-55
-56
-58
-61
-58
-59
-61
-57
-57
-56
-56
-53
-56
-53
-60
-58
-56
-58
-56
-56
-57
-56
-51
-55
-58
-54
-57
-59
-59
-57
-55
-52
-52
-52
-54
-56
-48
-25
-7
8
14
17
2
-18
-44
-63
-72
-76
-75
-73
-71
-71
-62
-57
-63
-62
-57
-54
-53
-57
-54
-56
-58
-61
-61
-56
-53
-55
-56
-56
-48
-41
-48
-50
-45
-43
-48
-43
-40
-45
-48
-48
-44
-46
-46
-43
-45
-44
-44
-36
-37
-46
-46
-37
-40
-44
-44
-39
-41
-45
-35
-41
-41
-40
-39
-39
-44
-41
-40
-44
-43
-45
-46
-47
-49
-41
-39
-37
-38
-41
-46
-51
-52
-53
-49
-43
-40
-45
-51
-53
-52
-51
-53
-52
-49
-43
-40
-47
-48
-46
-47
-50
-47
-46
-43
-41
-44
-44
-41
-45
-46
-46
-41
-40
-40
-44
-40
-41
-45
-44
-36
-37
-37
-32
-32
-36
-33
-31
-27
-28
-23
-27
-23
-26
-33
-33
-34
-32
-32
-27
-27
-31
-26
-10
2
22
35
34
34
14
-19
-39
-51
-60
-59
-61
-59
-53
-50
-54
-47
-44
-50
-50
-46
-50
-43
-44
-45
-41
-41
-48
-51
-43
-41
-40
-37
-45
-40
-37
-36
-41
-44
-37
-37
-38
-40
-44
-35
-34
-36
-35
-37
-37
-38
-35
-30
-35
-33
-33
-30
-31
-32
-34
-30
-29
-32
-34
-31
-27
-26
-29
-28
-25
-25
-25
-24
-24
-25
-23
-23
-25
-24
-26
-29
-28
-32
-33
-30
-29
-28
-29
-26
-24
-25
-32
-28
-26
-26
-25
-27
-29
-26
-28
-30
-25
-27
-28
-22
-27
-27
-28
-28
-23
-29
-29
-30
-30
-20
-24
-29
-31
-23
-20
-25
-27
-28
-26
-27
-29
-33
-27
-31
-26
-21
-28
-24
-22
-23
-24
-27
-29
-23
-20
-27
-22
-18
-21
-26
-29
-27
-20
-17
-19
-18
-19
-17
-22
-20
-17
-15
-17
-17
-20
-20
-17
-20
-15
-15
-17
-21
-21
-17
-15
-20
-21
-13
-14
-12
-12
-17
-18
-18
-16
-14
-13
-12
-17
-18
-17
-19
-15
-15
-11
-11
-17
-13
-19
-18
-21
-12
1
9
20
41
44
47
35
15
-8
-23
-33
-43
-39
-36
-36
-30
-28
-23
-19
-20
-20
-15
-14
-14
-12
-11
-12
-15
-17
-14
-13
-11
-14
-16
-14
-15
-16
-17
-15
-16
-17
-14
-11
-11
-12
-14
-15
-16
-15
-14
-14
-19
-18
-10
-12
-10
-11
-10
-10
-12
-11
-9
-10
-10
-11
-9
-10
-11
-14
-16
-16
-13
-15
-18
-19
-21
-20
-27
-21
-20
-20
-22
-28
-25
-29
-27
-27
-29
-22
-27
-29
-32
-37
-32
-32
-34
-34
-34
-31
-33
-35
-36
-39
-38
-37
-40
-48
-43
-43
-38
-38
-39
-40
-41
-41
-43
-45
-47
-46
-45
-49
-53
-46
-48
-51
-50
-50
-48
-44
-47
-50
-53
-51
-51
-52
-52
-47
-52
-53
-50
-49
-54
-55
-49
-52
-55
-57
-54
-55
-53
-53
-55
-56
-55
-57
-63
-65
-68
-67
-66
-62
-56
-62
-62
-65
-63
-66
-70
-68
-64
-65
-65
-69
-68
-67
-69
-62
-50
-33
-16
1
2
-5
-15
-37
-62
-84
-93
-95
-98
-97
-102
-96
-81
-78
-76
-71
-74
-69
-72
-77
-74
-76
-76
-76
-74
-74
-81
-83
-84
-81
-83
-86
-91
-90
-86
-85
-83
-85
-86
-84
-77
-74
-76
-77
-75
-84
-78
-72
-79
-72
-77
-67
-71
-71
-73
-77
-74
-70
-73
-70
-67
-74
-74
-72
-72
-71
-69
-67
-73
-75
-75
-72
-72
-74
-77
-76
-75
-76
-77
-77
-77
-80
-81
-84
-84
-78
-85
-87
-84
-90
-89
-89
-83
-79
-80
-84
-83
-84
-86
-88
-88
-89
-87
-87
-85
-84
-86
-91
-89
-91
-88
-85
-85
-91
-89
-85
-87
-90
-91
-87
-83
-81
-85
-88
-90
-91
-85
-90
-87
-83
-84
-87
-86
-85
-83
-70
-55
-39
-28
-17
-23
-43
-58
-83
-97
-106
-109
-105
-99
-99
-98
-88
-80
-74
-75
-76
-78
-78
-79
-78
-76
-76
-75
-76
-75
-76
-79
-81
-78
-77
-78
-84
-81
-70
-73
-78
-70
-74
-76
-72
-70
-68
-72
-74
-73
-76
-74
-73
-63
-72
-71
-63
-68
-72
-65
-66
-62
-60
-63
-66
-65
-64
-68
-64
-66
-67
-61
-62
-64
-57
-63
-66
-66
-62
-64
-65
-71
-74
-72
-71
-68
-71
-68
-68
-74
-76
-73
-78
-72
-69
-67
-73
-72
-77
-71
-67
-72
-72
-74
-70
-65
-69
-74
-70
-63
-62
-66
-69
-70
-70
-67
-72
-66
-68
-68
-69
-71
-69
-70
-65
-67
-66
-71
-67
-62
-66
-65
-70
-73
-70
-67
-68
-68
-69
-71
-68
-69
-67
-68
-69
-70
-69
-69
-66
-67
-64
-63
-68
-70
-68
-68
-68
-70
-65
-64
-66
-65
-63
-65
-66
-71
-64
-67
-69
-66
-65
-69
-71
-75
-77
-69
-62
-63
-71
-67
-68
-67
-66
-72
-73
-72
-75
-67
-65
-66
-68
-73
-68
-69
-67
-70
-70
-66
-67
-66
-67
-62
-44
-26
-10
6
0
-10
-32
-56
-72
-85
-86
-83
-87
-86
-84
-79
-75
-76
-72
-70
-71
-63
-65
-66
-68
-67
-68
-64
-61
-66
-59
-62
-59
-59
-68
-68
-58
-60
-61
-55
-57
-55
-57
-60
-59
-61
-64
-61
-55
-59
-58
-56
-57
-60
-60
-59
-59
-60
-54
-54
-59
-57
-51
-53
-55
-58
-56
-53
-56
-56
-54
-54
-50
-50
-50
-52
-49
-50
-51
-56
-59
-55
-52
-52
-55
-58
-61
-64
-58
-59
-64
-61
-61
-61
-56
-53
-58
-62
-61
-62
-68
-62
-59
-68
-62
-63
-58
-57
-58
-57
-60
-60
-61
-62
-65
-67
-67
-67
-71
-70
-73
-72
-68
-74
-71
-67
-69
-71
-73
-69
-67
-64
-66
-69
-67
-65
-67
-66
-67
-65
-66
-67
-67
-71
-72
-72
-68
-63
-60
-69
-64
-69
-66
-59
-60
-57
-57
-65
-65
-64
-63
-66
-63
-59
-59
-64
-70
-65
-64
-65
-61
-63
-62
-58
-59
-58
-58
-62
-56
-55
-59
-65
-65
-62
-61
-66
-61
-64
-56
-54
-60
-61
-56
-60
-59
-60
-59
-61
-57
-55
-55
-56
-58
-56
-58
-58
-54
-48
-31
-16
1
6
6
-4
-26
-50
-72
-79
-87
-85
-75
-70
-68
-66
-66
-66
-60
-57
-57
-60
-56
-54
-58
-59
-56
-57
-55
-56
-52
-51
-50
-51
-53
-55
-58
-56
-57
-52
-54
-50
-52
-49
-48
-48
-49
-53
-53
-51
-52
-48
-48
-50
-49
-48
-47
-45
-40
-41
-45
-48
-50
-45
-47
-41
-39
-45
-43
-37
-37
-40
-41
-38
-39
-41
-39
-38
-41
-44
-45
-43
-45
-46
-47
-49
-54
-53
-44
-48
-55
-58
-57
-50
-53
-51
-56
-65
-52
-56
-54
-49
-52
-52
-51
-53
-56
-56
-55
-56
-57
-61
-65
-60
-63
-59
-53
-59
-61
-59
-61
-59
-56
-57
-58
-59
-60
-63
-69
-67
-58
-59
-62
-57
-55
-57
-57
-62
-62
-56
-63
-64
-66
-65
-61
-62
-63
-64
-62
-62
-66
-62
-62
-66
-69
-64
-62
-56
-63
-67
-62
-62
-65
-67
-65
-62
-66
-67
-69
-67
-55
-30
-16
6
2
-7
-25
-50
-69
-83
-90
-96
-96
-95
-94
-93
-86
-78
-74
-73
-74
-70
-69
-70
-68
-68
-69
-71
-73
-78
-77
-77
-81
-81
-80
-72
-77
-75
-74
-77
-75
-73
-72
-73
-73
-69
-70
-70
-67
-70
-69
-66
-67
-67
-63
-63
-65
-63
-59
-63
-65
-62
-61
-61
-60
-59
-60
-60
-61
-61
-60
-61
-63
-65
-59
-63
-60
-60
-67
-71
-65
-64
-69
-69
-68
-74
-74
-71
-71
-78
-77
-76
-78
-84
-86
-84
-89
-91
-90
-89
-84
-93
-93
-94
-90
-86
-89
-92
-95
-92
-91
-94
-96
-94
-98
-97
-93
-95
-93
-95
-94
-96
-96
-97
-100
-100
-100
-100
-101
-96
-96
-95
-94
-99
-98
-95
-95
-98
-99
-102
-97
-92
-94
-94
-98
-98
-98
-100
-102
-95
-91
-93
-96
-97
-98
-93
-94
-97
-101
-96
-95
-96
-94
-95
-97
-97
-97
-97
-94
-92
-96
-94
-93
-94
-94
-94
-97
-94
-98
-96
-93
-90
-81
-76
-59
-43
-24
-22
-30
-46
-72
-95
-110
-113
-113
-116
-110
-111
-108
-101
-98
-95
-91
-89
-89
-90
-87
-88
-88
-90
-88
-88
-88
-87
-86
-92
-91
-90
-88
-88
-92
-87
-92
-90
-90
-90
-78
-77
-90
-98
-93
-87
-88
-94
-90
-91
-92
-91
-99
-92
-90
-97
-98
-96
-89
-94
-94
-95
-93
-94
-95
-94
-96
-98
-97
-101
-101
-96
-96
-95
-98
-98
-96
-98
-101
-101
-104
-110
-111
-106
-104
-108
-108
-112
-113
-113
-109
-104
-106
-106
-108
-107
-108
-107
-108
-106
-106
-99
-106
-109
-110
-107
-100
-101
-102
-99
-102
-105
-105
-105
-104
-100
-99
-101
-106
-104
-101
-106
-109
-116
-119
-114
-117
-117
-115
-113
-116
-119
-117
-108
-110
-112
-108
-100
-85
-63
-43
-32
-40
-54
-75
-104
-124
-130
-129
-128
-133
-124
-117
-111
-108
-105
-106
-110
-108
-108
-110
-106
-108
-108
-106
-104
-103
-106
-106
-107
-104
-105
-105
-104
-104
-102
-103
-106
-101
-103
-106
-103
-102
-104
-105
-107
-102
-101
-103
-99
-99
-99
-101
-99
-98
-100
-99
-100
-95
-96
-99
-98
-100
-97
-93
-98
-102
-98
-98
-96
-93
-95
-97
-94
-92
-95
-98
-100
-106
-101
-104
-105
-102
-103
-104
-100
-102
-103
-103
-101
-101
-103
-100
-103
-101
-100
-100
-98
-99
-101
-103
-96
-97
-98
-101
-98
-97
-100
-102
-99
-91
-94
-97
-97
-98
-96
-95
-95
-94
-97
-98
-94
-93
-97
-97
-95
-96
-91
-89
-94
-94
-97
-92
-93
-92
-96
-98
-97
-86
-89
-92
-92
-94
-95
-90
-91
-93
-91
-97
-98
-90
-89
-88
-91
-93
-93
-90
-89
-92
-92
-88
-83
-87
-91
-88
-88
-94
-92
-87
-85
-90
-95
-91
-86
-89
-86
-89
-90
-87
-85
-83
-87
-87
-87
-88
-91
-91
-85
-91
-85
-81
-77
-79
-81
-79
-78
-79
-81
-81
-77
-75
-77
-78
-76
-77
-76
-72
-77
-78
-75
-73
-76
-72
-74
-78
-83
-70
-69
-75
-69
-67
-70
-69
-72
-77
-73
-73
-75
-72
-76
-78
-76
-76
-76
-75
-80
-72
-71
-71
-72
-71
-75
-71
-73
-76
-76
-70
-62
-41
-22
-6
2
-6
-24
-47
-66
-79
-87
-91
-95
-96
-92
-85
-70
-70
-66
-67
-66
-68
-68
-69
-69
-70
-71
-67
-67
-69
-65
-70
-67
-69
-71
-66
-62
-64
-68
-66
-66
-64
-61
-65
-65
-58
-64
-62
-63
-65
-65
-61
-59
-59
-57
-54
-60
-61
-54
-53
-61
-61
-55
-51
-55
-60
-55
-51
-55
-57
-54
-52
-52
-50
-53
-57
-49
-48
-56
-47
-49
-52
-50
-47
-50
-55
-52
-54
-55
-57
-57
-56
-56
-55
-53
-53
-52
-50
-54
-60
-60
-54
-54
-53
-49
-50
-49
-55
-57
-56
-55
-56
-56
-51
-57
-57
-53
-55
-53
-54
-57
-54
-51
-50
-52
-52
-56
-55
-55
-54
-52
-53
-52
-55
-52
-51
-52
-56
-54
-53
-51
-51
-51
-52
-52
-54
-55
-50
-51
-48
-53
-54
-54
-48
-47
-49
-50
-51
-48
-51
-51
-50
-54
-54
-49
-48
-50
-38
-29
-12
5
12
14
0
-25
-47
-59
-71
-74
-75
-79
-75
-73
-64
-58
-53
-55
-50
-50
-50
-47
-48
-43
-41
-45
-51
-49
-49
-52
-54
-48
-47
-49
-39
-44
-48
-44
-48
-39
-35
-44
-46
-40
-43
-45
-46
-48
-40
-44
-40
-38
-40
-43
-46
-51
-41
-39
-40
-36
-32
-37
-35
-32
-37
-40
-35
-36
-33
-31
-34
-36
-37
-37
-34
-36
-36
-36
-39
-38
-47
-39
-40
-41
-44
-46
-44
-50
-48
-51
-52
-49
-43
-45
-52
-50
-48
-53
-54
-51
-52
-53
-45
-40
-46
-46
-48
-47
-47
-48
-50
-48
-51
-46
-45
-48
-52
-55
-54
-53
-52
-49
-56
-55
-49
-47
-51
-48
-51
-53
-54
-55
-61
-55
-50
-54
-56
-58
-53
-54
-58
-55
-53
-54
-59
-55
-56
-62
-59
-51
-50
-53
-54
-55
-61
-59
-57
-61
-55
-57
-55
-54
-51
-53
-51
-55
-54
-58
-56
-60
-57
-57
-57
-52
-55
-59
-55
-56
-61
-61
-57
-61
-55
-56
-58
-57
-56
-55
-54
-56
-59
-57
-55
-57
-58
-57
-55
-56
-60
-60
-56
-52
-51
-53
-58
-57
-57
-58
-53
-55
-57
-54
-50
-55
-50
-43
-31
-12
8
19
11
-3
-26
-40
-59
-73
-77
-83
-83
-75
-78
-75
-67
-59
-55
-60
-59
-57
-54
-52
-55
-57
-60
-60
-56
-50
-53
-57
-55
-51
-51
-53
-51
-53
-52
-54
-56
-57
-56
-48
-51
-49
-51
-52
-50
-50
-49
-45
-44
-39
-40
-45
-47
-43
-39
-44
-44
-47
-43
-43
-41
-37
-35
-34
-39
-36
-40
-41
-37
-35
-38
-38
-37
-38
-33
-37
-36
-41
-43
-40
-38
-38
-44
-41
-40
-44
-43
-43
-40
-36
-43
-43
-43
-43
-41
-44
-40
-44
-46
-38
-39
-39
-36
-36
-35
-37
-38
-39
-38
-41
-46
-47
-37
-31
-35
-33
-35
-33
-36
-37
-38
-37
-37
-38
-39
-41
-44
-39
-36
-41
-46
-35
-32
-32
-37
-41
-39
-37
-40
-43
-34
-34
-34
-33
-34
-30
-32
-38
-34
-35
-35
-36
-34
-37
-37
-38
-38
-35
-40
-38
-39
-41
-43
-41
-45
-43
-37
-36
-37
-40
-41
-35
-32
-35
-38
-40
-41
-35
-28
-17
3
26
31
23
22
3
-27
-49
-54
-57
-55
-54
-50
-48
-47
-38
-33
-35
-37
-33
-37
-32
-36
-39
-34
-32
-33
-39
-37
-36
-35
-36
-40
-43
-38
-36
-36
-28
-30
-31
-33
-33
-35
-32
-33
-30
-27
-28
-30
-30
-35
-35
-31
-30
-30
-26
-27
-27
-25
-23
-20
-20
-20
-24
-24
-21
-24
-25
-21
-29
-30
-21
-22
-27
-22
-23
-19
-23
-23
-27
-24
-28
-32
-31
-33
-23
-24
-27
-30
-28
-30
-30
-31
-32
-33
-30
-29
-31
-37
-30
-30
-33
-31
-29
-32
-34
-29
-31
-24
-23
-36
-34
-30
-26
-32
-32
-34
-31
-25
-30
-28
-29
-28
-30
-27
-29
-30
-34
-36
-33
-30
-30
-33
-32
-28
-33
-32
-36
-33
-31
-32
-33
-32
-30
-31
-33
-36
-40
-46
-41
-41
-39
-36
-37
-37
-37
-33
-23
-8
10
29
37
38
26
-1
-26
-39
-47
-47
-49
-46
-45
-38
-34
-30
-29
-28
-30
-34
-28
-25
-24
-22
-25
-30
-33
-40
-40
-44
-46
-46
-45
-40
-33
-30
-31
-32
-32
-26
-25
-25
-25
-24
-23
-20
-21
-23
-19
-21
-23
-21
-21
-24
-23
-25
-18
-14
-15
-14
-13
-18
-16
-13
-15
-12
-11
-12
-10
-10
-10
-13
-11
-13
-17
-14
-12
-10
-12
-12
-11
-16
-19
-19
-12
-18
-16
-18
-19
-21
-19
-17
-17
-22
-23
-18
-14
-17
-15
-16
-18
-19
-17
-17
-13
-17
-17
-15
-16
-13
-12
-14
-14
-11
-9
-14
-16
-15
-15
-13
-18
-17
-17
-15
-15
-17
-20
-16
-17
-18
-15
-17
-18
-21
-18
-15
-14
-15
-12
-16
-19
-17
-20
-17
-11
-14
-16
-14
-15
-13
-17
-18
-18
-21
-17
-10
-12
-10
1
16
36
48
46
40
20
-5
-24
-34
-38
-35
-35
-32
-29
-25
-15
-16
-12
-13
-10
-9
-8
-10
-9
-8
-11
-16
-12
-8
-6
-9
-8
-7
-6
-8
-8
-7
-7
-8
-5
0
-1
-1
-5
-5
-5
-4
-1
1
-4
-6
-7
-4
2
3
4
4
1
-1
3
4
4
1
0
2
0
2
-1
-3
4
8
1
1
2
-3
-5
-6
-7
-1
-8
-8
-8
-12
-10
-5
-9
-16
-15
-11
-11
-12
-10
-8
-7
-8
-6
-12
-11
-11
-10
-9
-4
-4
-9
-8
-5
-7
-4
-5
-8
-12
-6
-1
-3
0
0
-3
-5
-6
-3
-1
-3
-1
-1
0
-1
-1
-7
-1
-1
-3
-5
-5
-5
-8
-11
-9
-9
-7
-6
-11
-14
-12
-14
-17
-12
-15
-17
-14
-15
-19
-19
-23
-23
-23
-25
-26
-28
-29
-28
-30
-28
-31
-37
-35
-35
-30
-37
-38
-37
-40
-41
-38
-40
-40
-46
-46
-45
-47
-45
-52
-51
-54
-58
-56
-56
-54
-57
-58
-62
-64
-65
-67
-69
-74
-76
-83
-83
-79
-89
-95
-95
-93
-87
-77
-64
-50
-38
-46
-65
-91
-119
-139
-149
-152
-152
-151
-156
-153
-152
-151
-146
-147
-151
-147
-145
-147
-151
-156
-156
-159
-160
-159
-160
-163
-163
-166
-169
-169
-172
-173
-175
-179
-175
-175
-182
-183
-181
-180
-182
-181
-185
-186
-188
-191
-196
-191
-192
-188
-186
-188
-192
-194
-191
-191
-196
-197
-199
-201
-204
-200
-200
-204
-206
-204
-205
-207
-206
-210
-211
-213
-214
-216
-216
-216
-217
-222
-221
-217
-221
-224
-224
-227
-224
-228
-230
-233
-226
-226
-228
-229
-230
-230
-232
-233
-230
-229
-231
-226
-226
-229
-228
-232
-233
-232
-234
-241
-236
-235
-234
-239
-240
-233
-239
-237
-241
-241
-241
-241
-239
-238
-240
-238
-243
-244
-245
-246
-244
-241
-243
-246
-245
-244
-246
-249
-250
-250
-248
-250
-253
-254
-251
-251
-254
-257
-254
-257
-259
-258
-260
-265
-261
-265
-270
-270
-271
-270
-272
-274
-275
-283
-287
-288
-290
-295
-297
-295
-295
-296
-298
-302
-304
-306
-309
-312
-315
-324
-333
-333
-334
-336
-339
-339
-344
-342
-346
-352
-354
-355
-361
-366
-373
-383
-384
-384
-386
-385
-385
-385
-389
-396
-398
-401
-404
-405
-409
-411
-412
-411
-409
-408
-404
-403
-398
-399
-396
-395
-392
-388
-379
-365
-339
-320
-324
-336
-354
-380
-399
-412
-417
-420
-416
-415
-416
-411
-409
-413
-417
-421
-416
-419
-432
-431
-432
-434
-435
-440
-450
-457
-463
-463
-463
-469
-478
-487
-497
-504
-513
-513
-513
-513
-513
-513
-513
-513
-513
-513
-513
-513
-513
-513
-513
-513
-513
-513
-513
-513
-513
-513
-513
-513
-513
-513
-513
-513
-513
-513
-513
-513
-513
-513
-513
-513
-513
-513
-513
-513
-513
-513
-513
-513
-513
-513
-513
-513
-513
-513
-513
-513
-513
-513
-513
-513
-513
-513
-513
-513
-513
-513
-513
-513
-513
-513
-513
-513
-513
-513
-513
-513
-513
-513
-513
-513
-513
-513
-513
-513
-513
-513
-513
-513
-513
-513
-513
-513
-513
-513
-513
-513
-513
-513
-513
-513
-513
-513
-513
-513
-513
-513
-513
-513
-513
-513
-513
-513
-513
-513
-513
-513
-513
-513
-513
-513
-513
-513
-513
-513
-513
-513
-513
-513
-513
-513
-513
-513
-513
-513
-513
-513
-513
-513
-513
-513
-513
-513
-513
-513
-513
-513
-513
-513
-513
-513
-513
-513
-513
-513
-513
-513
-513
-513
-513
-513
-513
-513
-513
-513
-513
-513
-513
-513
-513
-513
-513
-513
-513
-513
-513
-513
-513
-513
-513
-513
-513
-513
-513
-513
-513
-513
-513
-513
-513
-513
-513
-513
-513
-513
-513
-513
-513
-513
-513
-513
-513
-513
-513
-513
-513
-513
-513
-513
-513
-513
-513
-513
-513
-513
-513
-513
-513
-513
-513
-513
-513
-513
-513
-513
-513
-513
-513
-513
-513
-513
-513
-513
-513
-513
-513
-513
-513
-513
-513
-513
-513
-513
-513
-513
-513
-513
-513
-513
-513
-513
-513
-513
-513
-513
-513
-513
-513
-513
-513
-513
-513
-513
-513
-513
-513
-513
-513
-513
-513
-513
-513
-513
-513
-513
-513
-513
-513
-513
-513
-513
-513
-513
-513
-513
-513
-513
-513
-513
-513
-513
-513
-513
-513
-513
-513
-513
-513
-513
-513
-513
-513
-513
-513
-513
-513
-513
-513
-513
-513
-513
-513
-513
-513
-513
-513
-513
-513
-513
-513
-513
-513
-513
-513
-513
-513
-513
-513
-513
-513
-513
-513
-513
-513
-513
-513
-513
-513
-513
-513
-513
-513
-513
-513
-513
-513
-513
-513
-513
-513
-513
-513
-513
-513
-513
-513
-513
-513
-513
-513
-513
-513
-513
-513
-513
-513
-513
-513
-513
-513
-513
-513
-513
-513
-513
-513
-513
-513
-513
-513
-513
-513
-513
-513
-513
-513
-513
-513
-513
-513
-513
-513
-513
-513
-513
-513
-513
-513
-513
-513
-513
-513
-513
-513
-513
-513
-513
-513
-513
-513
-513
-513
-513
-513
-513
-512
-503
-500
-496
-492
-490
-481
-476
-475
-466
-462
-462
-461
-455
-447
-450
-446
-445
-445
-444
-445
-435
-431
-429
-426
-422
-423
-419
-416
-418
-414
-406
-405
-406
-403
-399
-396
-395
-393
-401
-394
-387
-392
-394
-386
-387
-386
-385
-384
-379
-378
-378
-377
-369
-369
-368
-365
-365
-367
-359
-357
-354
-360
-355
-353
-355
-350
-346
-349
-349
-346
-344
-347
-343
-338
-338
-341
-338
-335
-330
-316
-303
-276
-263
-265
-277
-286
-308
-331
-341
-349
-349
-351
-353
-351
-343
-338
-330
-328
-321
-319
-325
-328
-323
-318
-319
-321
-320
-316
-316
-319
-319
-315
-315
-313
-314
-323
-320
-316
-308
-311
-311
-317
-314
-309
-314
-312
-309
-309
-309
-309
-307
-309
-306
-304
-305
-306
-307
-303
-303
-306
-306
-301
-300
-300
-299
-304
-304
-300
-302
-303
-297
-298
-304
-303
-304
-309
-307
-304
-304
-308
-309
-313
-311
-312
-311
-309
-309
-312
-307
-304
-309
-311
-308
-304
-310
-304
-307
-306
-310
-307
-304
-302
-303
-305
-302
-297
-302
-304
-301
-299
-298
-301
-302
-297
-299
-301
-300
-297
-298
-301
-298
-298
-297
-298
-295
-295
-297
-296
-298
-293
-296
-296
-300
-303
-296
-295
-294
-295
-292
-294
-294
-297
-298
-297
-290
-287
-292
-289
-293
-292
-287
-290
-293
-295
-292
-289
-284
-287
-285
-283
-285
-281
-284
-285
-283
-280
-283
-283
-285
-278
-278
-273
-269
-276
-280
-273
-264
-254
-235
-219
-205
-214
-220
-238
-267
-285
-289
-298
-297
-300
-299
-295
-294
-287
-284
-279
-277
-275
-277
-277
-276
-277
-281
-274
-271
-272
-272
-275
-272
-270
-267
-267
-266
-265
-264
-266
-263
-266
-263
-258
-253
-251
-250
-250
-246
-248
-250
-245
-243
-240
-241
-241
-239
-238
-238
-238
-233
-229
-231
-232
-234
-234
-230
-231
-231
-226
-229
-232
-226
-231
-229
-225
-226
-230
-229
-233
-233
-231
-232
-231
-233
-233
-231
-228
-231
-232
-232
-234
-231
-228
-224
-227
-225
-222
-222
-220
-220
-223
-223
-219
-219
-217
-218
-220
-215
-216
-212
-212
-212
-214
-216
-211
-210
-207
-207
-211
-210
-211
-207
-210
-210
-208
-209
-209
-208
-211
-209
-212
-213
-205
-203
-205
-206
-203
-201
-204
-204
-207
-211
-208
-201
-201
-201
-203
-196
-199
-200
-205
-200
-199
-198
-205
-212
-204
-194
-193
-196
-195
-199
-203
-203
-197
-199
-197
-193
-185
-170
-148
-133
-133
-140
-156
-184
-205
-221
-228
-229
-230
-228
-220
-214
-211
-212
-213
-210
-210
-207
-204
-214
-213
-216
-217
-221
-230
-236
-241
-251
-255
-253
-257
-266
-265
-271
-270
-274
-274
-280
-287
-289
-288
-293
-296
-295
-303
-299
-301
-307
-310
-310
-310
-310
-312
-315
-317
-315
-319
-320
-318
-316
-323
-323
-324
-320
-327
-326
-328
-327
-331
-336
-337
-335
-335
-337
-335
-338
-341
-340
-339
-343
-342
-345
-346
-347
-345
-349
-348
-347
-347
-352
-345
-344
-343
-338
-340
-337
-335
-339
-339
-336
-338
-338
-335
-335
-334
-333
-333
-333
-335
-336
-336
-333
-330
-331
-330
-333
-333
-334
-330
-333
-332
-330
-330
-328
-332
-330
-329
-329
-329
-326
-324
-323
-324
-325
-321
-316
-314
-316
-316
-314
-314
-312
-311
-313
-316
-309
-304
-308
-311
-311
-304
-305
-302
-303
-304
-297
-284
-270
-251
-234
-232
-238
-254
-279
-294
-313
-319
-314
-311
-310
-306
-301
-301
-291
-291
-293
-291
-281
-276
-280
-269
-270
-271
-272
-271
-274
-272
-268
-265
-266
-267
-270
-261
-257
-261
-258
-261
-259
-254
-249
-252
-256
-249
-243
-243
-244
-240
-240
-235
-235
-233
-233
-223
-222
-220
-219
-221
-221
-217
-215
-210
-205
-204
-203
-203
-200
-198
-193
-189
-184
-184
-181
-182
-181
-177
-177
-175
-175
-176
-174
-176
-176
-176
-170
-169
-167
-165
-165
-163
-164
-159
-161
-161
-159
-153
-151
-153
-152
-151
-148
-146
-143
-140
-139
-142
-139
-132
-133
-128
-126
-124
-117
-116
-120
-113
-108
-104
-102
-107
-106
-101
-100
-96
-93
-88
-87
-81
-81
-83
-81
-80
-77
-74
-73
-72
-71
-68
-70
-70
-63
-59
-59
-59
-56
-58
-59
-53
-54
-54
-53
-50
-44
-37
-39
-37
-35
-32
-32
-22
-20
-10
9
25
42
54
52
47
28
4
-7
-13
-21
-18
-11
-7
0
7
15
15
16
19
16
19
23
24
27
25
21
24
32
35
34
31
24
28
30
29
28
24
30
28
30
29
28
27
31
28
24
30
29
27
26
30
34
32
30
33
32
30
32
34
34
32
37
37
36
33
31
32
31
34
44
40
36
36
35
33
33
38
38
37
36
33
34
36
36
34
36
35
34
34
34
33
29
34
41
33
35
38
37
37
38
33
34
34
36
37
40
34
29
30
36
36
30
27
28
35
36
32
27
28
32
33
29
30
30
27
22
26
26
27
29
28
26
22
26
26
28
28
31
33
30
28
26
27
27
25
20
22
31
30
30
29
26
26
28
31
34
30
29
32
26
25
27
24
24
31
30
26
25
25
23
23
22
23
25
29
28
28
45
60
77
95
94
87
68
41
19
3
0
2
-3
-1
2
8
14
19
23
24
22
21
26
25
19
22
27
23
19
22
21
20
27
22
20
18
16
15
20
17
16
13
12
10
11
7
6
3
2
2
0
2
4
2
0
0
1
-1
4
-3
1
-4
-4
-6
-11
-9
-7
-8
-4
-6
-10
-8
-10
-7
-11
-12
-6
-10
-11
-17
-16
-18
-20
-16
-20
-18
-15
-19
-24
-24
-22
-23
-24
-26
-22
-24
-25
-18
-21
-24
-24
-21
-20
-22
-23
-23
-26
-31
-24
-18
-14
-16
-17
-17
-18
-17
-21
-24
-24
-21
-24
-22
-16
-15
-19
-23
-24
-20
-21
-19
-25
-24
-20
-19
-19
-16
-15
-18
-18
-18
-15
-16
-19
-20
-21
-22
-23
-23
-18
-23
-16
-12
-13
-14
-17
-19
-18
-18
-20
-20
-18
-18
-17
-18
-17
-18
-16
-15
-16
-15
-14
-15
-14
-11
-12
-12
-10
-6
-5
-6
-5
-4
-1
-1
-4
-5
-3
0
1
3
4
-1
2
0
1
-4
-5
-5
-8
-10
-9
-6
-8
-10
-12
-5
-6
-6
-6
-9
-11
-12
-16
-20
-22
-25
-26
-23
-25
-25
-21
-27
-27
-29
-31
-27
-19
-5
12
25
24
11
-5
-32
-57
-74
-86
-92
-93
-92
-90
-92
-90
-81
-78
-79
-78
-81
-79
-77
-72
-72
-71
-68
-71
-70
-66
-63
-63
-62
-58
-56
-57
-53
-49
-45
-43
-47
-43
-40
-40
-41
-43
-39
-39
-39
-37
-37
-37
-33
-33
-35
-28
-31
-33
-33
-29
-36
-33
-31
-32
-33
-33
-32
-35
-34
-34
-29
-33
-33
-31
-31
-35
-37
-35
-32
-35
-33
-34
-34
-30
-34
-36
-40
-43
-40
-40
-40
-45
-43
-41
-48
-48
-46
-50
-51
-54
-55
-58
-62
-58
-60
-57
-57
-54
-58
-59
-56
-57
-59
-59
-59
-60
-59
-56
-60
-59
-64
-59
-57
-56
-55
-58
-59
-61
-62
-65
-64
-63
-60
-58
-61
-60
-61
-61
-61
-62
-64
-66
-65
-65
-67
-65
-64
-63
-63
-62
-62
-61
-62
-49
-44
-39
-40
-39
-39
-39
-33
-29
-26
-25
-27
-23
-25
-28
-29
-35
-33
-37
-43
-41
-44
-47
-54
-53
-62
-67
-65
-76
-75
-79
-85
-88
-90
-79
-67
-53
-37
-36
-41
-54
-81
-107
-125
-130
-134
-137
-135
-134
-131
-124
-117
-123
-121
-118
-120
-123
-120
-119
-119
-121
-115
-119
-113
-109
-105
-106
-108
-108
-108
-108
-107
-109
-108
-101
-103
-99
-104
-104
-108
-104
-101
-103
-104
-102
-98
-103
-104
-104
-107
-99
-100
-98
-102
-101
-99
-97
-98
-99
-100
-103
-108
-102
-101
-102
-102
-101
-101
-104
-106
-109
-108
-107
-114
-116
-111
-114
-115
-114
-116
-118
-121
-123
-126
-121
-121
-121
-121
-123
-126
-134
-131
-124
-124
-127
-123
-127
-125
-126
-129
-131
-131
-127
-129
-128
-126
-131
-133
-134
-138
-140
-139
-137
-141
-138
-141
-142
-140
-138
-145
-148
-149
-156
-160
-166
-173
-178
-185
-193
-203
-214
-220
-222
-230
-245
-257
-266
-278
-286
-294
-299
-302
-310
-319
-328
-341
-355
-366
-378
-389
-398
-408
-418
-423
-432
-436
-443
-451
-459
-461
-465
-472
-473
-469
-463
-453
-447
-450
-468
-491
-513
-513
-513
-513
-513
-513
-513
-513
-513
-513
-513
-513
-513
-513
-513
-513
-513
-513
-513
-513
-513
-513
-513
-513
-513
-496
-486
-478
-477
-464
-441
-414
-390
-380
-380
-379
-383
-386
-383
-387
-387
-390
-396
-404
-418
-426
-440
-484
-513
-513
-513
-513
-513
-513
-513
-513
-513
-513
-513
-513
-513
-513
-513
-513
-513
-513
-513
-513
-513
-513
-513
-513
-513
-513
-513
-513
-513
-513
-513
-513
-513
-513
-513
-513
-513
-513
-513
-513
-513
-513
-513
-513
-513
-513
-513
-513
-513
-513
-513
-513
-513
-513
-513
-513
-513
-513
-513
-513
-513
-437
-394
-373
-338
-318
-316
-308
-297
-286
-275
-263
-255
-248
-241
-235
-230
-233
-228
-229
-226
-224
-223
-227
-230
-229
-225
-228
-223
-225
-229
-232
-228
-226
-227
-224
-226
-223
-219
-222
-219
-220
-221
-218
-219
-215
-212
-212
-213
-212
-211
-208
-198
-188
-173
-152
-141
-143
-153
-174
-191
-204
-215
-222
-221
-220
-216
-213
-209
-204
-197
-195
-189
-184
-180
-185
-179
-179
-180
-181
-178
-180
-175
-177
-178
-175
-175
-177
-176
-175
-173
-172
-175
-174
-172
-172
-170
-170
-170
-171
-171
-170
-171
-172
-174
-172
-167
-168
-166
-165
-172
-171
-166
-168
-163
-161
-160
-161
-161
-165
-166
-165
-166
-166
-161
-163
-165
-163
-167
-169
-170
-170
-170
-175
-176
-177
-178
-173
-177
-178
-177
-179
-182
-184
-185
-186
-185
-188
-192
-194
-198
-196
-197
-197
-196
-199
-199
-195
-198
-203
-201
-203
-199
-197
-201
-204
-198
-201
-203
-201
-206
-203
-204
-204
-199
-203
-208
-210
-212
-213
-213
-206
-204
-210
-209
-206
-209
-208
-210
-214
-216
-216
-216
-211
-210
-213
-218
-218
-220
-218
-221
-222
-225
-221
-217
-215
-215
-220
-223
-223
-219
-218
-217
-216
-217
-217
-215
-211
-210
-208
-208
-208
-208
-208
-199
-189
-176
-156
-130
-130
-139
-148
-173
-200
-217
-224
-228
-230
-229
-231
-229
-222
-216
-213
-216
-213
-217
-220
-221
-224
-224
-227
-230
-232
-232
-233
-233
-230
-235
-233
-231
-232
-236
-235
-233
-227
-227
-227
-229
-226
-225
-223
-221
-220
-218
-213
-216
-211
-212
-215
-210
-209
-213
-216
-219
-216
-219
-213
-218
-220
-229
-226
-228
-232
-232
-239
-239
-241
-235
-241
-244
-244
-247
-247
-249
-249
-252
-254
-255
-259
-257
-255
-258
-260
-258
-260
-262
-263
-265
-269
-266
-269
-265
-263
-261
-266
-261
-260
-261
-262
-263
-267
-269
-271
-269
-267
-269
-270
-267
-273
-275
-272
-274
-277
-276
-276
-276
-275
-270
-271
-268
-266
-264
-264
-266
-268
-266
-262
-268
-268
-268
-265
-269
-268
-266
-263
-266
-268
-270
-274
-276
-279
-284
-286
-287
-291
-296
-301
-304
-303
-302
-305
-311
-309
-310
-316
-313
-310
-313
-311
-312
-313
-309
-309
-313
-312
-313
-311
-311
-303
-291
-274
-258
-253
-265
-280
-307
-335
-357
-366
-361
-363
-361
-361
-359
-356
-353
-352
-350
-345
-345
-348
-345
-345
-348
-347
-344
-343
-340
-340
-338
-341
-339
-330
-328
-331
-329
-327
-317
-314
-312
-314
-312
-316
-323
-324
-320
-317
-320
-326
-323
-318
-319
-324
-326
-331
-336
-335
-340
-343
-344
-350
-354
-358
-369
-373
-386
-398
-406
-412
-420
-432
-446
-461
-473
-478
-485
-490
-498
-505
-512
-513
-513
-513
-513
-513
-513
-513
-513
-513
-513
-513
-513
-513
-513
-513
-513
-513
-513
-513
-513
-513
-513
-513
-513
-513
-513
-513
-513
-513
-513
-513
-513
-513
-513
-513
-513
-513
-513
-513
-513
-513
-513
-513
-513
-513
-513
-513
-513
-513
-513
-513
-513
-513
-513
-513
-513
-513
-513
-513
-513
-513
-513
-513
-513
-513
-513
-513
-513
-513
-513
-513
-513
-513
-513
-513
-513
-513
-513
-513
-513
-513
-513
-513
-513
-513
-513
-513
-513
-513
-513
-513
-513
-513
-513
-513
-513
-513
-513
-513
-513
-513
-513
-513
-513
-513
-513
-513
-513
-513
-513
-513
-513
-513
-513
-513
-513
-513
-513
-513
-513
-513
-513
-513
-513
-513
-513
-513
-513
-513
-513
-513
-513
-513
-513
-513
-513
-513
-513
-513
-513
-513
-513
-513
-513
-513
-513
-513
-513
-513
-513
-513
-513
-513
-513
-513
-513
-513
-513
-513
-513
-513
-513
-513
-513
-513
-513
-513
-513
-513
-513
-513
-513
-513
-513
-513
-513
-513
-513
-513
-513
-513
-513
-513
-513
-513
-513
-513
-513
-513
-513
-513
-513
-513
-513
-513
-513
-513
-513
-513
-513
-513
-513
-513
-513
-513
-513
-513
-513
-513
-513
-513
-513
-513
-513
-513
-513
-513
-513
-513
-513
-513
-513
-513
-513
-513
-513
-513
-513
-513
-513
-513
-513
-513
-513
-513
-513
-513
-513
-513
-513
-513
-513
-513
-513
-513
-513
-513
-513
-513
-513
-513
-513
-513
-513
-513
-513
-513
-513
-513
-513
-513
-513
-513
-513
-513
-513
-513
-513
-513
-513
-513
-513
-513
-513
-513
-513
-513
-513
-513
-513
-513
-513
-513
-513
-513
-513
-499
-480
-461
-456
-460
-475
-501
-513
-513
-513
-513
-513
-513
-509
-501
-492
-475
-463
-459
-453
-449
-448
-444
-436
-434
-432
-430
-426
-419
-417
-409
-406
-403
-396
-393
-391
-386
-382
-375
-372
-372
-368
-358
-359
-363
-352
-352
-353
-348
-343
-338
-333
-331
-328
-320
-316
-310
-301
-296
-296
-293
-287
-284
-276
-268
-261
-253
