-31
-34
-41
-44
-38
-40
-49
-49
-50
-54
-55
-58
-56
-57
-58
-63
-64
-62
-62
-63
-65
-67
-66
-62
-62
-65
-67
-65
-62
-64
-64
-67
-67
-70
-73
-62
-68
-69
-64
-62
-65
-71
-76
-68
-57
-58
-65
-68
-69
-71
-69
-65
-65
-70
-73
-68
-67
-69
-66
-63
-62
-63
-72
-74
-73
-71
-73
-70
-70
-71
-72
-72
-76
-72
-67
-70
-74
-73
-76
-73
-76
-74
-75
-75
-73
-74
-75
-75
-76
-76
-76
-73
-72
-74
-76
-75
-76
-79
-74
-73
-72
-76
-77
-77
-77
-74
-77
-79
-77
-72
-72
-76
-84
-80
-70
-62
-66
-71
-68
-67
-71
-71
-70
-69
-68
-70
-73
-75
-76
-74
-72
-75
-78
-79
-76
-74
-77
-75
-75
-74
-73
-76
-80
-78
-75
-76
-72
-72
-78
-78
-74
-70
-63
-52
-34
-7
22
19
-4
-36
-64
-80
-89
-84
-80
-83
-79
-70
-66
-65
-66
-69
-73
-72
-77
-81
-78
-70
-63
-56
-62
-65
-68
-70
-69
-69
-71
-71
-78
-77
-61
-57
-60
-61
-64
-67
-64
-68
-71
-72
-72
-67
-63
-60
-54
-56
-60
-59
-59
-61
-64
-63
-56
-51
-53
-54
-56
-58
-53
-48
-48
-46
-45
-46
-44
-46
-43
-47
-49
-44
-46
-47
-53
-59
-55
-56
-55
-54
-55
-58
-62
-65
-62
-62
-64
-66
-66
-67
-65
-66
-64
-67
-69
-63
-61
-63
-66
-68
-71
-72
-67
-64
-67
-66
-67
-67
-67
-70
-71
-66
-61
-65
-67
-70
-71
-70
-64
-60
-63
-67
-67
-66
-66
-68
-68
-66
-58
-60
-66
-66
-68
-74
-71
-63
-62
-63
-64
-66
-68
-65
-63
-62
-66
-68
-68
-69
-70
-65
-64
-63
-64
-69
-69
-71
-70
-66
-68
-64
-64
-66
-68
-66
-68
-72
-69
-71
-71
-73
-68
-68
-68
-65
-65
-69
-70
-70
-69
-66
-69
-68
-65
-60
-64
-64
-64
-65
-64
-63
-62
-62
-59
-60
-66
-69
-68
-68
-64
-65
-71
-70
-68
-69
-74
-73
-70
-73
-70
-72
-74
-75
-69
-68
-69
-71
-75
-73
-75
-74
-73
-69
-59
-49
-36
-16
11
24
6
-25
-55
-71
-84
-89
-81
-77
-74
-69
-68
-68
-68
-71
-67
-67
-71
-69
-71
-69
-65
-65
-65
-66
-65
-69
-69
-69
-69
-67
-64
-65
-67
-68
-66
-65
-62
-65
-66
-68
-64
-63
-65
-64
-62
-62
-62
-64
-67
-61
-58
-60
-61
-64
-65
-61
-58
-55
-54
-52
-53
-53
-50
-52
-47
-44
-49
-48
-46
-41
-44
-51
-56
-54
-51
-56
-62
-65
-59
-59
-60
-66
-70
-67
-64
-62
-68
-70
-69
-68
-67
-73
-72
-72
-70
-70
-68
-70
-69
-71
-70
-75
-78
-68
-66
-73
-73
-74
-72
-68
-67
-72
-74
-74
-71
-72
-71
-70
-70
-75
-76
-71
-73
-75
-72
-74
-72
-74
-72
-68
-70
-74
-76
-73
-71
-72
-74
-75
-73
-75
-78
-74
-74
-72
-71
-74
-75
-70
-71
-76
-76
-77
-77
-71
-71
-74
-76
-76
-77
-73
-75
-77
-84
-80
-71
-70
-73
-74
-72
-69
-73
-78
-79
-75
-73
-76
-77
-77
-74
-72
-72
-71
-71
-75
-69
-69
-66
-65
-68
-70
-70
-72
-72
-75
-74
-74
-80
-80
-79
-75
-72
-74
-78
-79
-76
-78
-81
-83
-81
-78
-77
-81
-81
-84
-81
-81
-81
-79
-79
-76
-67
-46
-25
-5
15
8
-21
-55
-81
-99
-96
-91
-86
-81
-81
-81
-85
-84
-79
-79
-81
-80
-83
-84
-79
-79
-84
-84
-79
-78
-80
-83
-80
-83
-83
-83
-81
-80
-78
-76
-76
-81
-81
-78
-78
-77
-79
-83
-79
-79
-78
-76
-76
-78
-78
-75
-70
-75
-78
-73
-66
-65
-72
-71
-69
-69
-66
-64
-64
-61
-59
-63
-65
-64
-61
-63
-59
-57
-60
-63
-65
-70
-72
-72
-75
-75
-77
-79
-80
-79
-81
-84
-85
-81
-83
-85
-83
-84
-85
-80
-84
-88
-89
-91
-88
-86
-91
-86
-80
-84
-86
-90
-89
-87
-87
-89
-90
-89
-88
-85
-84
-89
-90
-90
-90
-86
-81
-85
-86
-86
-85
-87
-84
-81
-83
-86
-88
-89
-88
-86
-88
-90
-86
-80
-79
-83
-86
-85
-86
-86
-86
-83
-85
-88
-89
-90
-85
-86
-89
-87
-81
-85
-88
-90
-85
-83
-84
-85
-87
-88
-89
-88
-88
-89
-83
-83
-90
-92
-87
-85
-80
-85
-88
-89
-86
-80
-84
-89
-91
-90
-85
-84
-79
-79
-78
-78
-83
-85
-81
-76
-75
-83
-90
-86
-80
-85
-87
-85
-83
-83
-83
-86
-92
-91
-88
-86
-88
-92
-88
-87
-89
-91
-92
-88
-89
-90
-93
-92
-89
-85
-72
-59
-43
-22
2
1
-26
-59
-83
-95
-99
-98
-98
-91
-87
-87
-89
-89
-85
-86
-89
-90
-88
-79
-79
-83
-84
-87
-88
-85
-80
-83
-87
-88
-88
-88
-89
-88
-79
-75
-80
-87
-83
-83
-81
-77
-80
-85
-83
-80
-83
-81
-81
-80
-76
-73
-76
-78
-78
-73
-70
-72
-76
-81
-75
-61
-60
-64
-66
-65
-64
-63
-63
-63
-65
-63
-61
-64
-67
-67
-68
-68
-73
-76
-77
-75
-73
-73
-75
-80
-83
-81
-78
-78
-83
-88
-87
-83
-84
-81
-85
-85
-84
-80
-80
-80
-83
-87
-83
-81
-80
-84
-88
-91
-81
-80
-85
-85
-88
-83
-78
-80
-81
-80
-83
-83
-77
-79
-83
-80
-80
-86
-86
-83
-81
-84
-85
-80
-81
-85
-89
-87
-85
-81
-85
-85
-85
-85
-86
-83
-83
-86
-86
-90
-88
-89
-89
-84
-85
-87
-86
-89
-89
-88
-87
-83
-84
-87
-85
-88
-88
-88
-87
-86
-84
-84
-91
-92
-90
-87
-85
-84
-85
-90
-86
-86
-85
-85
-89
-85
-81
-81
-83
-87
-86
-84
-79
-78
-81
-79
-73
-78
-83
-86
-81
-77
-79
-80
-84
-88
-87
-90
-88
-86
-81
-80
-81
-84
-86
-86
-85
-84
-80
-85
-88
-83
-83
-81
-85
-87
-87
-84
-78
-69
-53
-34
-16
1
2
-23
-60
-83
-95
-99
-89
-88
-84
-85
-84
-84
-78
-77
-78
-80
-80
-83
-85
-86
-83
-75
-73
-76
-79
-78
-76
-75
-75
-77
-81
-80
-76
-76
-78
-78
-81
-81
-83
-77
-74
-76
-73
-73
-75
-75
-75
-76
-75
-73
-74
-74
-76
-77
-71
-69
-67
-67
-69
-67
-68
-62
-57
-59
-61
-61
-59
-59
-61
-63
-60
-55
-56
-62
-67
-71
-69
-67
-67
-71
-74
-73
-73
-73
-74
-74
-73
-78
-81
-84
-83
-77
-78
-77
-79
-86
-80
-78
-81
-81
-79
-76
-81
-80
-77
-77
-80
-81
-76
-78
-80
-77
-78
-81
-83
-78
-78
-74
-74
-79
-88
-80
-73
-74
-74
-79
-80
-81
-74
-73
-75
-81
-84
-84
-79
-76
-75
-73
-77
-77
-73
-76
-75
-75
-77
-77
-77
-78
-77
-77
-75
-77
-80
-81
-79
-73
-73
-73
-75
-78
-84
-78
-73
-72
-77
-77
-76
-75
-75
-76
-75
-72
-73
-75
-80
-80
-78
-69
-70
-74
-74
-74
-73
-71
-71
-73
-74
-69
-70
-70
-67
-65
-64
-69
-74
-73
-70
-70
-69
-70
-70
-71
-72
-74
-76
-77
-76
-78
-84
-80
-75
-72
-73
-81
-76
-69
-68
-71
-75
-75
-78
-83
-77
-72
-65
-48
-31
-7
22
22
-8
-41
-64
-75
-85
-88
-81
-77
-77
-76
-72
-67
-70
-73
-71
-75
-74
-73
-74
-71
-70
-73
-73
-68
-66
-70
-74
-73
-70
-68
-68
-70
-73
-70
-71
-72
-69
-70
-75
-77
-69
-63
-68
-69
-67
-65
-63
-66
-70
-72
-66
-62
-64
-66
-68
-67
-57
-54
-56
-55
-52
-53
-52
-49
-51
-52
-49
-49
-50
-51
-49
-53
-55
-54
-54
-57
-60
-64
-67
-71
-69
-64
-62
-64
-65
-71
-73
-70
-69
-74
-74
-71
-72
-74
-73
-77
-73
-68
-70
-73
-73
-72
-72
-73
-75
-76
-74
-71
-72
-71
-70
-75
-74
-74
-73
-75
-73
-71
-69
-74
-76
-75
-71
-75
-77
-72
-70
-72
-74
-76
-74
-70
-70
-71
-72
-75
-72
-72
-73
-73
-74
-74
-76
-73
-73
-77
-74
-77
-75
-70
-69
-71
-73
-78
-80
-76
-72
-72
-75
-74
-76
-75
-76
-77
-77
-76
-72
-72
-73
-77
-78
-76
-76
-73
-75
-76
-77
-71
-74
-76
-77
-77
-75
-70
-68
-71
-72
-68
-68
-64
-67
-70
-71
-72
-72
-70
-73
-74
-77
-73
-74
-75
-76
-77
-77
-79
-79
-73
-72
-76
-79
-79
-78
-78
-79
-78
-75
-74
-77
-83
-83
-77
-65
-52
-38
-19
5
19
5
-29
-62
-79
-90
-86
-81
-77
-75
-77
-79
-78
-79
-76
-75
-75
-73
-73
-73
-71
-75
-76
-77
-77
-73
-75
-74
-78
-72
-72
-69
-71
-77
-74
-73
-78
-78
-74
-71
-69
-71
-75
-71
-70
-70
-68
-67
-68
-70
-70
-66
-65
-65
-65
-66
-63
-64
-63
-64
-59
-56
-58
-56
-52
-55
-53
-53
-54
-51
-54
-52
-49
-51
-56
-60
-57
-60
-63
-68
-72
-69
-68
-68
-68
-70
-73
-73
-70
-69
-70
-72
-75
-75
-70
-70
-75
-75
-77
-73
-74
-71
-72
-74
-78
-76
-74
-69
-72
-74
-74
-71
-72
-71
-72
-72
-73
-75
-72
-71
-75
-70
-71
-77
-73
-66
-69
-74
-73
-71
-72
-71
-70
-69
-74
-73
-71
-70
-71
-72
-69
-70
-72
-74
-72
-69
-70
-73
-70
-71
-70
-69
-73
-77
-74
-71
-72
-70
-70
-74
-72
-72
-73
-68
-66
-68
-69
-68
-69
-72
-73
-72
-68
-70
-67
-68
-73
-75
-77
-73
-66
-64
-63
-64
-67
-66
-65
-65
-65
-66
-69
-64
-62
-61
-61
-61
-70
-71
-73
-74
-69
-66
-66
-71
-70
-71
-70
-68
-67
-72
-76
-72
-69
-71
-75
-77
-75
-75
-79
-80
-75
-63
-57
-47
-31
-9
15
19
-8
-43
-66
-79
-90
-89
-84
-78
-76
-77
-76
-68
-66
-74
-77
-72
-71
-68
-69
-73
-75
-74
-76
-74
-75
-76
-73
-72
-70
-74
-74
-75
-73
-73
-75
-75
-74
-73
-67
-70
-68
-70
-70
-71
-71
-71
-71
-69
-68
-69
-71
-73
-68
-60
-66
-67
-60
-60
-61
-59
-58
-57
-59
-57
-59
-57
-55
-57
-56
-51
-47
-56
-58
-54
-57
-60
-63
-62
-63
-67
-67
-67
-67
-70
-69
-69
-73
-70
-71
-76
-71
-70
-69
-69
-72
-73
-73
-70
-67
-69
-73
-74
-73
-70
-70
-70
-66
-68
-67
-68
-71
-73
-70
-66
-74
-79
-72
-64
-62
-68
-67
-67
-69
-68
-69
-68
-65
-66
-65
-68
-69
-68
-63
-66
-72
-74
-67
-66
-68
-69
-66
-66
-68
-69
-70
-70
-69
-63
-58
-65
-67
-69
-73
-73
-68
-67
-65
-67
-66
-67
-72
-73
-70
-66
-68
-71
-71
-70
-73
-71
-71
-70
-70
-72
-74
-75
-70
-68
-67
-70
-75
-75
-72
-66
-64
-67
-68
-68
-64
-64
-67
-68
-68
-70
-73
-69
-69
-74
-72
-72
-77
-76
-73
-76
-81
-73
-66
-71
-71
-73
-76
-75
-73
-71
-72
-74
-75
-77
-72
-67
-62
-53
-28
2
22
19
-5
-37
-61
-75
-83
-81
-75
-71
-68
-69
-68
-66
-67
-68
-67
-66
-71
-68
-62
-61
-65
-69
-67
-66
-64
-63
-66
-64
-62
-64
-66
-65
-65
-66
-62
-61
-64
-62
-61
-67
-68
-66
-59
-56
-58
-60
-63
-65
-61
-56
-54
-58
-58
-57
-56
-54
-53
-51
-53
-53
-51
-49
-46
-44
-43
-44
-43
-41
-47
-49
-47
-44
-46
-50
-52
-54
-53
-55
-61
-63
-57
-57
-62
-66
-68
-66
-58
-65
-66
-67
-68
-67
-68
-67
-68
-69
-69
-68
-67
-66
-67
-70
-68
-72
-70
-68
-69
-69
-69
-68
-69
-67
-67
-68
-69
-70
-70
-71
-65
-66
-69
-69
-70
-67
-66
-69
-67
-69
-70
-64
-67
-69
-68
-70
-66
-65
-66
-65
-66
-69
-72
-72
-67
-67
-67
-69
-68
-66
-66
-66
-73
-71
-69
-69
-66
-66
-70
-69
-64
-68
-72
-69
-67
-69
-69
-70
-69
-73
-72
-72
-69
-63
-67
-73
-72
-67
-64
-64
-63
-68
-68
-65
-63
-63
-62
-64
-68
-67
-66
-69
-67
-62
-62
-65
-67
-74
-74
-70
-73
-72
-68
-67
-68
-73
-75
-76
-76
-70
-67
-71
-74
-70
-70
-74
-78
-72
-63
-50
-36
-18
5
25
17
-11
-45
-70
-80
-80
-73
-77
-77
-72
-72
-74
-71
-69
-66
-62
-66
-71
-72
-70
-66
-66
-71
-70
-71
-72
-71
-67
-67
-67
-69
-68
-68
-72
-68
-67
-66
-64
-67
-69
-69
-67
-69
-68
-63
-64
-66
-65
-64
-62
-62
-63
-63
-60
-60
-59
-59
-62
-56
-54
-51
-51
-52
-53
-52
-48
-45
-48
-51
-48
-46
-52
-57
-57
-52
-53
-57
-64
-64
-60
-64
-67
-69
-65
-66
-67
-70
-72
-75
-72
-69
-69
-70
-69
-71
-70
-72
-74
-71
-67
-68
-69
-72
-72
-71
-69
-67
-69
-75
-74
-74
-72
-72
-69
-70
-72
-71
-68
-67
-70
-70
-73
-69
-67
-68
-69
-70
-71
-72
-71
-65
-66
-69
-72
-71
-66
-67
-67
-70
-70
-73
-68
-66
-67
-70
-68
-71
-68
-65
-68
-68
-67
-70
-67
-67
-66
-68
-70
-69
-67
-69
-68
-69
-70
-72
-69
-66
-68
-74
-76
-67
-64
-69
-70
-68
-66
-73
-69
-64
-62
-63
-62
-63
-65
-64
-64
-65
-68
-65
-58
-62
-66
-63
-65
-66
-67
-69
-71
-70
-67
-67
-71
-73
-74
-73
-69
-65
-67
-69
-69
-70
-71
-72
-68
-69
-73
-72
-68
-59
-49
-29
-10
10
23
5
-26
-59
-72
-83
-80
-74
-69
-69
-72
-69
-69
-69
-69
-66
-69
-71
-65
-67
-72
-67
-67
-65
-68
-68
-68
-65
-69
-70
-68
-66
-65
-65
-69
-70
-68
-67
-62
-63
-66
-66
-63
-66
-66
-60
-60
-60
-64
-64
-61
-60
-58
-57
-62
-62
-61
-58
-49
-49
-54
-57
-51
-45
-46
-47
-47
-46
-45
-45
-48
-46
-49
-51
-51
-54
-51
-52
-54
-58
-60
-64
-63
-59
-56
-61
-63
-67
-68
-69
-65
-64
-68
-69
-68
-71
-70
-64
-63
-65
-63
-67
-68
-65
-66
-68
-67
-66
-65
-68
-68
-71
-70
-70
-69
-71
-68
-70
-68
-66
-69
-71
-71
-66
-66
-69
-69
-68
-64
-65
-72
-70
-68
-68
-68
-69
-68
-69
-68
-69
-73
-67
-67
-66
-66
-70
-72
-72
-65
-63
-64
-64
-66
-64
-69
-66
-66
-65
-65
-68
-70
-69
-67
-69
-68
-68
-67
-66
-65
-65
-67
-70
-65
-62
-63
-71
-68
-62
-60
-63
-66
-67
-66
-63
-61
-60
-60
-60
-60
-60
-60
-63
-66
-65
-61
-60
-59
-62
-64
-64
-66
-67
-69
-70
-69
-68
-71
-72
-67
-62
-68
-70
-70
-69
-67
-66
-68
-70
-70
-64
-61
-50
-36
-21
-3
14
12
-13
-45
-66
-80
-83
-72
-66
-69
-67
-70
-69
-65
-62
-60
-64
-63
-64
-69
-64
-61
-62
-60
-62
-66
-65
-64
-61
-62
-61
-62
-61
-60
-63
-66
-61
-58
-59
-60
-58
-55
-58
-56
-58
-62
-59
-61
-56
-57
-59
-59
-56
-47
-50
-55
-56
-49
-47
-49
-49
-46
-45
-41
-44
-44
-43
-41
-40
-37
-39
-44
-45
-40
-44
-49
-50
-47
-49
-55
-55
-55
-54
-54
-62
-63
-59
-57
-58
-61
-62
-63
-61
-59
-58
-58
-60
-59
-63
-62
-63
-62
-56
-56
-59
-62
-65
-68
-62
-53
-55
-59
-62
-62
-58
-57
-56
-58
-55
-59
-60
-61
-62
-57
-53
-58
-60
-55
-56
-54
-54
-54
-54
-53
-57
-58
-60
-59
-54
-55
-54
-56
-62
-58
-54
-54
-54
-53
-55
-53
-57
-57
-53
-52
-55
-55
-57
-55
-57
-57
-56
-56
-58
-56
-50
-52
-55
-54
-58
-59
-60
-55
-53
-54
-53
-55
-60
-59
-58
-55
-55
-59
-62
-56
-52
-50
-48
-49
-47
-50
-51
-50
-48
-48
-52
-52
-55
-55
-54
-55
-56
-54
-55
-54
-57
-60
-65
-62
-52
-54
-57
-60
-57
-54
-55
-58
-60
-60
-58
-56
-61
-61
-55
-48
-34
-17
-1
14
26
13
-16
-46
-61
-68
-68
-62
-59
-55
-54
-53
-54
-58
-56
-59
-59
-55
-55
-53
-48
-49
-49
-52
-56
-55
-52
-46
-49
-49
-47
-51
-52
-50
-51
-56
-52
-50
-48
-46
-47
-47
-45
-50
-48
-48
-47
-47
-44
-44
-46
-43
-46
-46
-43
-39
-37
-37
-39
-37
-35
-33
-33
-35
-34
-32
-29
-30
-31
-33
-32
-31
-34
-38
-36
-31
-36
-41
-46
-46
-47
-43
-45
-47
-48
-48
-50
-55
-55
-50
-47
-51
-54
-56
-52
-51
-52
-54
-51
-53
-51
-54
-55
-54
-54
-52
-51
-53
-50
-48
-48
-49
-52
-52
-53
-53
-53
-54
-54
-50
-51
-53
-53
-50
-51
-52
-49
-48
-48
-49
-50
-55
-57
-54
-51
-52
-50
-50
-52
-54
-51
-45
-50
-48
-51
-49
-44
-44
-51
-53
-50
-55
-52
-47
-47
-48
-53
-53
-51
-52
-51
-49
-51
-54
-50
-48
-48
-50
-54
-52
-48
-50
-52
-51
-51
-51
-51
-53
-50
-48
-48
-43
-46
-49
-47
-44
-44
-44
-45
-43
-45
-48
-49
-49
-51
-52
-51
-55
-59
-54
-55
-54
-55
-56
-49
-49
-49
-51
-54
-57
-49
-50
-54
-57
-54
-53
-50
-43
-27
-10
10
33
42
22
-7
-35
-54
-66
-68
-61
-57
-54
-53
-54
-52
-49
-48
-50
-53
-54
-54
-48
-48
-49
-49
-50
-49
-49
-50
-50
-47
-50
-50
-51
-53
-55
-52
-53
-57
-51
-45
-49
-52
-48
-48
-46
-46
-47
-50
-47
-46
-44
-48
-49
-49
-50
-49
-40
-39
-40
-39
-36
-34
-31
-32
-38
-35
-30
-28
-31
-29
-28
-27
-29
-30
-30
-32
-37
-41
-43
-44
-44
-41
-41
-46
-50
-54
-55
-49
-48
-52
-51
-53
-51
-53
-50
-51
-55
-57
-54
-51
-50
-53
-57
-60
-56
-48
-50
-54
-55
-53
-54
-54
-54
-53
-54
-51
-50
-54
-54
-55
-56
-57
-54
-48
-46
-48
-50
-49
-51
-51
-51
-49
-54
-57
-50
-50
-51
-52
-53
-53
-52
-52
-50
-50
-51
-55
-57
-53
-50
-48
-44
-47
-50
-49
-48
-52
-56
-52
-48
-48
-50
-49
-48
-47
-52
-54
-52
-51
-52
-51
-49
-43
-48
-49
-48
-46
-45
-46
-44
-41
-43
-44
-46
-41
-36
-36
-39
-48
-52
-50
-48
-48
-48
-49
-54
-55
-52
-52
-51
-49
-49
-51
-54
-56
-52
-51
-49
-49
-51
-52
-54
-56
-57
-50
-39
-19
-3
18
45
48
22
-16
-45
-61
-69
-64
-60
-54
-52
-48
-48
-52
-53
-50
-49
-52
-52
-50
-53
-50
-47
-48
-52
-53
-49
-49
-52
-51
-53
-48
-49
-48
-49
-51
-51
-50
-50
-50
-52
-52
-47
-44
-50
-50
-47
-48
-46
-49
-50
-47
-47
-44
-41
-44
-44
-44
-40
-40
-39
-38
-35
-30
-30
-32
-30
-28
-30
-33
-31
-33
-33
-35
-37
-37
-38
-36
-38
-44
-48
-52
-52
-50
-49
-49
-52
-54
-55
-56
-54
-54
-55
-62
-62
-57
-54
-56
-59
-56
-54
-55
-55
-56
-59
-57
-55
-55
-53
-54
-55
-51
-57
-61
-60
-54
-53
-55
-58
-55
-53
-57
-55
-53
-50
-51
-52
-52
-53
-51
-51
-51
-50
-50
-54
-56
-56
-50
-46
-51
-53
-53
-53
-54
-54
-53
-52
-53
-52
-55
-55
-56
-53
-52
-54
-55
-53
-55
-55
-54
-61
-61
-50
-51
-56
-61
-52
-47
-49
-53
-55
-51
-53
-55
-58
-56
-49
-48
-49
-52
-46
-47
-48
-48
-49
-49
-47
-47
-46
-44
-48
-49
-51
-53
-55
-50
-51
-55
-53
-52
-56
-58
-54
-56
-57
-56
-54
-50
-51
-54
-54
-54
-54
-57
-57
-50
-36
-19
-5
15
32
26
2
-31
-54
-63
-65
-63
-59
-53
-52
-55
-56
-54
-49
-53
-54
-53
-56
-53
-55
-53
-53
-55
-53
-54
-51
-50
-52
-52
-54
-54
-56
-54
-54
-53
-51
-51
-54
-55
-52
-49
-48
-49
-50
-52
-51
-47
-50
-48
-48
-48
-49
-48
-48
-52
-46
-39
-39
-40
-40
-41
-39
-39
-36
-37
-37
-30
-33
-38
-35
-33
-31
-33
-39
-41
-43
-45
-45
-46
-47
-47
-48
-48
-49
-53
-58
-53
-49
-51
-51
-52
-56
-54
-55
-56
-53
-50
-50
-56
-55
-55
-54
-54
-54
-54
-52
-53
-55
-53
-57
-56
-52
-50
-55
-59
-56
-56
-52
-53
-52
-53
-50
-48
-51
-55
-52
-49
-52
-56
-54
-54
-49
-47
-54
-55
-51
-53
-50
-53
-49
-47
-48
-50
-52
-52
-51
-50
-50
-53
-51
-49
-48
-49
-50
-50
-52
-51
-52
-56
-49
-49
-47
-46
-50
-51
-52
-49
-47
-50
-49
-47
-47
-52
-48
-48
-51
-50
-47
-49
-47
-47
-38
-43
-44
-47
-38
-37
-41
-43
-44
-41
-39
-44
-49
-47
-48
-45
-48
-53
-51
-48
-52
-50
-48
-51
-54
-43
-46
-47
-50
-52
-51
-49
-50
-50
-50
-48
-49
-41
-31
-14
5
26
43
26
-7
-36
-50
-56
-60
-56
-56
-56
-52
-47
-43
-43
-43
-46
-50
-49
-51
-46
-45
-45
-46
-43
-45
-50
-50
-47
-45
-48
-47
-43
-40
-40
-46
-49
-48
-46
-43
-41
-40
-43
-43
-45
-43
-44
-43
-40
-40
-41
-44
-43
-40
-37
-34
-33
-37
-38
-36
-31
-32
-30
-28
-29
-28
-29
-30
-28
-26
-24
-26
-25
-27
-29
-30
-33
-37
-32
-31
-33
-39
-44
-43
-41
-44
-46
-46
-47
-48
-46
-44
-46
-50
-50
-47
-46
-48
-50
-54
-46
-41
-48
-50
-49
-47
-48
-53
-49
-47
-46
-46
-48
-49
-45
-45
-49
-50
-50
-51
-47
-43
-48
-51
-52
-46
-47
-43
-40
-45
-49
-50
-48
-43
-41
-44
-50
-54
-50
-48
-49
-51
-48
-45
-48
-44
-43
-45
-47
-47
-48
-50
-50
-48
-48
-48
-51
-49
-46
-44
-48
-51
-55
-54
-46
-40
-46
-48
-48
-43
-41
-45
-47
-48
-48
-49
-49
-49
-47
-48
-50
-50
-50
-41
-40
-40
-40
-41
-39
-40
-37
-37
-41
-46
-50
-46
-40
-45
-44
-43
-43
-49
-50
-50
-47
-44
-47
-50
-49
-49
-49
-49
-51
-45
-43
-47
-46
-47
-47
-50
-47
-47
-39
-28
-10
10
32
47
33
2
-31
-51
-61
-58
-52
-50
-46
-46
-44
-46
-40
-40
-41
-43
-38
-36
-39
-41
-39
-44
-43
-39
-38
-37
-43
-36
-36
-36
-41
-36
-33
-40
-45
-39
-31
-34
-35
-38
-34
-33
-35
-36
-39
-40
-34
-27
-31
-35
-33
-33
-32
-28
-25
-25
-28
-23
-20
-16
-12
-18
-19
-18
-18
-16
-12
-10
-15
-20
-14
-14
-12
-14
-17
-22
-26
-25
-27
-29
-28
-26
-27
-32
-33
-34
-35
-33
-33
-34
-32
-31
-31
-37
-34
-32
-31
-36
-36
-34
-31
-32
-33
-36
-34
-29
-36
-35
-31
-34
-33
-35
-32
-32
-34
-31
-33
-34
-33
-34
-38
-32
-25
-27
-33
-30
-30
-33
-35
-33
-31
-29
-30
-31
-32
-30
-30
-31
-29
-30
-34
-33
-33
-31
-29
-30
-34
-33
-28
-32
-33
-32
-32
-34
-36
-34
-30
-26
-32
-37
-37
-31
-28
-33
-34
-34
-31
-32
-34
-36
-32
-32
-32
-32
-33
-26
-26
-29
-30
-25
-24
-23
-24
-26
-28
-26
-26
-28
-31
-31
-34
-30
-28
-32
-35
-39
-36
-32
-30
-35
-33
-34
-38
-38
-33
-32
-33
-32
-37
-37
-40
-40
-44
-38
-29
-18
-1
15
33
53
55
33
4
-27
-48
-51
-45
-38
-43
-38
-30
-31
-36
-38
-36
-34
-33
-31
-32
-31
-33
-34
-33
-35
-34
-36
-32
-33
-33
-36
-39
-34
-27
-28
-31
-34
-36
-38
-32
-29
-31
-32
-32
-32
-32
-31
-33
-31
-33
-36
-37
-32
-25
-25
-27
-28
-24
-22
-21
-20
-20
-21
-18
-16
-15
-20
-20
-18
-16
-16
-15
-17
-19
-26
-25
-21
-20
-27
-30
-32
-34
-34
-31
-29
-32
-38
-41
-46
-44
-37
-34
-36
-38
-40
-43
-48
-49
-41
-38
-37
-40
-40
-40
-38
-38
-40
-39
-40
-40
-43
-45
-45
-41
-40
-39
-44
-43
-40
-44
-47
-46
-43
-38
-39
-39
-41
-39
-37
-39
-39
-41
-46
-41
-38
-40
-43
-41
-41
-44
-46
-43
-39
-38
-39
-43
-41
-38
-40
-41
-40
-41
-40
-40
-40
-41
-40
-40
-40
-40
-41
-41
-38
-46
-48
-40
-38
-39
-40
-40
-43
-41
-41
-37
-33
-39
-39
-38
-36
-34
-38
-37
-33
-31
-32
-36
-37
-36
-37
-34
-34
-37
-38
-41
-43
-40
-38
-40
-38
-37
-44
-46
-43
-41
-43
-41
-43
-41
-39
-43
-40
-44
-45
-44
-40
-48
-48
-39
-29
-17
5
20
44
53
30
-3
-28
-44
-52
-52
-49
-46
-48
-50
-36
-32
-37
-38
-35
-36
-38
-40
-37
-35
-36
-34
-34
-35
-35
-36
-37
-36
-35
-35
-40
-43
-37
-34
-34
-34
-31
-29
-32
-32
-32
-34
-34
-33
-30
-28
-32
-34
-31
-29
-33
-28
-28
-23
-25
-24
-24
-24
-24
-23
-22
-22
-20
-16
-15
-16
-16
-15
-15
-15
-19
-19
-19
-21
-16
-20
-29
-28
-27
-32
-34
-35
-36
-34
-31
-33
-37
-45
-38
-33
-33
-37
-37
-35
-37
-37
-37
-36
-37
-39
-41
-39
-40
-39
-38
-39
-38
-36
-38
-41
-33
-35
-38
-34
-33
-33
-36
-38
-35
-35
-40
-36
-34
-33
-32
-31
-37
-43
-33
-31
-31
-35
-37
-36
-31
-30
-31
-32
-35
-37
-31
-30
-33
-33
-32
-33
-34
-35
-34
-33
-31
-31
-30
-29
-29
-30
-31
-34
-33
-28
-25
-27
-29
-32
-33
-30
-27
-31
-35
-33
-28
-27
-26
-27
-29
-31
-29
-26
-28
-24
-25
-28
-29
-26
-24
-27
-29
-22
-19
-20
-19
-27
-30
-25
-21
-22
-26
-30
-28
-25
-27
-29
-31
-34
-33
-29
-26
-26
-31
-31
-28
-32
-35
-30
-23
-25
-29
-34
-37
-32
-27
-17
-9
10
31
51
60
37
9
-17
-30
-44
-44
-33
-30
-28
-30
-28
-27
-25
-26
-27
-27
-29
-25
-25
-27
-27
-23
-21
-25
-26
-27
-26
-23
-25
-25
-31
-22
-17
-19
-22
-25
-24
-20
-19
-19
-19
-19
-21
-23
-22
-24
-22
-20
-18
-19
-22
-24
-19
-11
-11
-12
-16
-15
-11
-12
-10
-7
-6
-6
-4
-6
-7
-4
-5
-6
-3
-7
-6
-6
-10
-15
-15
-14
-13
-15
-22
-24
-24
-25
-23
-24
-25
-25
-25
-25
-27
-24
-22
-24
-24
-28
-29
-27
-25
-29
-32
-30
-26
-22
-31
-31
-26
-23
-23
-28
-29
-25
-23
-22
-25
-28
-28
-30
-29
-27
-30
-30
-29
-26
-21
-22
-27
-28
-23
-23
-23
-27
-24
-21
-25
-24
-24
-28
-27
-25
-26
-26
-24
-26
-28
-26
-27
-28
-27
-27
-24
-23
-22
-24
-28
-29
-22
-23
-26
-24
-26
-27
-25
-27
-26
-27
-28
-28
-28
-23
-23
-21
-23
-25
-25
-28
-28
-25
-30
-26
-17
-20
-20
-21
-16
-15
-16
-14
-14
-20
-23
-19
-23
-21
-21
-23
-26
-26
-22
-20
-19
-25
-23
-23
-29
-25
-25
-24
-21
-21
-21
-24
-23
-25
-26
-26
-32
-29
-20
-16
-10
7
27
51
73
65
38
10
-18
-36
-38
-33
-28
-23
-20
-21
-21
-19
-19
-24
-22
-16
-15
-18
-21
-24
-20
-17
-17
-19
-17
-20
-15
-20
-22
-19
-18
-14
-14
-18
-20
-20
-16
-15
-17
-17
-19
-15
-13
-13
-16
-18
-18
-13
-7
-13
-16
-11
-9
-8
-6
-8
-7
-6
-5
-6
-5
-3
1
1
2
-3
7
9
8
4
3
0
-3
0
-4
-5
-6
-4
-8
-17
-13
-13
-14
-18
-21
-16
-14
-17
-21
-23
-21
-18
-20
-17
-16
-17
-21
-19
-18
-21
-24
-23
-22
-22
-26
-26
-24
-21
-23
-27
-28
-27
-20
-19
-21
-21
-22
-26
-26
-29
-27
-26
-24
-23
-25
-29
-26
-24
-26
-26
-25
-29
-30
-29
-27
-28
-29
-26
-24
-23
-23
-22
-23
-28
-30
-29
-31
-33
-29
-27
-29
-29
-28
-31
-33
-34
-31
-28
-27
-30
-29
-25
-26
-30
-33
-32
-31
-27
-31
-33
-32
-30
-30
-27
-27
-29
-27
-25
-27
-27
-28
-29
-26
-24
-24
-27
-27
-26
-26
-28
-29
-29
-31
-33
-35
-30
-31
-33
-33
-31
-32
-33
-33
-28
-34
-37
-36
-36
-33
-29
-33
-43
-37
-28
-21
-10
11
36
63
69
47
15
-16
-37
-47
-46
-38
-37
-33
-30
-32
-33
-34
-29
-29
-29
-34
-36
-35
-29
-29
-27
-29
-31
-32
-29
-29
-31
-28
-29
-32
-34
-29
-28
-28
-29
-25
-24
-28
-33
-29
-19
-22
-26
-27
-31
-27
-20
-20
-25
-24
-22
-21
-24
-21
-21
-23
-19
-18
-17
-17
-12
-5
-7
-8
-9
-7
-9
-5
-12
-15
-13
-12
-11
-13
-14
-18
-19
-20
-26
-30
-24
-24
-27
-30
-32
-32
-31
-28
-28
-36
-36
-32
-33
-34
-36
-32
-30
-33
-32
-32
-32
-31
-33
-36
-36
-33
-34
-37
-35
-34
-35
-34
-34
-37
-37
-32
-28
-30
-33
-37
-35
-31
-31
-29
-30
-32
-36
-33
-33
-35
-35
-33
-32
-31
-29
-32
-33
-33
-37
-34
-33
-32
-32
-35
-34
-33
-35
-37
-37
-34
-32
-30
-32
-35
-36
-34
-33
-34
-36
-39
-37
-35
-33
-39
-36
-30
-31
-33
-38
-36
-37
-35
-35
-33
-31
-32
-31
-32
-34
-31
-30
-29
-27
-26
-31
-28
-29
-30
-37
-40
-34
-34
-35
-36
-37
-37
-38
-38
-36
-38
-36
-34
-39
-46
-41
-35
-35
-36
-35
-36
-37
-43
-41
-36
-23
-3
18
35
55
54
33
2
-28
-45
-50
-48
-39
-39
-39
-37
-34
-37
-36
-31
-30
-33
-34
-33
-37
-35
-33
-32
-33
-36
-34
-30
-32
-34
-33
-33
-36
-36
-32
-32
-34
-31
-27
-28
-29
-30
-33
-34
-30
-27
-27
-28
-28
-28
-29
-30
-29
-26
-25
-22
-20
-21
-18
-19
-21
-19
-14
-9
-10
-13
-16
-13
-8
-10
-16
-17
-12
-10
-16
-20
-19
-19
-21
-19
-22
-27
-27
-23
-23
-28
-33
-33
-33
-31
-32
-33
-36
-37
-35
-35
-28
-33
-31
-33
-37
-30
-28
-30
-33
-34
-32
-35
-35
-33
-33
-36
-32
-31
-31
-33
-37
-36
-33
-32
-30
-31
-34
-37
-35
-36
-34
-30
-28
-26
-29
-33
-33
-32
-28
-31
-33
-33
-31
-36
-33
-31
-31
-32
-30
-34
-34
-32
-32
-29
-32
-38
-32
-27
-29
-32
-33
-35
-32
-30
-31
-31
-31
-32
-30
-32
-32
-32
-30
-28
-32
-37
-36
-28
-25
-31
-30
-31
-30
-25
-27
-32
-29
-23
-20
-20
-22
-26
-25
-25
-30
-31
-31
-29
-23
-29
-34
-31
-33
-33
-31
-33
-31
-30
-32
-32
-32
-33
-30
-35
-36
-33
-31
-29
-29
-33
-36
-36
-28
-17
-4
13
27
51
54
37
3
-24
-35
-45
-44
-39
-37
-33
-30
-34
-33
-27
-29
-30
-32
-30
-29
-28
-29
-33
-28
-28
-26
-26
-28
-30
-29
-25
-27
-27
-29
-32
-28
-23
-24
-25
-25
-29
-27
-26
-26
-25
-26
-28
-25
-23
-23
-24
-23
-21
-19
-19
-21
-21
-23
-19
-17
-12
-9
-14
-13
-12
-12
-8
-9
-11
-11
-11
-7
-6
-11
-12
-11
-14
-19
-20
-17
-18
-21
-22
-24
-26
-30
-31
-32
-30
-28
-28
-28
-29
-31
-27
-26
-27
-32
-31
-29
-28
-31
-32
-30
-32
-35
-34
-30
-28
-27
-27
-33
-34
-32
-32
-27
-27
-26
-28
-32
-30
-25
-29
-31
-30
-30
-31
-31
-30
-28
-27
-26
-28
-33
-32
-29
-28
-29
-30
-27
-26
-26
-30
-29
-31
-27
-28
-27
-29
-27
-27
-28
-26
-26
-30
-31
-32
-30
-28
-31
-26
-29
-27
-29
-29
-28
-26
-24
-24
-28
-30
-31
-29
-30
-28
-28
-28
-27
-27
-29
-28
-25
-27
-28
-24
-25
-21
-21
-23
-22
-23
-21
-20
-22
-22
-22
-21
-21
-27
-30
-26
-28
-26
-27
-28
-28
-28
-28
-29
-30
-30
-28
-28
-30
-32
-25
-24
-26
-28
-29
-32
-33
-25
-18
-7
11
30
54
61
44
12
-15
-27
-40
-41
-32
-28
-27
-24
-27
-26
-23
-25
-25
-24
-27
-26
-25
-24
-26
-24
-22
-23
-22
-22
-20
-21
-20
-22
-24
-21
-19
-18
-22
-23
-21
-21
-23
-20
-17
-18
-20
-19
-17
-21
-21
-17
-17
-20
-20
-16
-15
-14
-11
-12
-16
-9
-6
-11
-9
-5
-1
-1
-6
-7
-3
-1
-3
-4
-7
0
-1
-7
-10
-11
-16
-11
-11
-12
-15
-16
-17
-25
-27
-25
-21
-21
-21
-24
-26
-27
-25
-27
-26
-26
-26
-21
-22
-24
-25
-24
-25
-27
-26
-24
-26
-21
-22
-25
-27
-26
-26
-25
-28
-30
-28
-18
-17
-19
-21
-22
-25
-24
-22
-22
-22
-21
-24
-27
-23
-20
-22
-24
-24
-24
-20
-19
-22
-25
-26
-21
-17
-18
-20
-23
-23
-25
-25
-28
-26
-21
-19
-25
-25
-23
-22
-22
-23
-20
-22
-24
-20
-19
-24
-22
-21
-21
-26
-27
-27
-26
-23
-21
-17
-20
-19
-19
-22
-24
-21
-19
-17
-16
-15
-17
-16
-15
-19
-19
-16
-17
-18
-22
-18
-17
-18
-22
-23
-22
-24
-27
-22
-20
-25
-25
-30
-23
-22
-21
-25
-24
-22
-21
-21
-25
-31
-29
-26
-21
-14
5
20
41
64
71
54
23
-7
-25
-35
-34
-29
-26
-24
-21
-23
-24
-21
-23
-24
-20
-19
-25
-23
-18
-19
-20
-21
-20
-21
-20
-20
-20
-21
-21
-18
-19
-17
-22
-26
-24
-15
-15
-19
-19
-21
-23
-20
-18
-19
-18
-16
-19
-18
-16
-15
-15
-17
-13
-8
-9
-10
-10
-11
-7
-1
1
-3
-4
-3
-5
-6
0
4
3
1
3
-1
-6
-6
-10
-12
-11
-15
-16
-17
-21
-21
-19
-22
-25
-26
-17
-21
-24
-23
-24
-24
-24
-27
-24
-23
-20
-24
-27
-26
-27
-24
-24
-28
-26
-21
-21
-28
-29
-25
-24
-24
-26
-29
-25
-23
-24
-23
-26
-26
-25
-23
-21
-25
-24
-25
-23
-25
-27
-23
-23
-25
-23
-26
-27
-23
-23
-27
-26
-25
-25
-20
-24
-27
-30
-25
-23
-22
-22
-26
-25
-22
-21
-27
-27
-27
-27
-26
-22
-23
-23
-23
-26
-23
-24
-27
-24
-26
-28
-25
-24
-21
-23
-24
-24
-26
-26
-25
-25
-23
-21
-17
-20
-20
-22
-22
-18
-16
-18
-19
-19
-21
-24
-27
-28
-28
-27
-28
-27
-28
-26
-26
-28
-30
-32
-31
-28
-26
-29
-30
-26
-25
-27
-31
-33
-31
-23
-8
9
26
45
66
60
33
4
-22
-38
-45
-39
-36
-30
-27
-27
-27
-26
-25
-26
-24
-25
-25
-26
-23
-26
-23
-26
-26
-24
-25
-26
-24
-21
-22
-28
-29
-26
-20
-22
-23
-22
-22
-23
-22
-21
-21
-21
-21
-21
-20
-23
-25
-21
-15
-19
-18
-19
-17
-16
-16
-13
-15
-13
-9
-9
-5
-4
-4
-5
-5
-4
-3
0
-4
-7
-6
-4
-10
-9
-9
-11
-15
-15
-14
-20
-20
-16
-17
-18
-20
-22
-31
-27
-20
-21
-23
-31
-33
-27
-25
-24
-23
-25
-24
-24
-27
-25
-26
-24
-28
-28
-26
-25
-25
-26
-25
-23
-23
-25
-27
-25
-27
-28
-32
-23
-22
-24
-24
-21
-25
-25
-23
-22
-21
-21
-25
-28
-30
-28
-28
-22
-21
-23
-26
-31
-27
-22
-23
-25
-24
-24
-23
-22
-23
-24
-23
-23
-24
-26
-28
-28
-28
-26
-20
-23
-25
-25
-26
-23
-24
-24
-24
-24
-21
-23
-26
-24
-24
-23
-25
-30
-29
-24
-20
-22
-23
-25
-24
-24
-22
-22
-21
-21
-19
-22
-19
-20
-18
-16
-20
-19
-17
-20
-19
-18
-19
-24
-25
-26
-27
-25
-27
-25
-24
-26
-23
-22
-24
-25
-25
-27
-23
-22
-22
-24
-25
-27
-31
-27
-24
-16
0
21
35
51
62
49
18
-8
-26
-35
-35
-27
-26
-26
-26
-26
-24
-21
-23
-27
-27
-24
-20
-16
-21
-23
-23
-23
-21
-20
-23
-22
-20
-22
-22
-24
-26
-25
-22
-19
-18
-20
-21
-21
-19
-19
-22
-22
-20
-19
-17
-17
-16
-17
-19
-23
-20
-14
-12
-9
-12
-15
-15
-12
-7
-10
-8
-8
-8
-7
-5
0
-1
-5
-6
-3
-5
-5
-8
-14
-13
-9
-8
-12
-17
-20
-20
-19
-20
-24
-27
-26
-21
-18
-23
-28
-30
-28
-27
-24
-20
-21
-22
-25
-26
-27
-24
-26
-31
-28
-22
-24
-24
-26
-29
-28
-25
-24
-22
-27
-28
-25
-26
-21
-20
-25
-30
-28
-26
-27
-25
-24
-24
-27
-29
-25
-23
-23
-25
-29
-30
-28
-25
-25
-26
-27
-26
-28
-26
-24
-27
-27
-23
-24
-28
-26
-32
-32
-27
-24
-27
-23
-25
-29
-29
-26
-27
-24
-27
-31
-30
-22
-23
-26
-26
-24
-27
-29
-27
-25
-25
-27
-27
-26
-29
-29
-30
-26
-27
-26
-26
-25
-25
-23
-25
-20
-18
-20
-19
-20
-21
-22
-26
-27
-23
-21
-25
-25
-28
-32
-35
-29
-26
-24
-25
-29
-28
-29
-29
-30
-29
-28
-27
-25
-28
-34
-33
-28
-26
-23
-18
-11
6
28
47
63
51
25
-7
-27
-39
-47
-40
-29
-26
-27
-24
-20
-22
-25
-29
-28
-24
-20
-23
-22
-25
-25
-25
-22
-22
-21
-21
-24
-22
-20
-21
-22
-21
-23
-23
-19
-19
-20
-23
-22
-18
-15
-18
-22
-24
-20
-14
-14
-18
-21
-15
-13
-16
-20
-16
-12
-7
-11
-11
-8
-1
-5
-4
-3
-3
2
2
0
-4
-5
0
3
1
-3
-9
-9
-8
-10
-13
-15
-18
-16
-13
-17
-21
-20
-17
-19
-25
-26
-23
-21
-22
-21
-25
-25
-20
-19
-19
-23
-24
-23
-21
-21
-24
-24
-23
-20
-22
-22
-23
-24
-24
-26
-23
-21
-20
-19
-24
-22
-22
-25
-25
-21
-23
-22
-21
-22
-23
-21
-22
-24
-24
-21
-21
-22
-23
-23
-25
-23
-24
-20
-23
-24
-24
-27
-19
-16
-20
-21
-21
-21
-21
-21
-26
-26
-23
-24
-29
-27
-17
-18
-22
-25
-25
-26
-23
-22
-22
-20
-19
-21
-20
-22
-27
-28
-24
-19
-20
-26
-24
-16
-16
-20
-20
-22
-18
-14
-15
-15
-19
-22
-19
-19
-17
-18
-20
-23
-25
-25
-26
-27
-19
-19
-22
-24
-28
-28
-28
-24
-19
-23
-30
-27
-25
-24
-28
-29
-31
-26
-22
-11
4
23
38
65
72
48
13
-16
-31
-40
-38
-34
-31
-28
-26
-25
-25
-24
-22
-24
-27
-27
-25
-23
-22
-22
-26
-21
-17
-20
-20
-26
-26
-26
-22
-16
-21
-26
-25
-24
-17
-18
-22
-23
-20
-14
-17
-21
-18
-16
-18
-20
-18
-19
-19
-18
-20
-18
-14
-9
-10
-15
-12
-12
-5
1
-4
-7
-7
0
-1
1
1
1
-3
-1
-8
-12
-13
-11
-6
-5
-9
-14
-17
-14
-15
-18
-23
-20
-22
-24
-24
-28
-25
-21
-23
-25
-25
-24
-24
-26
-26
-23
-21
-23
-28
-26
-22
-24
-24
-23
-26
-28
-25
-23
-26
-27
-22
-22
-26
-27
-24
-21
-22
-22
-23
-23
-24
-23
-22
-23
-23
-22
-22
-23
-23
-25
-25
-22
-20
-24
-25
-25
-23
-20
-21
-19
-23
-22
-25
-23
-22
-22
-21
-25
-26
-24
-25
-24
-20
-18
-23
-23
-24
-23
-19
-19
-22
-23
-24
-27
-25
-22
-20
-19
-19
-24
-24
-19
-20
-22
-22
-19
-18
-20
-21
-21
-19
-16
-15
-17
-15
-16
-18
-16
-17
-17
-14
-13
-16
-21
-21
-23
-26
-21
-19
-23
-25
-22
-22
-18
-21
-25
-21
-18
-22
-23
-25
-27
-25
-26
-24
-23
-21
-11
4
20
32
55
72
55
23
-6
-21
-32
-34
-28
-25
-23
-23
-20
-22
-23
-19
-17
-18
-21
-18
-19
-20
-20
-19
-21
-21
-21
-18
-16
-17
-19
-20
-19
-20
-17
-20
-23
-25
-23
-17
-12
-14
-17
-17
-20
-16
-13
-15
-15
-16
-15
-15
-13
-11
-15
-16
-16
-12
-8
-10
-13
-6
-6
-7
-4
-3
-1
0
-3
-5
-4
-1
-3
-1
-3
-1
-3
-8
-12
-15
-15
-16
-17
-16
-18
-19
-21
-20
-21
-23
-25
-20
-22
-21
-21
-21
-21
-24
-25
-26
-28
-24
-21
-20
-22
-24
-24
-24
-27
-28
-23
-18
-21
-24
-24
-23
-22
-23
-24
-25
-23
-20
-20
-22
-24
-23
-19
-20
-21
-20
-22
-22
-25
-27
-28
-27
-20
-19
-24
-24
-21
-21
-24
-23
-21
-21
-23
-25
-23
-21
-20
-22
-23
-26
-24
-22
-19
-24
-24
-21
-19
-21
-21
-23
-25
-23
-24
-23
-19
-21
-23
-23
-23
-27
-26
-22
-19
-19
-23
-26
-23
-23
-21
-19
-20
-20
-16
-15
-17
-19
-22
-18
-10
-7
-14
-18
-18
-17
-20
-18
-18
-22
-24
-23
-24
-22
-23
-19
-22
-24
-24
-24
-24
-24
-21
-22
-23
-29
-24
-22
-22
-21
-24
-23
-22
-10
10
26
37
59
60
36
7
-23
-30
-32
-31
-29
-29
-27
-24
-25
-17
-15
-18
-21
-24
-23
-22
-18
-18
-17
-20
-24
-24
-20
-16
-18
-23
-25
-22
-18
-17
-20
-19
-21
-21
-20
-17
-16
-18
-17
-22
-23
-20
-15
-17
-16
-15
-15
-13
-13
-14
-17
-17
-15
-11
-11
-10
-7
-4
-5
-8
-7
-5
-4
0
-3
-3
-6
-6
-6
-3
-7
-8
-5
-12
-14
-17
-14
-14
-14
-16
-18
-21
-20
-17
-19
-22
-26
-23
-21
-22
-27
-24
-20
-22
-22
-24
-25
-23
-21
-23
-25
-24
-22
-26
-25
-24
-24
-23
-22
-23
-25
-26
-23
-20
-22
-22
-26
-26
-21
-24
-21
-20
-21
-24
