-32
-33
-34
-33
-35
-39
-35
-39
-33
-33
-37
-37
-35
-34
-36
-37
-38
-32
-30
-37
-36
-39
-36
-37
-36
-39
-46
-36
-34
-38
-40
-43
-40
-38
-44
-43
-41
-39
-40
-41
-41
-44
-48
-48
-46
-47
-45
-40
-46
-47
-45
-48
-48
-47
-45
-49
-52
-52
-48
-49
-52
-52
-51
-48
-48
-51
-48
-48
-48
-52
-54
-46
-48
-47
-48
-51
-49
-47
-45
-47
-48
-49
-46
-45
-49
-49
-47
-47
-48
-41
-46
-50
-47
-48
-48
-48
-44
-45
-45
-38
-29
-28
-23
-22
-20
-31
-45
-49
-48
-50
-52
-55
-58
-58
-55
-56
-60
-64
-58
-58
-61
-59
-65
-62
-64
-62
-64
-63
-61
-65
-66
-67
-72
-69
-66
-64
-68
-72
-65
-67
-68
-68
-64
-67
-70
-72
-71
-65
-67
-75
-76
-66
-58
-64
-64
-64
-66
-66
-65
-66
-67
-65
-67
-62
-68
-69
-64
-56
-64
-65
-60
-63
-64
-63
-68
-68
-63
-61
-65
-65
-63
-64
-68
-67
-68
-65
-66
-67
-64
-66
-66
-66
-64
-66
-62
-64
-65
-63
-62
-59
-70
-67
-62
-56
-58
-60
-60
-62
-63
-60
-58
-59
-60
-57
-58
-56
-59
-57
-59
-60
-56
-53
-56
-58
-54
-57
-59
-53
-55
-56
-57
-53
-56
-55
-55
-55
-51
-54
-54
-48
-54
-56
-54
-59
-55
-52
-49
-49
-56
-56
-53
-53
-49
-52
-53
-51
-57
-65
-55
-44
-47
-49
-49
-52
-50
-50
-53
-52
-50
-46
-44
-49
-48
-50
-48
-48
-46
-51
-51
-47
-46
-44
-43
-43
-41
-33
-28
-24
-19
-21
-25
-37
-44
-46
-47
-49
-49
-47
-44
-45
-43
-40
-41
-39
-41
-46
-43
-38
-41
-39
-41
-38
-39
-45
-45
-37
-37
-40
-38
-40
-38
-37
-41
-41
-39
-37
-41
-44
-43
-37
-37
-35
-39
-37
-40
-34
-34
-35
-40
-40
-35
-32
-35
-28
-34
-38
-33
-35
-34
-31
-35
-37
-32
-32
-27
-29
-31
-32
-30
-30
-32
-33
-32
-34
-31
-32
-35
-33
-34
-34
-28
-31
-32
-33
-35
-35
-33
-36
-30
-27
-32
-35
-38
-35
-26
-29
-28
-25
-33
-37
-33
-31
-30
-34
-36
-32
-33
-30
-30
-33
-33
-30
-34
-32
-34
-33
-31
-35
-35
-31
-31
-33
-35
-34
-29
-27
-28
-33
-38
-27
-25
-26
-24
-33
-30
-25
-30
-38
-33
-29
-28
-29
-31
-29
-27
-20
-14
-12
-8
-3
-1
-6
-17
-23
-26
-28
-33
-34
-37
-35
-28
-34
-31
-35
-30
-27
-29
-32
-31
-32
-31
-31
-28
-28
-29
-29
-34
-33
-27
-32
-32
-28
-28
-35
-37
-26
-22
-27
-33
-33
-32
-29
-26
-28
-32
-32
-29
-26
-31
-26
-23
-28
-28
-27
-27
-28
-26
-23
-24
-24
-25
-27
-24
-25
-25
-22
-22
-25
-24
-24
-24
-25
-26
-31
-33
-34
-30
-30
-29
-30
-30
-36
-39
-37
-37
-34
-39
-41
-38
-34
-27
-31
-37
-39
-39
-36
-37
-34
-36
-41
-38
-36
-37
-41
-41
-40
-44
-41
-41
-43
-46
-47
-45
-47
-46
-51
-53
-53
-55
-57
-55
-58
-56
-58
-60
-60
-64
-61
-64
-67
-65
-66
-67
-69
-71
-69
-72
-66
-65
-63
-69
-72
-72
-76
-73
-74
-78
-76
-71
-75
-77
-75
-77
-79
-79
-76
-79
-78
-75
-72
-66
-59
-55
-58
-59
-59
-76
-85
-89
-94
-89
-89
-91
-87
-87
-90
-85
-87
-89
-86
-91
-90
-89
-91
-92
-91
-88
-91
-90
-91
-92
-96
-94
-91
-94
-101
-92
-92
-95
-96
-95
-92
-91
-89
-94
-97
-94
-91
-92
-94
-91
-90
-91
-91
-91
-89
-90
-93
-93
-92
-88
-90
-90
-90
-88
-87
-87
-92
-89
-85
-88
-89
-86
-88
-88
-90
-90
-89
-91
-93
-94
-90
-95
-94
-93
-97
-96
-95
-93
-96
-95
-95
-96
-101
-97
-97
-93
-95
-98
-100
-96
-99
-104
-103
-102
-99
-103
-99
-100
-101
-98
-99
-98
-98
-102
-94
-101
-100
-94
-95
-99
-99
-98
-101
-97
-98
-98
-101
-99
-97
-98
-101
-101
-101
-98
-101
-104
-105
-101
-98
-99
-100
-100
-98
-102
-96
-93
-97
-100
-93
-92
-96
-96
-94
-101
-95
-96
-93
-96
-98
-91
-92
-90
-90
-90
-87
-84
-87
-88
-91
-97
-93
-91
-89
-88
-88
-89
-90
-86
-83
-77
-72
-72
-65
-66
-72
-85
-95
-94
-98
-100
-100
-100
-101
-100
-103
-93
-91
-95
-91
-93
-93
-95
-97
-93
-95
-100
-94
-93
-94
-90
-91
-87
-88
-91
-93
-94
-92
-91
-92
-92
-95
-93
-92
-94
-92
-91
-86
-87
-90
-90
-92
-92
-88
-88
-90
-93
-90
-89
-90
-85
-87
-87
-83
-86
-91
-94
-99
-95
-91
-94
-94
-91
-93
-97
-99
-97
-99
-100
-99
-100
-103
-108
-104
-106
-108
-107
-103
-108
-111
-106
-109
-107
-110
-109
-109
-112
-107
-111
-116
-115
-114
-113
-120
-120
-116
-113
-115
-116
-115
-117
-120
-118
-118
-116
-118
-119
-119
-117
-118
-121
-120
-119
-119
-123
-119
-115
-119
-121
-115
-114
-119
-116
-113
-116
-124
-124
-120
-123
-121
-123
-126
-130
-132
-134
-127
-129
-129
-130
-133
-135
-133
-137
-135
-137
-139
-134
-139
-143
-143
-143
-141
-141
-145
-145
-147
-148
-144
-145
-146
-143
-143
-148
-146
-143
-145
-145
-145
-142
-133
-131
-128
-116
-118
-118
-127
-134
-143
-143
-145
-147
-150
-147
-143
-144
-143
-146
-142
-143
-144
-143
-139
-139
-146
-144
-140
-147
-143
-136
-142
-142
-135
-140
-142
-139
-141
-141
-140
-133
-134
-135
-139
-144
-146
-139
-138
-133
-136
-129
-136
-138
-134
-131
-134
-131
-133
-135
-130
-129
-131
-133
-127
-128
-130
-133
-127
-127
-128
-128
-127
-130
-130
-130
-131
-128
-124
-127
-126
-125
-121
-129
-134
-131
-129
-135
-134
-125
-125
-126
-130
-130
-131
-132
-129
-132
-124
-130
-127
-126
-132
-132
-128
-126
-126
-128
-129
-127
-127
-126
-128
-120
-123
-123
-121
-126
-127
-127
-124
-121
-125
-120
-120
-120
-118
-121
-121
-120
-119
-119
-118
-120
-116
-115
-116
-115
-116
-116
-115
-115
-115
-119
-119
-118
-120
-109
-112
-106
-105
-103
-107
-112
-111
-108
-109
-108
-109
-108
-102
-101
-99
-100
-105
-105
-102
-102
-101
-102
-103
-101
-96
-91
-89
-84
-76
-70
-66
-70
-72
-83
-88
-93
-95
-95
-99
-98
-94
-95
-96
-95
-96
-94
-92
-97
-96
-91
-100
-93
-92
-92
-93
-94
-93
-94
-96
-92
-96
-92
-88
-91
-95
-91
-90
-93
-92
-91
-90
-89
-89
-84
-96
-92
-84
-84
-86
-86
-86
-89
-87
-85
-84
-87
-86
-85
-87
-86
-84
-87
-86
-85
-81
-77
-80
-79
-79
-80
-80
-79
-84
-86
-83
-81
-81
-84
-88
-81
-81
-85
-85
-87
-83
-87
-87
-81
-80
-84
-79
-86
-80
-83
-83
-84
-85
-85
-83
-83
-81
-83
-83
-78
-79
-79
-76
-81
-81
-80
-80
-84
-79
-80
-83
-85
-89
-79
-78
-77
-80
-81
-80
-79
-79
-83
-83
-80
-83
-80
-78
-78
-77
-78
-79
-79
-83
-81
-73
-74
-79
-77
-77
-77
-78
-75
-77
-74
-78
-77
-76
-79
-81
-79
-76
-78
-76
-78
-79
-77
-75
-69
-67
-62
-56
-50
-50
-52
-59
-67
-78
-78
-84
-81
-84
-84
-79
-74
-76
-76
-74
-75
-74
-74
-71
-73
-73
-73
-73
-73
-70
-71
-73
-73
-73
-73
-74
-72
-76
-70
-71
-71
-69
-70
-74
-77
-76
-71
-75
-69
-65
-71
-80
-76
-72
-70
-73
-70
-67
-70
-73
-72
-70
-68
-68
-68
-70
-72
-73
-67
-71
-73
-62
-63
-66
-68
-64
-68
-67
-66
-66
-69
-69
-68
-68
-68
-65
-67
-70
-70
-69
-69
-65
-76
-67
-67
-68
-73
-72
-65
-67
-66
-66
-68
-66
-66
-68
-73
-77
-75
-64
-66
-69
-66
-64
-65
-70
-67
-65
-66
-65
-67
-67
-63
-64
-69
-69
-66
-65
-65
-60
-64
-67
-67
-68
-67
-64
-66
-63
-68
-69
-67
-65
-67
-68
-66
-64
-63
-67
-72
-72
-63
-67
-73
-65
-61
-63
-65
-63
-63
-63
-64
-67
-64
-62
-62
-64
-67
-66
-64
-64
-68
-67
-66
-65
-67
-66
-67
-64
-64
-66
-66
-67
-67
-70
-62
-57
-53
-40
-39
-43
-53
-60
-67
-72
-73
-74
-77
-77
-79
-77
-75
-73
-71
-70
-69
-76
-74
-69
-68
-71
-74
-72
-72
-73
-75
-72
-65
-65
-72
-71
-71
-72
-68
-63
-65
-67
-66
-67
-69
-67
-65
-67
-69
-66
-66
-72
-70
-68
-68
-69
-63
-62
-61
-64
-65
-66
-64
-65
-66
-67
-70
-66
-65
-68
-65
-62
-59
-62
-64
-66
-66
-66
-70
-71
-69
-70
-75
-69
-66
-66
-72
-68
-71
-73
-74
-74
-71
-68
-71
-71
-70
-70
-70
-71
-70
-66
-68
-73
-69
-68
-67
-73
-70
-69
-69
-68
-69
-68
-67
-66
-72
-67
-66
-66
-72
-70
-70
-71
-63
-65
-71
-71
-65
-65
-66
-65
-64
-65
-67
-68
-66
-68
-66
-71
-74
-70
-65
-69
-70
-67
-71
-66
-66
-68
-69
-69
-69
-69
-66
-64
-69
-68
-71
-69
-74
-70
-67
-68
-65
-66
-69
-66
-65
-68
-67
-68
-68
-67
-75
-70
-67
-67
-63
-59
-51
-47
-46
-40
-40
-43
-49
-59
-68
-67
-69
-73
-74
-72
-68
-67
-65
-71
-69
-65
-69
-71
-64
-64
-67
-66
-68
-66
-67
-68
-66
-64
-71
-68
-65
-69
-67
-63
-61
-63
-64
-62
-61
-64
-63
-63
-64
-62
-63
-66
-66
-60
-57
-63
-60
-61
-62
-60
-60
-60
-58
-56
-55
-57
-54
-56
-55
-55
-55
-57
-58
-57
-56
-56
-58
-62
-67
-65
-56
-58
-58
-55
-58
-63
-64
-64
-63
-62
-62
-61
-59
-67
-67
-61
-65
-67
-65
-66
-69
-64
-60
-66
-64
-68
-72
-69
-62
-64
-66
-65
-64
-67
-66
-68
-62
-61
-63
-63
-67
-65
-64
-65
-66
-65
-67
-71
-74
-68
-61
-62
-67
-65
-66
-68
-62
-64
-65
-67
-63
-65
-67
-66
-68
-67
-69
-66
-62
-61
-65
-69
-68
-63
-62
-63
-63
-61
-62
-66
-66
-65
-65
-65
-67
-66
-70
-68
-63
-61
-60
-59
-61
-64
-69
-67
-65
-63
-62
-64
-66
-62
-64
-65
-61
-61
-63
-69
-64
-57
-61
-66
-66
-64
-67
-63
-63
-61
-62
-63
-62
-61
-64
-66
-68
-65
-61
-65
-62
-63
-61
-62
-66
-69
-58
-57
-57
-49
-43
-38
-38
-34
-38
-50
-57
-61
-66
-63
-64
-62
-64
-66
-61
-60
-64
-66
-66
-61
-61
-63
-63
-62
-62
-63
-67
-65
-62
-64
-64
-62
-58
-63
-66
-66
-62
-63
-63
-63
-59
-61
-62
-58
-60
-62
-64
-65
-64
-60
-61
-58
-61
-63
-56
-57
-59
-56
-57
-57
-59
-55
-54
-53
-59
-57
-55
-59
-65
-54
-54
-59
-58
-54
-54
-59
-60
-59
-56
-53
-60
-63
-59
-58
-63
-62
-61
-61
-61
-63
-63
-62
-60
-63
-61
-58
-57
-62
-65
-60
-60
-70
-70
-60
-61
-59
-56
-61
-63
-59
-64
-64
-61
-54
-57
-59
-58
-57
-62
-60
-56
-57
-58
-57
-62
-58
-60
-62
-66
-60
-57
-62
-61
-57
-60
-62
-60
-61
-60
-61
-60
-56
-60
-62
-66
-64
-61
-62
-55
-56
-61
-61
-57
-60
-58
-60
-60
-60
-59
-64
-61
-57
-59
-52
-49
-37
-37
-33
-31
-37
-48
-56
-60
-63
-62
-64
-65
-64
-64
-61
-62
-60
-60
-61
-63
-60
-59
-59
-60
-63
-65
-62
-62
-61
-57
-60
-58
-57
-59
-64
-62
-63
-62
-60
-60
-54
-57
-60
-56
-56
-56
-57
-59
-57
-53
-53
-52
-56
-56
-53
-47
-50
-50
-50
-51
-49
-47
-45
-45
-44
-41
-48
-48
-45
-45
-46
-45
-49
-46
-47
-51
-50
-51
-52
-53
-53
-56
-58
-56
-53
-57
-58
-55
-56
-57
-57
-57
-61
-62
-61
-56
-54
-58
-56
-55
-57
-57
-56
-58
-58
-59
-58
-56
-57
-56
-58
-55
-57
-58
-56
-56
-58
-58
-61
-57
-56
-57
-50
-58
-59
-58
-62
-63
-59
-59
-59
-58
-58
-60
-59
-64
-65
-61
-63
-62
-59
-60
-62
-66
-66
-65
-64
-66
-70
-66
-66
-68
-65
-62
-62
-64
-66
-68
-66
-66
-68
-67
-62
-60
-65
-67
-64
-62
-55
-49
-43
-40
-45
-51
-60
-70
-75
-80
-87
-87
-90
-92
-87
-87
-92
-94
-96
-94
-94
-96
-95
-96
-98
-97
-99
-101
-105
-103
-101
-103
-109
-104
-102
-107
-107
-108
-108
-109
-110
-110
-111
-110
-113
-113
-112
-111
-110
-113
-114
-112
-110
-110
-111
-114
-119
-114
-112
-117
-116
-119
-114
-111
-115
-116
-119
-113
-117
-120
-113
-107
-112
-112
-117
-121
-120
-121
-123
-126
-130
-127
-125
-128
-131
-135
-131
-131
-134
-138
-140
-145
-143
-143
-146
-148
-154
-155
-150
-153
-153
-154
-154
-157
-157
-158
-157
-160
-164
-164
-161
-163
-165
-160
-158
-163
-164
-164
-161
-158
-156
-155
-160
-163
-165
-159
-164
-161
-158
-157
-159
-160
-160
-163
-160
-161
-159
-157
-158
-159
-156
-157
-157
-154
-161
-157
-157
-156
-156
-158
-157
-156
-154
-158
-161
-159
-158
-155
-154
-155
-152
-154
-156
-156
-155
-156
-153
-154
-158
-159
-153
-157
-156
-154
-156
-153
-149
-154
-156
-154
-153
-149
-156
-149
-151
-153
-150
-152
-154
-150
-146
-148
-154
-150
-150
-153
-148
-148
-152
-150
-146
-143
-137
-126
-121
-121
-128
-138
-145
-153
-154
-154
-156
-158
-157
-151
-151
-150
-150
-152
-150
-145
-145
-148
-149
-148
-147
-147
-145
-146
-148
-146
-146
-148
-145
-143
-143
-145
-150
-146
-143
-138
-133
-135
-136
-136
-129
-134
-137
-137
-137
-130
-130
-128
-127
-124
-121
-126
-126
-124
-124
-125
-124
-123
-123
-125
-121
-125
-125
-125
-125
-121
-123
-123
-123
-125
-124
-126
-125
-129
-130
-131
-129
-129
-131
-130
-134
-127
-129
-133
-133
-129
-129
-132
-135
-138
-137
-138
-139
-139
-140
-140
-141
-141
-147
-149
-148
-148
-148
-151
-150
-148
-145
-146
-152
-153
-155
-155
-146
-148
-151
-149
-149
-148
-151
-151
-150
-151
-151
-157
-155
-152
-151
-153
-154
-160
-156
-153
-154
-159
-156
-163
-160
-155
-156
-153
-157
-158
-155
-158
-163
-156
-158
-164
-168
-165
-168
-167
-167
-167
-168
-171
-170
-172
-172
-170
-170
-172
-172
-168
-167
-169
-174
-175
-172
-174
-175
-171
-170
-165
-163
-160
-160
-152
-160
-172
-183
-186
-190
-193
-196
-199
-193
-196
-193
-188
-190
-188
-189
-192
-193
-192
-194
-194
-195
-194
-197
-200
-199
-200
-204
-196
-197
-196
-197
-199
-200
-196
-194
-197
-200
-199
-196
-194
-197
-197
-196
-197
-195
-195
-198
-195
-193
-194
-192
-193
-195
-191
-192
-192
-194
-192
-190
-189
-188
-191
-190
-195
-186
-185
-186
-188
-188
-185
-184
-184
-188
-188
-187
-189
-188
-186
-185
-189
-189
-190
-188
-185
-187
-187
-187
-186
-184
-182
-186
-187
-182
-182
-177
-180
-183
-182
-183
-180
-180
-178
-178
-178
-175
-177
-176
-175
-175
-174
-175
-172
-172
-177
-173
-170
-171
-172
-173
-172
-172
-174
-176
-170
-167
-171
-171
-171
-174
-171
-169
-172
-170
-169
-167
-167
-167
-170
-166
-161
-169
-168
-166
-170
-169
-169
-167
-166
-170
-166
-161
-170
-167
-165
-166
-166
-163
-163
-160
-161
-163
-159
-160
-161
-159
-158
-163
-155
-156
-159
-155
-152
-154
-154
-153
-154
-157
-156
-164
-148
-149
-149
-147
-148
-152
-148
-142
-142
-139
-128
-120
-124
-120
-126
-132
-138
-141
-145
-145
-149
-147
-144
-143
-144
-140
-140
-144
-141
-143
-143
-144
-148
-151
-148
-138
-135
-137
-139
-135
-140
-144
-141
-140
-137
-138
-140
-143
-146
-138
-132
-135
-134
-137
-138
-134
-133
-133
-134
-134
-132
-127
-129
-127
-127
-118
-115
-119
-123
-116
-113
-113
-116
-108
-104
-104
-106
-106
-99
-96
-97
-100
-102
-97
-99
-101
-101
-101
-95
-93
-97
-100
-100
-103
-101
-102
-101
-104
-102
-100
-99
-97
-99
-108
-103
-101
-99
-102
-97
-103
-103
-97
-96
-94
-95
-100
-103
-103
-103
-95
-97
-95
-94
-96
-99
-99
-97
-89
-89
-87
-85
-88
-92
-89
-90
-86
-87
-84
-85
-85
-86
-84
-85
-85
-84
-83
-88
-87
-86
-87
-79
-85
-85
-84
-86
-87
-85
-88
-87
-87
-85
-79
-90
-93
-83
-80
-80
-86
-86
-81
-84
-85
-84
-81
-84
-84
-79
-80
-77
-83
-79
-80
-83
-77
-80
-79
-80
-79
-75
-75
-77
-74
-72
-74
-76
-76
-72
-75
-72
-71
-77
-81
-79
-73
-73
-73
-74
-74
-76
-74
-72
-71
-71
-72
-71
-68
-73
-72
-75
-76
-70
-71
-71
-74
-74
-71
-68
-68
-71
-72
-69
-71
-71
-68
-70
-75
-69
-69
-72
-76
-74
-77
-77
-74
-74
-66
-62
-62
-57
-48
-47
-45
-49
-55
-61
-73
-79
-85
-94
-88
-84
-86
-85
-89
-91
-86
-90
-93
-89
-90
-92
-89
-91
-92
-97
-95
-94
-99
-97
-94
-95
-96
-98
-99
-101
-101
-103
-109
-102
-106
-110
-112
-114
-110
-109
-112
-104
-112
-114
-114
-115
-114
-113
-116
-111
-111
-112
-110
-109
-111
-114
-114
-115
-115
-115
-116
-113
-115
-116
-117
-116
-116
-123
-124
-124
-125
-123
-118
-124
-123
-119
-127
-129
-129
-130
-130
-133
-137
-137
-139
-137
-132
-131
-130
-137
-136
-138
-137
-138
-139
-137
-143
-148
-145
-136
-133
-137
-138
-139
-140
-139
-137
-138
-137
-137
-139
-140
-140
-139
-139
-140
-137
-133
-135
-139
-134
-137
-136
-132
-133
-135
-141
-141
-133
-131
-133
-136
-138
-140
-142
-142
-136
-136
-137
-139
-135
-136
-140
-135
-137
-140
-139
-138
-142
-141
-139
-138
-136
-134
-135
-135
-137
-140
-142
-140
-141
-141
-143
-141
-142
-140
-139
-137
-135
-137
-139
-140
-142
-137
-133
-137
-139
-143
-141
-138
-138
-138
-142
-145
-140
-135
-138
-136
-140
-142
-138
-140
-142
-136
-141
-140
-139
-140
-143
-141
-139
-141
-143
-144
-142
-140
-139
-139
-142
-144
-145
-140
-144
-140
-137
-139
-140
-141
-140
-136
-138
-142
-133
-123
-119
-113
-111
-113
-116
-131
-133
-137
-140
-144
-145
-141
-142
-140
-139
-138
-137
-137
-134
-131
-133
-135
-136
-135
-134
-134
-136
-136
-135
-136
-133
-132
-135
-136
-136
-139
-142
-137
-135
-135
-135
-136
-136
-136
-136
-140
-141
-139
-143
-142
-140
-141
-139
-142
-149
-143
-140
-136
-139
-147
-145
-145
-140
-145
-145
-144
-147
-146
-152
-147
-145
-147
-151
-151
-149
-150
-152
-151
-153
-158
-157
-156
-165
-163
-159
-163
-165
-166
-163
-167
-169
-171
-169
-168
-175
-185
-178
-177
-177
-180
-181
-184
-182
-183
-186
-184
-183
-184
-186
-186
-182
-186
-185
-185
-186
-191
-189
-186
-188
-188
-185
-188
-188
-186
-187
-186
-181
-186
-192
-189
-187
-188
-188
-188
-187
-188
-190
-188
-189
-190
-189
-188
-186
-185
-188
-191
-191
-187
-186
-180
-183
-189
-186
-184
-186
-183
-182
-179
-182
-187
-183
-187
-185
-187
-187
-181
-179
-179
-182
-184
-180
-180
-181
-184
-177
-174
-167
-158
-155
-153
-151
-159
-168
-176
-176
-183
-180
-178
-179
-183
-175
-177
-175
-172
-173
-174
-175
-175
-176
-177
-178
-172
-174
-174
-170
-169
-168
-178
-178
-172
-167
-170
-171
-172
-168
-168
-170
-171
-168
-166
-167
-165
-160
-160
-159
-165
-161
-160
-160
-158
-157
-158
-156
-158
-155
-154
-161
-157
-147
-151
-153
-152
-150
-149
-153
-153
-150
-154
-154
-154
-150
-146
-147
-151
-150
-150
-149
-154
-153
-153
-156
-150
-148
-152
-151
-148
-149
-149
-147
-148
-150
-140
-142
-146
-145
-144
-141
-140
-143
-145
-144
-140
-136
-138
-141
-140
-139
-137
-140
-142
-141
-133
-136
-134
-133
-135
-133
-133
-134
-133
-129
-127
-125
-129
-131
-119
-123
-120
-120
-120
-125
-117
-117
-124
-115
-112
-113
-114
-109
-109
-116
-116
-113
-109
-106
-104
-112
-115
-109
-115
-106
-101
-103
-106
-105
-107
-104
-107
-106
-105
-102
-99
-100
-98
-99
-101
-99
-92
-89
-84
-76
-76
-67
-66
-73
-80
-88
-89
-96
-96
-97
-92
-87
-87
-88
-91
-91
-83
-86
-87
-88
-87
-90
-88
-84
-79
-81
-85
-85
-86
-81
-84
-78
-80
-79
-77
-76
-76
-76
-70
-72
-72
-67
-63
-62
-57
-59
-55
-53
-53
-55
-52
-45
-48
-47
-46
-46
-45
-41
-46
-43
-40
-38
-38
-41
-41
-40
-35
-26
-22
-31
-25
-25
-28
-31
-27
-23
-26
-23
-24
-26
-26
-23
-18
-18
-17
-16
-14
-12
-9
-9
-8
-6
-5
-4
4
1
1
3
2
-1
-1
5
8
2
0
8
12
9
8
15
16
15
16
19
21
19
21
22
27
29
30
27
27
33
33
32
32
34
37
37
42
37
40
38
37
38
35
34
34
37
35
36
35
34
32
33
36
37
37
36
43
41
31
38
38
37
36
42
40
38
38
37
42
38
41
42
37
36
33
36
41
42
41
38
40
42
42
40
38
42
42
48
55
59
68
68
71
77
68
65
63
58
54
55
56
58
64
62
62
62
64
61
63
64
60
56
55
59
60
61
59
57
60
58
58
54
57
60
58
56
60
59
52
56
58
58
59
54
55
53
55
57
60
58
57
59
56
54
56
58
61
59
60
60
61
63
63
64
60
60
60
62
61
62
61
63
62
58
59
59
57
58
56
55
52
52
56
57
55
54
52
52
52
52
50
46
47
49
50
53
53
55
48
46
53
49
48
46
45
47
46
49
48
50
48
48
45
46
50
50
50
48
46
46
47
49
49
43
41
42
34
41
41
42
41
40
42
40
38
37
40
36
37
43
35
32
35
34
38
40
41
35
29
33
34
35
36
34
33
29
30
29
29
23
20
22
21
25
24
22
20
20
20
17
18
19
17
11
14
11
13
19
17
19
25
25
30
36
41
36
27
26
18
8
8
6
2
2
4
4
6
7
9
7
9
11
8
14
12
5
2
7
6
7
7
8
7
3
4
0
-3
4
0
-1
-1
-3
-5
-1
1
1
-3
-7
-11
-11
-9
-8
-11
-9
-6
-12
-14
-11
-14
-18
-14
-14
-15
-9
-12
-16
-15
-18
-20
-15
-13
-13
-16
-16
-15
-21
-16
-23
-23
-17
-18
-21
-20
-23
-22
-22
-21
-24
-24
-24
-28
-24
-25
-22
-25
-28
-28
-28
-25
-24
-28
-28
-26
-28
-28
-29
-27
-26
-28
-27
-25
-28
-29
-30
-29
-29
-30
-37
-30
-31
-34
-31
-32
-34
-31
-31
-35
-36
-38
-35
-33
-28
-34
-38
-34
-33
-33
-32
-31
-35
-36
-38
-32
-27
-24
-15
-14
-13
-10
-11
-29
-37
-39
-43
-40
-39
-38
-34
-37
-33
-31
-34
-31
-29
-34
-34
-35
-35
-33
-31
-33
-30
-31
-32
-33
-33
-34
-30
-31
-36
-34
-29
-34
-35
-29
-30
-30
-31
-30
-34
-36
-30
-33
-33
-30
-31
-31
-29
-28
-31
-27
-27
-33
-34
-32
-29
-32
-32
-31
-32
-31
-26
-34
-37
-31
-33
-32
-31
-35
-34
-34
-36
-33
-34
-38
-41
-44
-47
-46
-36
-41
-44
-40
-38
-41
-46
-44
-43
-49
-48
-50
-49
-51
-52
-55
-59
-57
-58
-59
-59
-66
-66
-63
-64
-65
-67
-71
-72
-72
-69
-75
-76
-75
-75
-77
-78
-77
-77
-77
-85
-89
-89
-85
-90
-89
-90
-92
-93
-88
-91
-92
-94
-94
-94
-96
-92
-92
-97
-99
-94
-93
-91
-95
-90
-91
-90
-90
-92
-88
-95
-90
-88
-86
-90
-93
-92
-88
-88
-93
-90
-90
-92
-91
-89
-88
-89
-88
-81
-76
-71
-68
-65
-64
-59
-70
-74
-85
-86
-87
-92
-94
-90
-91
-87
-81
-92
-90
-84
-79
-86
-87
-85
-86
-87
-86
-89
-86
-86
-83
-78
-83
-80
-83
-80
-87
-91
-94
-90
-81
-83
-86
-86
-86
-85
-86
-84
-83
-78
-83
-79
-77
-84
-86
-85
-83
-83
-80
-81
-79
-80
-79
-78
-81
-84
-84
-86
-89
-86
-87
-91
-87
-81
-91
-94
-88
-93
-90
-94
-92
-88
-89
-90
-93
-94
-90
-89
-89
-93
-88
-88
-92
-92
-86
-87
-88
-88
-86
-86
-84
-85
-81
-83
-89
-86
-79
-85
-83
-78
-79
-80
-77
-78
-78
-79
-78
-79
-79
-76
-78
-76
-77
-79
-74
-74
-73
-72
-71
-66
-65
-70
-68
-62
-62
-63
-66
-67
-65
-64
-63
-65
-68
-58
-63
-63
-60
-61
-60
-63
-65
-63
-65
-60
-56
-56
-55
-46
-40
-36
-30
-28
-34
-44
-54
-56
-54
-59
-58
-52
-53
-56
-56
-48
-47
-45
-50
-44
-45
-46
-47
-41
-43
-43
-39
-38
-39
-41
-36
-35
-34
-35
-36
-34
-34
-36
-36
-34
-29
-35
-38
-36
-33
-31
-30
-34
-28
-29
-29
-28
-33
-31
-28
-27
-28
-26
-30
-30
-27
-22
-21
-22
-26
-24
-28
-30
-24
-24
-23
-25
-30
-28
-26
-26
-28
-29
-27
-25
-30
-27
-26
-26
-26
-30
-27
-24
-21
-27
-21
-22
-21
-22
-22
-19
-16
-15
-17
-20
-20
-17
-16
-17
-16
-13
-13
-15
-14
-12
-12
-11
-12
-9
-6
-8
-10
-14
-17
-8
-9
-7
-9
-8
-10
-13
-6
-7
-10
-9
-7
-6
-3
-4
-1
-1
-1
0
1
3
1
4
5
2
0
3
6
3
2
2
5
3
-6
2
9
6
8
9
7
8
11
14
16
16
15
12
13
12
10
8
7
9
11
5
12
10
5
7
2
4
3
-1
3
5
-3
1
2
0
2
3
2
0
-4
-3
0
5
10
12
16
24
27
26
12
-1
-7
-7
-11
-10
-12
-9
-10
-8
-7
-7
-7
-9
-12
-12
-11
-10
-10
-11
-15
-15
-13
-7
-7
-11
-8
-10
-12
-8
-11
-11
-7
-8
-11
-13
-14
-11
-10
-11
-15
-18
-11
-5
-3
-6
-8
-7
-8
-5
-4
-6
-5
-6
-8
-6
-3
-6
-4
4
-4
-6
-4
1
-1
-5
-7
-1
-4
-7
-10
-13
-13
-16
-18
-19
-15
-22
-26
-21
-13
-18
-21
-16
-19
-21
-20
-21
-23
-13
-17
-18
-21
-20
-20
-17
-16
-18
-23
-23
-16
-16
-23
-22
-20
-19
-15
-16
-14
-14
-22
-10
-10
-8
-7
-10
-10
-11
-10
-12
-7
-9
-10
-12
-7
-7
-5
-7
-12
-12
-7
-10
-12
-8
-12
-18
-17
-14
-9
-14
-15
-10
-14
-18
-13
-11
-17
-16
-18
-17
-19
-17
-14
-18
-13
-9
-10
-14
-14
-9
-11
-9
-11
-14
-13
-12
-13
-11
-8
-13
-12
-9
-6
-8
-8
-10
-8
-4
-5
-7
-4
0
4
8
14
21
21
14
11
8
0
-7
-13
-15
-14
-16
-14
-11
-11
-7
-10
-10
-6
-6
-9
-13
-11
-7
-5
-12
-13
-6
-4
-4
-1
-5
-9
-7
-8
-9
-11
-8
0
-3
-5
1
-5
-9
-7
-8
-8
-5
-6
-5
-6
-8
-11
-12
-14
-10
-5
-10
-17
-13
-7
-9
-10
-10
-12
-10
-8
-9
-12
-16
-15
-11
-1
-5
-14
-22
-12
-14
-17
-18
-18
-15
-19
-21
-22
-17
-14
-15
-20
-22
-20
-16
-20
-25
-21
-19
-22
-23
-19
-16
-19
-21
-18
-14
-15
-19
-22
-24
-23
-21
-21
-19
-17
-19
-24
-21
-19
-21
-22
-24
-21
-16
-26
-26
-23
-24
-25
-18
-19
-22
-22
-26
-22
-24
-25
-25
-25
-28
-30
-30
-30
-30
-30
-30
-33
-34
-32
-31
-37
-33
-28
-29
-33
-30
-43
-33
-26
-31
-33
-32
-25
-31
-32
-27
-27
-28
-28
-29
-29
-24
-24
-29
-26
-27
-25
-26
-26
-29
-23
-23
-28
-27
-30
-29
-26
-30
-28
-27
-28
-29
-29
-29
-28
-34
-28
-24
-22
-15
-10
-8
-7
-4
-13
-21
-30
-44
-34
-35
-43
-38
-39
-37
-31
-30
-33
-35
-36
-37
-39
-29
-31
-38
-39
-37
-36
-35
-36
-37
-31
-32
-33
-35
-37
-32
-34
-36
-39
-34
-34
-35
-37
-34
-32
-36
-43
-37
-37
-37
-35
-35
-36
-35
-37
-31
-31
-33
-36
-37
-39
-37
-33
-33
-31
-30
-33
-31
-31
-32
-33
-31
-36
-38
-39
-44
-41
-36
-37
-38
-43
-41
-41
-44
-40
-45
-47
-49
-53
-48
-48
-50
-55
-52
-46
-47
-48
-53
-52
-51
-55
-52
-52
-51
-49
-49
-51
-50
-50
-51
-53
-50
-51
-53
-50
-50
-53
-53
-52
-51
-50
-49
-50
-46
-48
-47
-45
-45
-47
-46
-40
-43
-39
-37
-34
-35
-33
-31
-29
-28
-28
-30
-31
-35
-31
-26
-22
-30
-29
-29
-29
-25
-26
-29
-30
-31
-31
-34
-33
-33
-33
-33
-35
-35
-37
-35
-34
-37
-40
-38
-39
-40
-43
-39
-40
-44
-38
-34
-38
-30
-23
-19
-20
-19
-27
-38
-45
-49
-50
-52
-51
-49
-48
-46
-49
-48
-49
-49
-49
-54
-49
-46
-48
-46
-50
-53
-51
-53
-52
-51
-51
-52
-49
-49
-49
-49
-50
-51
-49
-51
-49
-52
-46
-43
-45
-47
-49
-51
-51
-47
-48
-49
-47
-49
-50
-45
-44
-49
-45
-41
-47
-47
-43
-44
-41
-45
-51
-43
-41
-40
-40
-39
-39
-38
-41
-44
-37
-40
-47
-47
-46
-41
-43
-44
-44
-50
-49
-48
-46
-43
-49
-49
-47
-49
-48
-47
-49
-51
-50
-48
-51
-50
-46
-53
-50
-47
-49
-50
-50
-49
-48
-45
-48
-47
-44
-49
-52
-51
-51
-49
-45
-46
-47
-48
-44
-46
-46
-44
-45
-47
-50
-50
-50
-52
-48
-45
-41
-43
-44
-48
-54
-49
-45
-44
-46
-47
-49
-50
-50
-51
-49
-46
-49
-49
-49
-47
-49
-48
-47
-49
-48
-54
-56
-53
-40
-46
-47
-48
-51
-49
-43
-50
-49
-47
-46
-45
-47
-50
-46
-49
-44
-43
-41
-37
-32
-26
-20
-13
-20
-27
-33
-39
-44
-44
-51
-53
-50
-43
-40
-47
-48
-45
-39
-40
-43
-44
-43
-45
-38
-44
-46
-44
-39
-38
-38
-38
-40
-39
-41
-38
-38
-37
-38
-39
-38
-40
-43
-43
-38
-36
-36
-35
-34
-35
-36
-33
-36
-31
-26
-30
-26
-27
-29
-19
-13
-17
-16
-15
-14
-15
-12
-11
-12
-5
-4
-7
-5
-4
-5
-5
-4
-7
-8
-6
-9
-12
-16
-17
-15
-20
-19
-16
-17
-21
-19
-24
-24
-22
-18
-20
-27
-19
-13
-19
-23
-20
-19
-19
-22
-20
-20
-19
-17
-20
-21
-24
-20
-20
-19
-21
-18
-19
-18
-16
-17
-18
-21
-16
-14
-16
-20
-14
-14
-16
-16
-13
-15
-16
-15
-14
-11
-12
-15
-9
-10
-8
-13
-14
-9
-7
-9
-7
-7
-8
-9
-12
-11
-9
-7
-12
-11
-9
-10
-11
-8
-11
-11
-9
-10
-10
-6
-6
-10
-9
-14
-13
-15
-9
-6
-12
-13
-4
-7
-9
-8
-6
-11
-11
-12
-14
-7
-5
-4
-9
-10
-9
-6
-7
-8
-7
-10
-8
-7
-4
-7
-10
-5
-7
-9
-8
-6
-8
-8
-9
-8
-10
-12
-16
-10
-7
-7
-7
-5
-4
-8
-9
-7
-6
-6
-7
2
0
4
10
15
14
22
21
12
5
-1
-7
-9
-8
-10
-12
-8
-1
-3
-3
-5
-3
-5
-1
-1
-3
-6
-5
-5
-6
-5
-8
-9
-3
-1
-8
-7
-3
-7
-7
-8
-8
-5
-7
-7
0
4
-8
-13
-10
-6
-10
-7
-7
-6
-6
-6
-4
-3
-4
-3
0
2
4
4
0
-7
-8
-6
-5
-4
-5
2
-1
-3
2
2
-5
-6
-4
-5
-7
-14
-14
-9
-4
-5
-8
-12
-13
-9
-8
-10
-10
-15
-14
-12
-12
-14
-13
-15
-16
-15
-13
-14
-13
-21
-19
-18
-19
-22
-20
-19
-17
-17
-17
-18
-24
-21
-18
-23
-26
-23
-18
-19
-24
-25
-25
-24
-28
-30
-27
-31
-33
-31
-33
-34
-33
-33
-35
-34
-31
-38
-39
-38
-32
-35
-36
-28
-33
-36
-35
-30
-33
-33
-32
-33
-33
-36
-32
-37
-34
-31
-32
-35
-33
-32
-35
-32
-32
-35
-35
-32
-32
-32
-33
-35
-34
-40
-39
-39
-38
-33
-35
-33
-32
-37
-37
-35
-39
-38
-38
-37
-38
-40
-38
-35
-36
-32
-36
-36
-35
-30
-21
-15
-9
-15
-23
-34
-43
-46
-44
-48
-47
-49
-47
-41
-37
-38
-37
-39
-39
-43
-47
-39
-40
-41
-37
-33
-38
-44
-38
-36
-36
-38
-39
-47
-47
-40
-39
-43
-38
-35
-39
-43
-47
-41
-44
-43
-43
-43
-44
-46
-43
-41
-37
-41
-46
-46
-44
-48
-49
-49
-47
-48
-43
-36
-37
-46
-45
-37
-39
-46
-46
-44
-45
-45
-44
-43
-43
-48
-48
-45
-50
-50
-54
-57
-51
-53
-57
-52
-52
-57
-59
-49
-50
-53
-54
-50
-50
-55
-59
-57
-48
-54
-55
-56
-50
-52
-52
-52
-53
-54
-54
-55
-54
-52
-48
-50
-47
-50
-57
-52
-46
-52
-52
-51
-48
-47
-47
-47
-49
-47
-41
-47
-52
-48
-47
-53
-50
-52
-54
-53
-53
-51
-51
-53
-51
-53
-53
-54
-60
-59
-58
-59
-58
-56
-57
-54
-51
-53
-55
-57
-56
-56
-55
-56
-58
-57
-53
-57
-61
-54
-57
-56
-53
-55
-56
-56
-55
-52
-57
-54
-55
-55
-58
-61
-52
-55
-51
-51
-54
-53
-53
-55
-55
-54
-53
-49
-50
-56
-54
-45
-41
-32
-29
-25
-28
-29
-36
-45
-52
-54
-54
-54
-59
-56
-54
-54
-52
-53
-50
-52
-57
-56
-49
-47
-52
-49
-53
-55
-55
-52
-51
-55
-54
-50
-53
-51
-51
-48
-51
-51
-49
-49
-45
-43
-46
-49
-49
-48
-51
-50
-49
-48
-48
-49
-40
-39
-48
-44
-44
-39
-47
-47
-44
-40
-41
-36
-39
-43
-41
-37
-35
-38
-44
-44
-39
-38
-33
-34
-43
-40
-39
-44
-41
-40
-43
-43
-45
-41
-45
-47
-45
-45
-39
-39
-41
-43
-46
-41
-43
-45
-46
-46
-39
-41
-43
-35
-40
-45
-45
-44
-43
-41
-44
-41
-43
-41
-44
-40
-40
-40
-34
-34
-36
-38
-39
-38
-41
-43
-37
-35
-37
-34
-36
-33
-37
-36
-34
-34
-36
-37
-34
-34
-34
-31
-29
-31
-32
-33
-31
-28
-29
-29
-26
-30
-30
-26
-25
-28
-27
-24
-22
-26
-27
-31
-27
-23
-21
-26
-23
-23
-27
-27
-23
-26
-27
-27
-28
-30
-25
-27
-27
-29
-32
-31
-28
-26
-27
-30
-32
-29
-24
-24
-24
-23
-19
-6
-3
-3
-3
-14
-23
-25
-28
-32
-33
-32
-29
-23
-31
-27
-25
-28
-30
-29
-33
-28
-26
-36
-33
-31
-29
-33
-35
-32
-28
-29
-28
-28
-29
-32
-34
-30
-33
-33
-28
-29
-30
-33
-32
-31
-26
-30
-30
-25
-23
-25
-26
-23
-24
-26
-22
-22
-22
-21
-24
-26
-27
-25
-29
-24
-22
-23
-22
-21
-19
-21
-23
-17
-24
-27
-25
-21
-21
-23
-24
-27
-27
-29
-25
-27
-28
-26
-26
-28
-27
-26
-28
-28
-28
-30
-26
-23
-24
-23
-25
-33
-26
-26
-28
-24
-22
-26
-23
-25
-26
-26
-27
-31
-30
-26
-24
-27
-28
-30
-30
-19
-24
-25
-26
-29
-25
-25
-24
-24
-27
-27
-26
-28
-26
-25
-26
-28
-27
-29
-27
-26
-23
-24
-24
-26
-26
-35
-34
-29
-22
-23
-24
-25
-25
-27
-28
-28
-26
-22
-24
-27
-30
-28
-25
-23
-24
-26
-25
-25
-21
-19
-19
-19
-21
-19
-20
-23
-24
-22
-25
-22
-18
-12
-5
2
4
7
7
3
-14
-23
-26
-27
-31
-33
-33
-28
-24
-19
-21
-21
-19
-21
-21
-22
-22
-23
-22
-24
-24
-22
-24
-22
-22
-23
-22
-20
-18
-21
-17
-21
-19
-18
-18
-24
-18
-17
-15
-19
-16
-13
-11
-12
-11
-13
-11
-8
-8
-8
-7
-12
-11
-7
-4
-7
-7
-7
-6
-5
-7
-7
-5
-4
-5
-5
-8
-8
-9
-10
-9
-6
-7
-13
-12
-16
-14
-12
-15
-20
-19
-14
-15
-12
-11
-17
-19
-13
-15
-20
-19
-19
-20
-21
-17
-16
-13
-14
-17
-17
-18
-18
-21
-25
-26
-19
-21
-16
-16
-17
-20
-18
-17
-14
-19
-16
-14
-14
-21
-15
-13
-14
-13
-13
-17
-16
-10
-12
-11
-13
-18
-20
-17
-16
-17
-17
-19
-19
-13
-13
-15
-17
-17
-24
-16
-15
-13
-16
-19
-21
-19
-18
-13
-13
-20
-16
-16
-19
-22
-16
-13
-10
-3
3
4
10
4
-5
-13
-19
-21
-22
-24
-23
-21
-25
-23
-19
-17
-16
-19
-19
-16
-16
-16
-22
-19
-17
-18
-18
-16
-12
-17
-19
-17
-19
-19
-20
-16
-17
-22
-19
-19
-22
-20
-18
-17
-18
-17
-17
-19
-19
-18
-23
-18
-11
-14
-14
-15
-14
-16
-11
-11
-16
-15
-15
-11
-12
-10
-11
-15
-15
-13
-13
-16
-14
-19
-14
-14
-20
-22
-19
-21
-21
-19
-19
-17
-19
-20
-21
-24
-23
-22
-24
-20
-21
-28
-26
-25
-19
-21
-25
-23
-24
-27
-27
-26
-24
-27
-24
-24
-25
-23
-20
-21
-24
-27
-27
-27
-32
-25
-22
-17
-22
-23
-22
-24
-26
-25
-25
-22
-24
-23
-22
-23
-26
-24
-28
-30
-24
-25
-24
-18
-23
-25
-24
-24
-22
-26
-27
-24
-23
-22
-21
-22
-24
-22
-25
-22
-19
-26
-24
-25
-29
-23
-19
-21
-26
-23
-23
-20
-22
-28
-29
-24
-24
-29
-28
-26
-27
-26
-24
-20
-22
-19
-26
-25
-25
-23
-25
-23
-22
-24
-25
-27
-24
-20
-19
-17
-17
-19
-18
-19
-23
-22
-20
-23
-21
-24
-19
-16
-20
-21
-18
-16
-12
-8
-1
0
1
1
-8
-18
-20
-28
-24
-19
-28
-28
-25
-23
-21
-27
-25
-25
-25
-23
-23
-26
-22
-20
-23
-26
-28
-23
-21
-27
-29
-23
-24
-23
-22
-25
-25
-26
-25
-24
-26
-23
-22
-24
-23
-24
-27
-29
-25
-27
-26
-23
-23
-25
-27
-20
-19
-27
-23
-21
-23
-27
-29
-28
-23
-24
-28
-23
-22
-30
-28
-29
-32
-33
-28
-29
-36
-34
-35
-32
-34
-29
-31
-35
-37
-34
-33
-35
-35
-39
-37
-33
-38
-37
-38
-43
-39
-34
-38
-44
-39
-37
-40
-37
-36
-37
-41
-40
-32
-36
-38
-41
-39
-39
-39
-33
-39
-44
-38
-35
-35
-36
-32
-33
-35
-35
-39
-37
-35
-35
-36
-37
-33
-37
-38
-39
-43
-37
-37
-36
-39
-43
-38
-34
-30
-34
-35
-35
-35
-35
-40
-37
-38
-38
-36
-34
-33
-39
-40
-35
-35
-36
-38
-38
-32
-33
-33
-34
-32
-36
-37
-34
-40
-41
-36
-32
-34
-39
-43
-40
-41
-35
-36
-38
-34
-36
-35
-39
-38
-38
-37
-34
-34
-33
-36
-34
-39
-37
-36
-35
-35
-36
-36
-36
-34
-32
-34
-38
-29
-36
-39
-35
-31
-36
-36
-32
-33
-34
-35
-36
-30
-29
-28
-30
-34
-34
-33
-32
-32
-31
-27
-22
-14
-9
-8
-5
-12
-24
-31
-33
-28
-31
-36
-36
-35
-31
-29
-36
-37
-32
-30
-30
-32
-33
-31
-33
-32
-32
-32
-37
-31
-29
-28
-29
-29
-33
-28
-28
-24
-27
-31
-30
-33
-30
-26
-28
-24
-24
-30
-25
-21
-27
-27
-22
-22
-22
-28
-24
-19
-20
-20
-17
-18
-20
-20
-16
-14
-19
-20
-17
-14
-20
-18
-17
-15
-17
-18
-17
-17
-16
-18
-19
-18
-16
-21
-22
-22
-20
-18
-20
-23
-21
-18
-19
-16
-17
-20
-21
-19
-20
-18
-21
-19
-18
-19
-22
-17
-17
-20
-22
-20
-17
-17
-18
-20
-14
-14
-15
-15
-19
-17
-13
-14
-17
-15
-11
-10
-12
-18
-16
-13
-16
-13
-12
-12
-12
-14
-18
-15
-17
-12
-13
-15
-12
-14
-13
-8
-8
-12
-14
-14
-12
-11
-9
-10
-7
-8
-12
-9
-9
-6
-1
2
12
19
19
15
9
3
0
-3
-10
-10
-11
-14
-15
-17
-9
-6
-7
-10
-9
-5
-8
-12
-13
-10
-10
-11
-10
-11
-4
-7
-7
-9
-7
-5
-10
-11
-8
-9
-6
-9
-9
-7
-7
-5
-5
-5
-6
-10
-12
-1
-4
-5
-7
-6
-5
-6
-1
-3
-7
-7
-5
2
-1
-4
0
0
1
0
0
2
1
0
4
-1
0
1
-4
-6
-5
-4
-6
-8
-10
-12
-4
-3
-7
-8
-6
-4
-8
-7
-6
-11
-3
-6
-5
-5
-6
-8
-6
-7
-12
-14
-6
1
-6
-7
-3
-1
-3
-7
-10
-5
-3
-1
-5
-10
-9
0
1
-3
-7
-7
-8
-4
-5
-4
0
-1
-3
0
-3
-1
-5
2
-6
-6
-8
-7
-4
0
-6
-5
1
1
-12
-12
-7
-1
-6
-6
-7
-4
-3
-5
-1
0
-6
0
1
-6
-3
-1
0
-3
0
2
0
-4
-5
-3
0
2
-1
-1
-5
-5
-7
-5
0
2
2
-1
-1
0
-4
-4
-1
-1
-3
-6
-8
-3
-3
1
3
-4
-9
2
0
4
1
-6
-1
-6
-12
-1
-1
-4
-4
-1
-5
-4
-1
-1
-3
-1
-1
-1
0
-3
0
0
2
8
14
21
22
29
24
16
10
-4
-8
-12
-12
-7
-6
-8
-3
3
0
-4
-5
-3
-1
-5
-5
-9
-3
-1
-4
-7
-4
-4
1
2
2
2
-1
-5
-6
-8
-5
-1
-4
0
0
1
0
0
0
-1
2
0
4
2
0
1
3
0
0
0
-4
3
2
3
4
4
5
4
6
4
4
6
3
4
2
-1
1
4
3
-4
-3
2
3
3
6
4
-4
-4
-4
-3
-4
0
-4
-7
-5
-1
2
-5
-3
1
-1
-4
-4
